1,1.000000,0.139207,0.063485,0.000000,0.000000,0.200000,0.980373,0.104167,0.798787,0.607899,0.434994,0.349306,0.451302,0.955882,0.087723,0.421777,0.177683,0.163808,0.075724,0.075724
1,1.000000,0.226270,0.083762,0.000000,0.000000,0.200000,0.977429,0.250000,0.437908,0.168129,0.159174,0.095839,0.034997,0.689655,0.009418,0.270115,0.589327,0.516289,0.711884,0.711884
1,1.000000,0.371925,0.046951,0.000000,0.000000,0.000000,0.917566,0.520833,0.860628,0.642854,0.388821,0.442623,0.486028,0.424757,0.037230,0.220927,0.134466,0.237521,0.078303,0.078303
1,0.000000,0.205907,0.014662,0.000000,0.000000,0.000000,0.869480,0.000000,1.000000,0.840511,0.538275,0.459016,0.794357,0.951087,0.164993,0.413409,0.082181,0.097007,0.000000,0.000000
1,1.000000,0.763712,0.680549,0.466667,0.428571,0.733333,0.824338,0.437500,0.524398,0.625359,0.623329,0.892812,0.540152,0.597015,0.621021,0.274643,0.083635,0.145416,0.086403,0.086403
1,1.000000,0.831268,0.458119,0.200000,0.000000,0.466667,0.612365,0.791667,0.443541,0.561125,0.601458,0.559899,0.468801,0.226064,0.432390,0.038705,0.068123,0.150093,0.104304,0.104304
1,1.000000,0.652850,0.561379,0.466667,0.428571,0.466667,0.972522,0.833333,0.836227,0.754958,0.634265,0.609079,0.609740,0.363372,0.011672,0.048907,0.059675,0.114257,0.054466,0.054466
1,1.000000,0.744144,0.655592,0.466667,0.428571,0.733333,0.986261,0.750000,0.807575,0.789702,0.600243,0.554855,0.739691,0.545213,0.005372,0.295564,0.114466,0.145263,0.040650,0.040650
1,1.000000,0.789652,0.586336,0.466667,0.428571,0.466667,0.966634,0.312500,0.672915,0.585584,0.520049,0.436318,0.462697,0.917969,0.365801,0.523695,0.240487,0.208446,0.106930,0.106930
1,1.000000,0.694123,0.543909,0.466667,0.428571,0.466667,0.984298,0.645833,0.611964,0.623587,0.623329,0.528373,0.516278,0.545213,0.527683,0.327455,0.134105,0.140844,0.087294,0.087294
1,1.000000,0.988633,0.563563,0.466667,0.000000,0.733333,0.962709,0.416667,0.868714,0.961153,0.980559,0.769231,0.912235,0.721154,0.454921,0.388135,0.002669,0.000000,0.012382,0.012382
1,1.000000,0.917496,0.917954,0.733333,1.000000,1.000000,0.687929,0.229167,0.815709,1.000000,1.000000,1.000000,1.000000,0.913462,0.562684,0.424640,0.006197,0.017577,0.009786,0.009786
1,1.000000,0.995182,0.868819,0.733333,1.000000,1.000000,0.818449,0.187500,0.920155,0.968278,0.827461,0.930643,0.896093,1.000000,0.114564,0.238330,0.000000,0.086466,0.018775,0.018775
1,1.000000,0.919960,0.879894,0.733333,1.000000,1.000000,0.940137,0.604167,0.903738,0.650611,0.411908,0.205549,0.524959,0.913462,0.026663,1.000000,0.511976,0.335119,0.113691,0.113691
1,0.000000,0.759590,0.817345,0.466667,1.000000,0.733333,0.998037,0.250000,0.732559,0.720792,0.660996,0.583859,0.584645,0.758929,0.000000,0.474579,0.155492,0.146148,0.073290,0.073290
1,1.000000,0.723012,0.781313,0.466667,1.000000,0.733333,0.930324,0.729167,0.921729,0.738114,0.511543,0.514502,0.604314,0.712209,0.434128,0.530943,0.228683,0.211073,0.085043,0.085043
1,1.000000,0.779181,0.753549,0.466667,1.000000,0.733333,0.944063,0.375000,0.849866,0.714820,0.530984,0.518285,0.541508,0.790441,0.250154,0.555157,0.223899,0.206214,0.091093,0.091093
1,1.000000,0.845828,0.832787,0.466667,1.000000,1.000000,0.849853,0.812500,0.823827,0.687052,0.569866,0.529634,0.496880,0.284091,0.582180,0.319447,0.203141,0.198557,0.110322,0.110322
1,1.000000,0.824299,0.799719,0.466667,0.428571,0.733333,0.948970,0.708333,0.801124,0.813570,0.775213,0.798235,0.633478,0.859375,0.247646,0.101043,0.031584,0.097646,0.063933,0.063933
1,1.000000,0.388130,0.225082,0.200000,0.000000,0.200000,0.978410,0.666667,0.670407,0.555795,0.477521,0.465322,0.393652,0.528846,0.171190,0.205712,0.162436,0.184125,0.101676,0.101676
1,1.000000,0.292512,0.105912,0.000000,0.000000,0.200000,0.996075,0.312500,0.934877,0.593206,0.251519,0.099622,0.442349,0.594262,0.000893,0.656598,0.429113,0.368001,0.075541,0.075541
1,1.000000,0.526346,0.144907,0.000000,0.000000,0.200000,0.909715,0.145833,0.711846,0.478173,0.243013,0.131148,0.257596,0.872642,0.040929,0.588900,0.421624,0.380088,0.203822,0.203822
1,1.000000,0.871360,0.289970,0.000000,0.000000,0.466667,0.985280,0.270833,0.875743,0.669634,0.476306,0.469105,0.475176,0.812500,0.101799,0.236613,0.156575,0.192303,0.079994,0.079994
1,1.000000,0.938002,0.574793,0.466667,0.428571,0.733333,0.977429,0.291667,0.565872,0.541018,0.541920,0.452711,0.447911,0.735294,0.009418,0.530704,0.252204,0.156956,0.119218,0.119218
1,1.000000,0.707162,0.375136,0.200000,0.000000,0.466667,0.244357,0.083333,0.420037,0.412251,0.454435,0.452711,0.306023,1.000000,0.468588,0.322957,0.237279,0.223479,0.216113,0.216113
1,1.000000,0.768418,0.576977,0.466667,0.428571,0.466667,1.000000,0.666667,0.514516,0.420397,0.397327,0.254729,0.230602,0.859375,0.269387,0.527478,0.368817,0.284585,0.252408,0.252408
1,1.000000,0.854611,0.828732,0.466667,1.000000,1.000000,0.977429,0.645833,0.750023,0.679042,0.617254,0.694830,0.546934,0.941558,0.284783,0.423614,0.160427,0.170252,0.101156,0.101156
1,1.000000,0.734560,0.950710,0.733333,1.000000,1.000000,0.941119,0.604167,0.782001,0.796342,0.691373,0.829760,0.738063,0.800000,0.269387,0.428223,0.122920,0.150898,0.039431,0.039431
1,1.000000,0.946086,0.737950,0.466667,0.428571,1.000000,0.917566,0.645833,0.815727,0.773326,0.600243,0.583859,0.652740,0.689655,0.037230,0.418504,0.146074,0.157362,0.045194,0.045194
1,1.000000,0.925794,0.920449,0.733333,1.000000,1.000000,0.912659,0.791667,0.611295,0.555681,0.515188,0.508197,0.451302,0.758929,0.266331,0.603098,0.320602,0.258481,0.158679,0.158679
1,1.000000,0.895641,0.764155,0.466667,0.428571,1.000000,0.979392,0.437500,0.775316,0.592624,0.473876,0.495586,0.432447,0.833333,0.370873,0.564441,0.294349,0.225044,0.139467,0.139467
1,1.000000,0.940005,0.767275,0.466667,0.428571,1.000000,0.890088,0.750000,0.856289,0.683992,0.538275,0.564943,0.496473,0.517241,0.322573,0.496194,0.220463,0.167267,0.107587,0.107587
1,1.000000,0.932504,0.821557,0.466667,0.428571,1.000000,0.938175,0.229167,0.670996,0.530868,0.462940,0.481715,0.350787,0.921053,0.276036,0.769482,0.377583,0.253467,0.192626,0.192626
1,1.000000,0.814975,0.973483,0.733333,1.000000,1.000000,0.822375,0.270833,0.693746,0.652950,0.609964,0.547289,0.563077,0.885417,1.000000,0.817692,0.281661,0.190658,0.094324,0.094324
1,1.000000,0.786691,0.963500,0.733333,1.000000,1.000000,0.960746,0.270833,0.756961,0.735780,0.652491,0.624212,0.634428,0.886076,0.708272,0.549965,0.179394,0.161270,0.076354,0.076354
1,1.000000,1.000000,1.000000,1.000000,1.000000,1.000000,0.817468,0.458333,0.842881,0.647180,0.504253,0.504414,0.360282,0.833333,0.099360,0.795867,0.355795,0.261720,0.186813,0.186813
1,1.000000,0.814444,0.737950,0.466667,0.428571,0.733333,0.753680,0.687500,0.930702,0.775268,0.534629,0.549811,0.593326,0.758929,0.351574,0.557162,0.213590,0.189812,0.073758,0.073758
1,1.000000,0.786735,0.837155,0.466667,1.000000,0.733333,0.925417,0.479167,0.951338,0.779780,0.575942,0.580076,0.519126,0.913462,0.561321,0.531963,0.199176,0.171519,0.105305,0.105305
1,1.000000,0.912612,0.810014,0.466667,0.428571,1.000000,0.945044,0.708333,0.792449,0.549308,0.400972,0.336696,0.309550,0.712209,0.024378,0.641298,0.412200,0.350675,0.257326,0.257326
1,1.000000,0.818849,0.529247,0.200000,0.428571,0.466667,0.966634,0.625000,0.973231,0.787466,0.513973,0.451450,0.682583,0.807927,0.243143,0.492078,0.209593,0.178907,0.048238,0.048238
1,1.000000,0.698175,0.339729,0.200000,0.000000,0.200000,0.948970,0.500000,0.807662,0.578751,0.393682,0.494325,0.295849,0.357143,0.074771,0.184483,0.202235,0.285562,0.183643,0.183643
1,1.000000,0.229076,0.031352,0.000000,0.000000,0.000000,0.505397,0.458333,0.703613,0.470373,0.227217,0.136192,0.273060,0.552885,0.249251,0.356828,0.343713,0.387376,0.180953,0.180953
1,1.000000,0.126361,0.015754,0.000000,0.000000,0.000000,0.527969,0.354167,0.558876,0.312369,0.183475,0.094578,0.121134,0.535714,0.236618,0.386516,0.493615,0.457373,0.377861,0.377861
1,1.000000,0.166180,0.077835,0.000000,0.000000,0.200000,0.000000,1.000000,0.000000,0.030313,0.205346,0.075662,0.009631,0.000000,0.570411,0.029461,0.552030,0.451513,0.865531,0.865531
1,1.000000,0.141552,0.072532,0.000000,0.000000,0.200000,0.958783,0.812500,0.357524,0.147359,0.224787,0.205549,0.042187,0.073529,0.018007,0.000000,0.437802,0.394815,0.666234,0.666234
1,1.000000,0.110795,0.048510,0.000000,0.000000,0.000000,0.724239,0.208333,0.511166,0.316219,0.245443,0.199243,0.103635,0.758929,0.131970,0.313062,0.380341,0.367686,0.429227,0.429227
1,1.000000,0.047206,0.018250,0.000000,0.000000,0.000000,0.894014,0.104167,0.579739,0.151420,0.000000,0.000000,0.016685,0.955882,0.048363,0.850529,1.000000,1.000000,0.797901,0.797901
1,1.000000,0.000000,0.005459,0.000000,0.000000,0.000000,0.752699,0.083333,0.651695,0.342420,0.211422,0.090794,0.064026,1.000000,0.117530,0.614127,0.525613,0.399110,0.551403,0.551403
1,1.000000,0.101567,0.042583,0.000000,0.000000,0.000000,0.889107,0.104167,0.352284,0.059735,0.105711,0.085750,0.005697,0.955882,0.050696,0.173911,0.715090,0.631182,0.929153,0.929153
1,1.000000,0.233545,0.056933,0.000000,0.000000,0.000000,0.951914,0.083333,0.848486,0.394305,0.145808,0.070618,0.057515,1.000000,0.021188,0.681076,0.642633,0.525550,0.589270,0.589270
1,1.000000,0.287121,0.015754,0.000000,0.000000,0.000000,0.531894,0.125000,0.822738,0.376548,0.070474,0.030265,0.048698,0.913462,0.234434,0.839908,0.727312,0.709893,0.616914,0.616914
1,1.000000,0.247182,0.181095,0.200000,0.000000,0.200000,0.776251,0.270833,0.222142,0.000000,0.071689,0.085750,0.004883,0.847458,0.214953,0.167861,0.834575,0.742039,1.000000,1.000000
1,1.000000,0.049848,0.019186,0.000000,0.000000,0.000000,0.870461,0.354167,0.461459,0.240931,0.183475,0.121059,0.054124,0.535714,0.059606,0.255588,0.508001,0.451513,0.643928,0.643928
1,1.000000,0.125635,0.057089,0.000000,0.000000,0.000000,0.764475,0.166667,0.350618,0.050901,0.068044,0.075662,0.000000,1.000000,0.111606,0.348084,0.830601,0.733184,0.953445,0.953445
1,1.000000,0.005851,0.000000,0.000000,0.000000,0.000000,0.873405,0.125000,0.658515,0.381132,0.246659,0.121059,0.109740,0.913462,0.058195,0.398319,0.405481,0.350692,0.415667,0.415667
2,0.500000,0.219444,0.381548,1.000000,1.000000,0.200000,0.878334,0.131579,0.439946,0.203461,0.038700,0.018844,0.080862,1.000000,0.051995,0.865139,0.781451,0.876684,0.577924,0.577924
2,1.000000,0.797518,0.829393,1.000000,1.000000,0.600000,0.862424,0.184211,0.439465,0.208207,0.247678,0.059045,0.099637,0.910088,0.160726,0.848862,0.750294,0.545106,0.570343,0.570343
2,0.500000,0.106976,0.371813,1.000000,1.000000,0.200000,0.817033,0.131579,0.371171,0.178763,0.235294,0.082915,0.090676,1.000000,0.184212,0.678354,0.644311,0.463977,0.543908,0.543908
2,0.500000,0.558791,0.678720,1.000000,1.000000,0.600000,0.975199,0.815789,0.241844,0.151806,0.295666,0.430905,0.031790,0.203325,0.106359,0.184640,0.492908,0.424596,0.755929,0.755929
2,1.000000,0.407107,0.613352,1.000000,1.000000,0.600000,0.786149,0.394737,0.368995,0.164833,0.267802,0.263819,0.025603,0.605769,0.200767,0.300074,0.554571,0.441807,0.780931,0.780931
2,1.000000,0.665734,0.683820,1.000000,1.000000,0.200000,0.865232,0.552632,0.515020,0.261810,0.263158,0.184673,0.027736,0.424917,0.171500,0.379263,0.563777,0.475632,0.784029,0.784029
2,0.500000,0.460365,0.675012,1.000000,1.000000,0.600000,0.952737,0.605263,0.542515,0.309345,0.320433,0.457286,0.161724,0.744732,0.116760,0.175713,0.397963,0.420876,0.446777,0.446777
2,1.000000,0.442461,0.702364,1.000000,1.000000,0.600000,0.993449,0.289474,0.673083,0.359510,0.301858,0.413317,0.156390,0.747951,0.098055,0.292886,0.448994,0.441807,0.424034,0.424034
2,0.500000,0.528614,0.688456,1.000000,1.000000,0.600000,0.845578,0.184211,0.438601,0.268128,0.481424,0.384422,0.119693,0.910088,0.138028,0.367679,0.426555,0.321705,0.495884,0.495884
2,0.500000,0.322263,0.499305,1.000000,1.000000,0.200000,0.547964,0.210526,0.383411,0.242482,0.328173,0.104271,0.106465,0.923507,0.346631,0.496662,0.503865,0.389010,0.511939,0.511939
2,0.500000,0.337797,0.483078,1.000000,1.000000,0.200000,0.901731,0.131579,0.439101,0.198108,0.218266,0.050251,0.085342,1.000000,0.041481,0.832597,0.730432,0.547957,0.586814,0.586814
2,0.500000,0.293617,0.472879,1.000000,1.000000,0.200000,0.760412,0.157895,0.473317,0.204748,0.020124,0.025126,0.053766,0.954241,0.214933,0.806813,0.856839,0.943040,0.661816,0.661816
2,0.500000,0.293867,0.478442,1.000000,1.000000,0.200000,0.676182,0.131579,0.299815,0.062784,0.000000,0.000000,0.000853,1.000000,0.263827,0.747588,1.000000,1.000000,0.917403,0.917403
2,0.500000,0.147542,0.379694,1.000000,1.000000,0.200000,0.922789,0.157895,0.680996,0.313543,0.253870,0.089196,0.118839,0.954241,0.064037,0.656752,0.590219,0.441807,0.476220,0.476220
2,1.000000,0.415696,0.630042,1.000000,1.000000,0.600000,0.860552,0.500000,0.561036,0.309015,0.286378,0.167085,0.170472,0.851449,0.161675,0.451672,0.516656,0.428353,0.420743,0.420743
2,0.500000,0.171819,0.358368,1.000000,1.000000,0.200000,0.695835,0.131579,0.460897,0.251356,0.258514,0.120603,0.158737,1.000000,0.252057,0.498849,0.527152,0.430242,0.394002,0.394002
2,1.000000,0.000000,0.382476,1.000000,1.000000,0.200000,0.986898,0.263158,0.575138,0.341436,0.315789,0.219849,0.189674,0.786458,0.101021,0.410813,0.422843,0.369259,0.353164,0.353164
2,0.500000,0.535528,0.523412,1.000000,1.000000,0.200000,0.880206,0.157895,0.404607,0.154342,0.185759,0.060302,0.066140,0.954241,0.051146,0.716612,0.760948,0.686324,0.629601,0.629601
2,1.000000,0.473882,0.621697,1.000000,1.000000,0.200000,0.827796,0.131579,0.391729,0.169464,0.210526,0.030151,0.069981,1.000000,0.196457,0.848951,0.796988,0.610319,0.626024,0.626024
2,1.000000,0.349626,0.532684,1.000000,1.000000,0.200000,0.970519,0.157895,0.418043,0.152545,0.035604,0.015075,0.072328,0.954241,0.108509,0.824282,0.844873,0.901465,0.620742,0.620742
2,0.500000,0.530418,0.704682,1.000000,1.000000,0.600000,0.700515,0.131579,0.439329,0.198973,0.168731,0.050251,0.092810,1.000000,0.249288,0.918275,0.791849,0.645062,0.609975,0.609975
2,0.500000,0.184865,0.387112,1.000000,1.000000,0.200000,0.970051,0.210526,0.562121,0.243756,0.075851,0.015075,0.097930,0.867457,0.108725,0.860749,0.757115,0.758494,0.525095,0.525095
2,0.500000,0.368781,0.442281,1.000000,1.000000,0.200000,0.936827,0.368421,0.554987,0.302958,0.348297,0.125628,0.097290,0.639648,0.156709,0.537356,0.508776,0.352101,0.526714,0.526714
2,0.500000,0.351187,0.491887,1.000000,1.000000,0.200000,1.000000,0.131579,0.704005,0.460416,0.527864,0.542714,0.161297,1.000000,0.095106,0.225223,0.271105,0.211724,0.396092,0.396092
2,1.000000,0.407107,0.613352,1.000000,1.000000,0.600000,0.903603,0.289474,0.598417,0.416789,0.495356,0.487437,0.179006,0.816964,0.246806,0.385873,0.345023,0.231370,0.392304,0.392304
2,0.500000,0.493778,0.640241,1.000000,1.000000,0.600000,0.695835,0.473684,0.518952,0.344319,0.311146,0.331658,0.159804,0.851449,0.171839,0.495626,0.460482,0.415361,0.416846,0.416846
2,0.500000,0.395387,0.475197,1.000000,1.000000,0.200000,0.978474,0.210526,0.581640,0.324823,0.270898,0.239950,0.133774,0.978376,0.051783,0.526095,0.501231,0.437912,0.451811,0.451811
2,0.500000,0.324572,0.466389,1.000000,1.000000,0.200000,0.977539,0.157895,0.597143,0.219123,0.097523,0.055276,0.016428,0.954241,0.024102,0.540617,0.763231,0.735351,0.823962,0.823962
2,1.000000,0.410080,0.618915,1.000000,1.000000,0.600000,0.994853,0.131579,0.274748,0.087507,0.030960,0.040201,0.027096,1.000000,0.097422,0.781426,0.906872,0.927344,0.831912,0.831912
2,1.000000,0.344483,0.527121,1.000000,1.000000,0.200000,0.867103,0.131579,0.622283,0.221136,0.010836,0.013819,0.043311,1.000000,0.158359,0.841466,0.935743,0.965426,0.760869,0.760869
2,0.500000,0.868209,1.000000,1.000000,1.000000,0.866667,0.777258,0.868421,0.494076,0.326313,0.411765,0.190955,0.110092,0.292508,0.202729,0.459416,0.507170,0.383407,0.520288,0.520288
2,0.500000,0.473101,0.726936,1.000000,1.000000,0.600000,0.874123,0.394737,0.400198,0.221242,0.365325,0.193467,0.106465,0.886949,0.292798,0.461935,0.513964,0.364743,0.522949,0.522949
2,0.500000,0.522846,0.523876,1.000000,0.000000,0.600000,0.890501,0.368421,0.657598,0.471826,0.532508,0.462312,0.243226,0.639648,0.115471,0.417506,0.328703,0.237713,0.294161,0.294161
2,0.500000,0.305939,0.446917,1.000000,1.000000,0.200000,0.864764,0.500000,0.543441,0.347234,0.484520,0.502513,0.134841,0.480072,0.126877,0.163924,0.308097,0.232389,0.433034,0.433034
2,1.000000,0.539639,0.837738,1.000000,1.000000,0.600000,0.802527,0.815789,0.415151,0.266319,0.442724,0.174623,0.113719,0.468750,0.191928,0.440620,0.495967,0.356480,0.524558,0.524558
2,1.000000,0.503035,0.802503,1.000000,1.000000,0.600000,0.981282,0.447368,0.441481,0.184537,0.286378,0.154523,0.072114,0.923507,0.110668,0.410209,0.604427,0.449719,0.651504,0.651504
2,1.000000,0.327896,0.510431,1.000000,1.000000,0.200000,0.790828,0.815789,0.517840,0.347655,0.482972,0.491206,0.108812,0.177469,0.198227,0.189220,0.338124,0.245527,0.498745,0.498745
2,0.500000,0.139099,0.360223,1.000000,1.000000,0.200000,0.872251,0.342105,0.674263,0.418431,0.484520,0.481156,0.144442,0.674603,0.155768,0.236944,0.314032,0.230351,0.416469,0.416469
2,0.500000,0.243938,0.410292,1.000000,1.000000,0.200000,0.946186,0.263158,0.539219,0.293925,0.314241,0.204774,0.115426,0.816964,0.119833,0.384091,0.451492,0.370859,0.505959,0.505959
2,0.500000,0.399253,0.595271,1.000000,1.000000,0.600000,0.971455,0.289474,0.325605,0.147779,0.202786,0.099246,0.024536,0.747951,0.108078,0.495764,0.686952,0.580875,0.792382,0.792382
2,1.000000,0.379014,0.568846,1.000000,1.000000,0.200000,0.691624,0.236842,0.331453,0.147024,0.222910,0.114322,0.027096,0.826271,0.254560,0.398715,0.632166,0.521921,0.794522,0.794522
2,1.000000,0.652944,0.763561,1.000000,1.000000,0.600000,0.613009,0.210526,0.041523,0.000000,0.051084,0.065327,0.000000,0.988137,0.303266,0.417696,0.925468,0.906571,1.000000,1.000000
2,0.500000,0.426195,0.579045,1.000000,1.000000,0.600000,0.937295,0.236842,0.524412,0.195233,0.100619,0.070352,0.024109,0.961174,0.025913,0.566429,0.741502,0.731604,0.818370,0.818370
2,1.000000,0.570188,0.763561,1.000000,1.000000,0.600000,0.961161,0.157895,0.230129,0.119005,0.252322,0.155779,0.024749,1.000000,0.112836,0.484994,0.647154,0.543477,0.809548,0.809548
2,1.000000,0.628887,0.761706,1.000000,1.000000,0.600000,0.225082,0.236842,0.020041,0.025266,0.212074,0.089196,0.014295,0.826271,1.000000,0.387570,0.774466,0.606013,0.890118,0.890118
2,0.500000,0.083020,0.385257,1.000000,1.000000,0.200000,0.927468,0.157895,0.189017,0.052938,0.143963,0.080402,0.010881,0.954241,0.128709,0.341827,0.735318,0.609187,0.851758,0.851758
2,0.000000,0.617979,0.687297,1.000000,1.000000,0.600000,0.937763,0.026316,0.710725,0.371247,0.255418,0.094221,0.104971,0.949755,0.025712,0.733354,0.629313,0.518794,0.461811,0.461811
2,1.000000,0.433096,0.671766,1.000000,1.000000,0.600000,0.777258,0.131579,0.386714,0.134540,0.100619,0.080402,0.017709,1.000000,0.205622,0.508496,0.766240,0.739152,0.852989,0.852989
2,1.000000,0.647970,0.759852,1.000000,1.000000,0.600000,0.934488,0.184211,0.244319,0.087711,0.091331,0.085427,0.017709,0.910088,0.125363,0.522671,0.816281,0.780484,0.894002,0.894002
2,1.000000,0.000000,0.382476,1.000000,1.000000,0.200000,0.000000,0.368421,0.000000,0.042414,0.148607,0.105528,0.016855,0.639648,0.879119,0.340269,0.680646,0.600516,0.819480,0.819480
2,0.000000,0.657080,0.447149,1.000000,0.000000,0.200000,0.999064,0.105263,0.942422,0.685815,0.540248,0.430905,0.347557,0.954241,0.000000,0.613252,0.313168,0.194239,0.191800,0.191800
2,0.500000,0.506891,0.642096,1.000000,1.000000,0.600000,0.988301,0.131579,0.587156,0.327877,0.273994,0.054020,0.104758,1.000000,0.100384,1.000000,0.703058,0.469920,0.512955,0.512955
2,0.500000,0.502632,0.307835,1.000000,0.000000,0.200000,0.988769,0.157895,0.969075,0.770999,0.698142,0.618090,0.343930,0.923507,0.038990,0.310865,0.160567,0.105742,0.184758,0.184758
2,0.000000,0.678185,0.516690,1.000000,0.000000,0.466667,0.979410,0.263158,0.852335,0.590660,0.602167,0.501256,0.271176,0.786458,0.039612,0.519379,0.304456,0.178227,0.260922,0.260922
2,0.500000,1.000000,0.627260,0.000000,0.000000,1.000000,0.791296,0.394737,0.420610,0.260377,0.334365,0.084171,0.122466,0.621449,0.250698,0.560409,0.519402,0.359169,0.474754,0.474754
2,0.500000,0.510342,0.515531,1.000000,0.000000,0.466667,0.994385,0.815789,0.199908,0.094580,0.244582,0.075377,0.064007,0.173993,0.001915,0.545809,0.675151,0.516193,0.585066,0.585066
2,0.500000,0.704074,0.338897,0.000000,0.000000,0.200000,0.445016,0.184211,0.274130,0.233518,0.486068,0.477387,0.114359,0.685307,0.445975,0.411289,0.363167,0.257654,0.434472,0.434472
2,0.500000,0.565653,0.292536,0.000000,0.000000,0.466667,0.997192,0.605263,0.653676,0.488382,0.563467,0.562814,0.268402,0.602169,0.000765,0.199659,0.204432,0.160388,0.249187,0.249187
2,0.500000,0.303884,0.097357,0.000000,0.000000,0.000000,0.970519,0.157895,1.000000,1.000000,1.000000,1.000000,1.000000,0.725446,0.011803,0.017664,0.000000,0.000000,0.000000,0.000000
2,0.500000,0.550193,0.159017,0.000000,0.000000,0.000000,0.944314,1.000000,0.968419,0.903905,0.891641,0.888191,0.692767,0.482048,0.022898,0.132028,0.045857,0.023128,0.058224,0.058224
2,0.500000,0.125761,0.000000,0.000000,0.000000,0.000000,0.994385,0.000000,0.843375,0.688486,0.715170,0.820352,0.355025,1.000000,0.001915,0.031008,0.069110,0.078490,0.167006,0.167006
2,0.500000,0.340660,0.089013,0.000000,0.000000,0.000000,0.980346,0.842105,0.939033,0.815442,0.873065,0.891960,0.392362,0.000000,0.007707,0.054738,0.056224,0.030555,0.150319,0.150319
2,0.500000,0.302125,0.074641,0.000000,0.000000,0.000000,0.964436,0.210526,0.849323,0.798295,0.869969,0.879397,0.497546,0.646552,0.014356,0.000000,0.029151,0.024836,0.107530,0.107530
