1,60.0,1.60902952117,60.468,60.0,60.0,60.0
1,60.0,5.77731287018,61.784,60.0,60.0,60.0
1,60.0,4.19145034564,60.912,60.0,60.0,60.0
1,60.0,0.0,60.0,60.0,60.0,60.0
1,60.0,0.92270038474,60.068,60.0,60.0,60.0
1,60.0,3.36387633542,61.156,60.0,60.0,60.0
1,54.0,3.2462033208,61.142,60.0,60.0,60.0
1,60.0,2.40400998334,61.144,60.0,60.0,60.0
1,60.0,14.1085408175,71.226,60.0,60.0,90.0
1,60.0,12.9703161103,79.43,90.0,66.0,90.0
1,60.0,7.77689295284,64.456,60.0,60.0,66.0
1,60.0,10.0911644521,66.82,60.0,60.0,82.0
1,60.0,10.0406047627,64.516,60.0,60.0,60.0
1,60.0,7.04644591266,63.46,60.0,60.0,66.0
1,60.0,1.62785257318,60.436,60.0,60.0,60.0
1,60.0,4.70144658589,61.62,60.0,60.0,60.0
1,60.0,4.79256757907,61.536,60.0,60.0,60.0
1,60.0,2.27996842083,60.588,60.0,60.0,60.0
1,60.0,5.32706298067,61.12,60.0,60.0,60.0
1,60.0,4.41687491333,61.404,60.0,60.0,60.0
1,60.0,2.11461580435,60.82,60.0,60.0,60.0
1,60.0,5.9569710424,61.864,60.0,60.0,60.0
1,60.0,4.3375108069,61.3,60.0,60.0,60.0
1,60.0,3.84046663831,61.104,60.0,60.0,60.0
1,60.0,4.90565551175,61.388,60.0,60.0,60.0
1,60.0,1.87222220903,60.472,60.0,60.0,60.0
1,60.0,2.01189562354,60.326,60.0,60.0,60.0
1,60.0,2.04391389251,60.804,60.0,60.0,60.0
1,60.0,2.17713205847,60.936,60.0,60.0,60.0
1,60.0,2.49918066574,60.436,60.0,60.0,60.0
1,54.0,2.22758972883,60.438,60.0,60.0,60.0
1,60.0,1.43921645349,60.284,60.0,60.0,60.0
1,60.0,4.95318241134,61.728,60.0,60.0,60.0
1,60.0,3.58007597685,60.916,60.0,60.0,60.0
1,60.0,2.29226176516,60.744,60.0,60.0,60.0
1,60.0,3.25939626311,61.156,60.0,60.0,60.0
1,60.0,3.27360107527,60.756,60.0,60.0,60.0
1,60.0,2.64291959772,60.824,60.0,60.0,60.0
1,60.0,3.47038672197,61.304,60.0,60.0,60.0
1,60.0,7.13288160563,62.9,60.0,60.0,60.0
1,60.0,4.10823757833,61.372,60.0,60.0,60.0
1,60.0,3.06988208243,60.732,60.0,60.0,60.0
1,60.0,2.83544423327,61.016,60.0,60.0,60.0
1,60.0,2.7912405844,60.676,60.0,60.0,60.0
1,60.0,2.7161708341,60.804,60.0,60.0,60.0
1,60.0,2.69511855027,60.844,60.0,60.0,60.0
1,60.0,6.11929930629,62.776,60.0,60.0,60.0
1,60.0,3.93631502804,61.868,60.0,60.0,60.0
1,60.0,2.0695274823,60.584,60.0,60.0,60.0
1,60.0,5.21667940361,61.484,60.0,60.0,60.0
1,60.0,6.11286217741,62.446,60.0,60.0,60.0
1,60.0,4.73866605702,62.638,60.0,60.0,66.0
1,60.0,5.70256468617,62.766,60.0,60.0,66.0
1,60.0,8.52272702836,63.182,60.0,60.0,60.0
1,60.0,9.23463285681,63.166,60.0,60.0,60.0
1,60.0,8.81563406682,63.814,60.0,60.0,66.0
1,60.0,7.88875123198,63.598,60.0,60.0,66.0
1,60.0,3.12289865349,61.252,60.0,60.0,60.0
1,60.0,3.22504201523,61.152,60.0,60.0,60.0
1,60.0,5.26399240121,62.628,60.0,60.0,66.0
1,60.0,3.40659125813,61.056,60.0,60.0,60.0
1,60.0,6.76641589026,62.296,60.0,60.0,60.0
1,60.0,8.64391948135,64.216,60.0,60.0,66.0
1,60.0,7.66420876542,64.352,60.0,60.0,66.0
1,60.0,2.99818345002,61.836,60.0,60.0,66.0
1,60.0,2.40895329967,61.212,60.0,60.0,60.0
1,60.0,11.1747400865,82.072,90.0,74.0,90.0
1,60.0,11.7028570871,78.056,82.0,66.0,90.0
1,60.0,11.1305640468,74.612,74.0,66.0,90.0
1,60.0,9.12675188662,69.72,66.0,66.0,74.0
1,60.0,7.90209187494,69.212,66.0,66.0,74.0
1,60.0,9.32204612733,72.616,66.0,66.0,82.0
1,60.0,9.22967301696,69.556,66.0,64.5,74.0
1,60.0,9.37206999547,69.548,66.0,66.0,74.0
1,60.0,6.47874555759,67.184,66.0,66.0,66.0
1,60.0,8.37890207605,69.9,66.0,66.0,74.0
1,60.0,6.70390453393,66.608,66.0,60.0,66.0
1,60.0,9.74954439961,71.372,66.0,66.0,78.0
1,60.0,10.3568520314,73.296,66.0,66.0,82.0
1,60.0,9.0636601878,69.508,66.0,66.0,74.0
1,60.0,8.75009119952,69.648,66.0,66.0,74.0
1,60.0,9.38044263348,70.464,66.0,66.0,74.0
1,60.0,7.00862440141,68.572,66.0,66.0,66.0
1,60.0,6.12873102689,66.784,66.0,60.0,66.0
1,60.0,9.08005638749,72.024,66.0,66.0,78.0
1,60.0,7.20068774493,68.436,66.0,66.0,68.0
1,60.0,7.57856345226,69.376,66.0,66.0,74.0
1,60.0,6.46689539114,66.792,66.0,60.0,66.0
1,60.0,9.76977461357,69.252,66.0,60.0,78.0
1,60.0,7.44935326052,66.944,66.0,60.0,66.0
1,60.0,8.40283380771,67.872,66.0,60.0,66.0
1,60.0,10.1368997233,71.792,66.0,66.0,82.0
1,60.0,9.36709133082,70.36,66.0,66.0,74.0
1,60.0,8.68095755087,68.676,66.0,66.0,74.0
1,60.0,7.20474843419,68.46,66.0,66.0,74.0
1,60.0,6.86750493265,68.624,66.0,66.0,74.0
1,60.0,7.09633821065,67.728,66.0,66.0,66.0
1,60.0,5.77511766114,65.004,66.0,60.0,66.0
1,60.0,6.16832683959,62.912,60.0,60.0,66.0
1,60.0,4.59986912857,65.302,66.0,60.0,66.0
1,60.0,3.94485741187,60.89,60.0,60.0,60.0
1,60.0,2.8866284832,60.876,60.0,60.0,60.0
1,60.0,6.19304642321,62.776,60.0,60.0,60.0
1,60.0,5.3623129338,62.16,60.0,60.0,60.0
1,60.0,4.74614580476,61.69,60.0,60.0,60.0
1,60.0,3.53631390009,62.478,60.0,60.0,66.0
1,60.0,3.30997039262,62.064,60.0,60.0,66.0
1,60.0,2.93305574444,61.928,60.0,60.0,66.0
1,60.0,4.57141159818,62.486,60.0,60.0,66.0
1,60.0,3.22421525336,61.794,60.0,60.0,66.0
1,60.0,3.31050207672,62.024,60.0,60.0,66.0
1,60.0,3.20253587021,62.042,60.0,60.0,66.0
1,60.0,3.03040855331,61.932,60.0,60.0,66.0
1,60.0,3.16834341573,61.84,60.0,60.0,66.0
1,60.0,2.87747875752,61.954,60.0,60.0,66.0
1,60.0,3.26084406251,62.164,60.0,60.0,66.0
1,60.0,3.65474540837,61.906,60.0,60.0,66.0
1,60.0,3.90718517606,62.148,60.0,60.0,66.0
1,60.0,3.00916666205,62.054,60.0,60.0,66.0
1,60.0,2.84859544337,61.752,60.0,60.0,66.0
1,60.0,3.6934856166,62.142,60.0,60.0,66.0
1,60.0,2.78969532387,61.76,60.0,60.0,66.0
1,60.0,2.90549479435,61.99,60.0,60.0,66.0
1,60.0,3.42486145705,62.018,60.0,60.0,66.0
1,60.0,3.04299589221,61.724,60.0,60.0,66.0
1,60.0,3.7762515806,62.618,60.0,60.0,66.0
1,60.0,3.06755603046,61.69,60.0,60.0,66.0
1,60.0,2.8256673548,61.598,60.0,60.0,66.0
1,60.0,2.99315485734,62.032,60.0,60.0,66.0
1,60.0,2.79603934164,61.642,60.0,60.0,66.0
1,60.0,2.92431188487,61.78,60.0,60.0,66.0
1,60.0,2.53194865667,61.394,60.0,60.0,60.0
1,60.0,3.52386151828,61.88,60.0,60.0,66.0
1,60.0,2.92929752671,61.404,60.0,60.0,60.0
1,60.0,3.53473959437,61.796,60.0,60.0,66.0
1,60.0,3.51250281139,61.982,60.0,60.0,66.0
1,60.0,3.09060253025,61.724,60.0,60.0,66.0
1,60.0,3.29901500451,61.65,60.0,60.0,60.0
1,60.0,2.53952042717,61.406,60.0,60.0,60.0
1,60.0,2.88572417254,61.686,60.0,60.0,66.0
1,60.0,2.79792708983,61.598,60.0,60.0,66.0
1,60.0,3.66311561379,61.828,60.0,60.0,66.0
1,60.0,2.69399331848,61.68,60.0,60.0,66.0
1,60.0,2.85650415718,61.872,60.0,60.0,66.0
1,60.0,3.39060997462,61.542,60.0,60.0,60.0
1,60.0,3.65713330356,61.624,60.0,60.0,60.0
1,60.0,3.58049382069,61.992,60.0,60.0,66.0
1,60.0,3.59176613938,61.596,60.0,60.0,60.0
1,60.0,3.55652414585,61.944,60.0,60.0,66.0
1,60.0,2.76823120422,61.664,60.0,60.0,66.0
1,60.0,3.3365245391,61.902,60.0,60.0,66.0
1,60.0,2.9098975927,61.636,60.0,60.0,66.0
1,60.0,4.51255847608,62.604,60.0,60.0,66.0
1,60.0,3.75638123731,62.36,60.0,60.0,66.0
1,60.0,3.74501855803,62.094,60.0,60.0,66.0
1,60.0,3.68611665578,62.112,60.0,60.0,66.0
1,60.0,3.1044967386,61.79,60.0,60.0,66.0
1,60.0,4.34246750132,62.824,60.0,60.0,66.0
1,60.0,2.84715928603,61.822,60.0,60.0,66.0
1,60.0,3.13909222547,61.81,60.0,60.0,66.0
1,60.0,3.5967896797,62.152,60.0,60.0,66.0
1,60.0,3.42555105056,62.16,60.0,60.0,66.0
1,60.0,2.99080992375,61.916,60.0,60.0,66.0
1,60.0,3.6052600461,62.09,60.0,60.0,66.0
1,60.0,4.79658878788,63.144,60.0,60.0,66.0
1,60.0,5.15360029494,63.398,60.0,60.0,66.0
1,60.0,2.89936820704,61.608,60.0,60.0,66.0
1,60.0,2.8428682699,61.51,60.0,60.0,60.0
1,60.0,3.61165668357,61.544,60.0,60.0,60.0
1,60.0,3.08748376514,61.538,60.0,60.0,60.0
1,60.0,3.40446765295,61.84,60.0,60.0,66.0
1,60.0,3.40682315361,61.834,60.0,60.0,66.0
1,60.0,2.83135585895,61.368,60.0,60.0,60.0
1,60.0,2.73577484454,61.756,60.0,60.0,66.0
1,60.0,3.42193863183,61.656,60.0,60.0,60.0
1,60.0,3.67652879766,61.944,60.0,60.0,66.0
2,60.0,6.68846290264,71.092,66.0,66.0,78.0
2,60.0,7.16354660765,72.34,66.0,66.0,78.0
2,60.0,5.7373387559,68.712,66.0,66.0,66.0
2,60.0,7.85380315516,71.924,66.0,66.0,78.0
2,66.0,8.38054890804,73.68,70.0,66.0,78.0
2,66.0,6.22395372733,69.88,66.0,66.0,78.0
2,66.0,8.76174959697,72.912,66.0,66.0,78.0
2,66.0,10.3225764226,73.304,66.0,66.0,78.0
2,66.0,9.38936930789,72.912,66.0,66.0,78.0
2,66.0,9.68490454264,72.432,66.0,66.0,78.0
2,66.0,5.86950900843,69.192,66.0,66.0,66.0
2,66.0,5.82010309187,69.48,66.0,66.0,78.0
2,66.0,5.55254752343,68.904,66.0,66.0,66.0
2,66.0,6.4504957949,70.152,66.0,66.0,78.0
2,66.0,7.18048911983,68.976,66.0,66.0,66.0
2,60.0,7.32130152364,66.612,66.0,60.0,66.0
2,60.0,5.2286885545,68.396,66.0,66.0,66.0
2,60.0,7.4224513471,71.596,66.0,66.0,78.0
2,66.0,6.98221282976,71.448,66.0,66.0,78.0
2,66.0,7.71864858638,73.592,78.0,66.0,78.0
2,66.0,8.91798721686,72.752,66.0,66.0,78.0
2,66.0,9.25816396485,71.88,66.0,66.0,78.0
2,66.0,7.06812563556,72.24,66.0,66.0,78.0
2,66.0,6.93069231751,71.752,66.0,66.0,78.0
2,66.0,6.03776912444,69.312,66.0,66.0,66.0
2,60.0,7.19522508335,70.144,66.0,66.0,78.0
2,66.0,6.31975189386,69.144,66.0,66.0,66.0
2,60.0,5.49893953413,68.608,66.0,66.0,66.0
2,66.0,5.89844182814,68.872,66.0,66.0,66.0
2,66.0,6.21790447016,69.608,66.0,66.0,78.0
2,66.0,7.66539861977,71.608,66.0,66.0,78.0
2,66.0,6.54172576619,69.768,66.0,66.0,78.0
2,66.0,9.07590744774,73.648,66.0,66.0,78.0
2,60.0,9.45290304615,73.432,66.0,66.0,78.0
2,66.0,6.80469955252,69.992,66.0,66.0,78.0
2,66.0,6.15022080904,69.528,66.0,66.0,78.0
2,66.0,8.86115116675,73.0,66.0,66.0,78.0
2,66.0,7.29491219961,71.984,66.0,66.0,78.0
2,66.0,5.92939254899,68.952,66.0,66.0,66.0
2,66.0,6.4759246444,70.28,66.0,66.0,78.0
2,66.0,7.20566443848,70.92,66.0,66.0,78.0
2,66.0,6.79257948058,72.192,66.0,66.0,78.0
2,66.0,6.80133633928,70.768,66.0,66.0,78.0
2,66.0,5.29739558651,68.44,66.0,66.0,66.0
2,66.0,8.48710645627,71.968,66.0,66.0,78.0
2,66.0,9.89719637069,72.248,66.0,66.0,78.0
2,66.0,8.45354363566,70.96,66.0,66.0,78.0
2,66.0,5.7397644551,69.152,66.0,66.0,66.0
2,66.0,7.18827489736,71.552,66.0,66.0,78.0
2,66.0,7.57226095694,72.192,66.0,66.0,78.0
2,60.0,6.37728970645,69.776,66.0,66.0,78.0
2,66.0,7.36097384862,70.992,66.0,66.0,78.0
2,66.0,6.43157710053,70.104,66.0,66.0,78.0
2,66.0,8.28724320869,71.84,66.0,66.0,78.0
2,60.0,8.77538739886,74.024,78.0,66.0,78.0
2,60.0,7.45089417453,71.724,66.0,66.0,78.0
2,60.0,6.55878037443,70.32,66.0,66.0,78.0
2,66.0,6.56487623646,69.52,66.0,66.0,66.0
2,66.0,6.18632815166,69.688,66.0,66.0,78.0
2,66.0,6.72732457965,70.152,66.0,66.0,78.0
2,66.0,8.09503156263,71.592,66.0,66.0,78.0
2,66.0,7.17618728853,70.344,66.0,66.0,78.0
2,66.0,8.16025097653,72.048,66.0,66.0,78.0
2,66.0,6.74222515198,69.88,66.0,66.0,78.0
2,60.0,6.28808524115,70.228,66.0,66.0,78.0
2,66.0,8.18184917974,72.312,66.0,66.0,78.0
2,66.0,7.00708669848,71.856,66.0,66.0,78.0
2,66.0,6.39104874023,70.136,66.0,66.0,78.0
2,66.0,6.16306936518,69.976,66.0,66.0,78.0
2,66.0,7.21376018454,70.392,66.0,66.0,78.0
2,66.0,6.94665387075,70.8,66.0,66.0,78.0
2,66.0,6.37685314242,70.088,66.0,66.0,78.0
2,66.0,6.95887807049,71.504,66.0,66.0,78.0
2,60.0,6.62296006329,70.58,66.0,66.0,78.0
2,66.0,6.38426064631,70.096,66.0,66.0,78.0
2,66.0,7.33517116365,71.208,66.0,66.0,78.0
2,66.0,9.52394876089,74.28,66.0,66.0,78.0
2,66.0,6.44096390302,70.728,66.0,66.0,78.0
2,66.0,6.46654900237,70.088,66.0,66.0,78.0
2,66.0,7.20259508788,72.432,66.0,66.0,78.0
2,66.0,8.49728050614,74.832,78.0,66.0,78.0
2,66.0,7.59619273057,73.184,78.0,66.0,78.0
2,66.0,7.34521994225,73.088,78.0,66.0,78.0
2,60.0,6.98844761016,70.96,66.0,66.0,78.0
2,66.0,6.7152173457,70.816,66.0,66.0,78.0
2,66.0,5.24274737137,68.44,66.0,66.0,66.0
2,60.0,7.03215016905,69.808,66.0,66.0,78.0
2,60.0,3.89578438828,62.692,60.0,60.0,66.0
2,60.0,4.49580070733,62.576,60.0,60.0,66.0
2,60.0,3.75259057186,62.492,60.0,60.0,66.0
2,60.0,3.64518915833,62.314,60.0,60.0,66.0
2,60.0,3.67500530612,61.344,60.0,60.0,60.0
2,60.0,5.52240382442,63.084,60.0,60.0,66.0
2,60.0,2.49946874355,60.716,60.0,60.0,60.0
2,60.0,3.36974539098,61.396,60.0,60.0,60.0
2,60.0,3.42747720634,61.82,60.0,60.0,66.0
2,60.0,2.24872941903,60.404,60.0,60.0,60.0
2,60.0,1.41838781721,60.276,60.0,60.0,60.0
2,60.0,0.0,60.0,60.0,60.0,60.0
2,60.0,0.534505378832,60.048,60.0,60.0,60.0
2,60.0,0.596992462264,60.06,60.0,60.0,60.0
2,60.0,1.30598621739,60.08,60.0,60.0,60.0
2,60.0,0.0,60.0,60.0,60.0,60.0
2,60.0,0.812019704194,60.068,60.0,60.0,60.0
2,60.0,2.32507978358,60.502,60.0,60.0,60.0
2,60.0,8.18456987263,65.396,60.0,60.0,66.0
2,60.0,7.46868020469,70.104,66.0,66.0,78.0
2,60.0,7.55292367233,71.312,66.0,66.0,78.0
2,66.0,3.88851848395,67.368,66.0,66.0,66.0
2,66.0,3.59458259051,67.176,66.0,66.0,66.0
2,60.0,5.65913208893,68.668,66.0,66.0,66.0
2,66.0,4.37488102695,67.696,66.0,66.0,66.0
2,66.0,5.59182832354,68.616,66.0,66.0,66.0
2,66.0,6.41695753453,69.216,66.0,66.0,66.0
2,66.0,6.82854713684,68.712,66.0,66.0,66.0
2,60.0,8.27391080445,70.08,66.0,66.0,66.0
2,54.0,9.9680038122,71.07,66.0,66.0,66.0
2,66.0,12.1442503268,73.928,66.0,66.0,88.0
2,66.0,10.583522287,72.584,66.0,66.0,78.0
2,66.0,12.0974470034,74.424,66.0,66.0,86.0
2,66.0,10.8790440757,72.92,66.0,66.0,78.0
2,66.0,10.8692270194,74.648,66.0,66.0,86.0
2,66.0,8.282728053,71.304,66.0,66.0,78.0
2,60.0,6.80047527751,71.256,66.0,66.0,78.0
2,66.0,8.74629064232,75.48,78.0,66.0,78.0
2,66.0,5.62221877909,68.784,66.0,66.0,66.0
2,66.0,5.05486063112,68.128,66.0,66.0,66.0
2,66.0,4.23999245282,67.592,66.0,66.0,66.0
2,66.0,5.67201692522,68.832,66.0,66.0,66.0
2,66.0,8.72645265844,73.032,66.0,66.0,78.0
2,66.0,5.43411446328,68.88,66.0,66.0,66.0
2,66.0,5.15736366761,68.24,66.0,66.0,66.0
2,60.0,5.95871664035,68.736,66.0,66.0,66.0
2,66.0,6.44968712419,69.744,66.0,66.0,78.0
2,66.0,7.23044231012,74.448,78.0,66.0,78.0
2,66.0,7.79244351921,73.232,66.0,66.0,78.0
2,66.0,8.33052795446,72.952,66.0,66.0,78.0
2,66.0,6.02180570925,69.184,66.0,66.0,66.0
2,66.0,5.70383169457,68.952,66.0,66.0,66.0
2,66.0,4.54858219669,67.72,66.0,66.0,66.0
2,66.0,5.14455984512,68.248,66.0,66.0,66.0
2,66.0,4.10638527174,67.64,66.0,66.0,66.0
2,66.0,4.74895525353,68.368,66.0,66.0,66.0
2,60.0,4.95334230596,68.62,66.0,66.0,66.0
2,60.0,4.85503614817,68.068,66.0,66.0,66.0
2,60.0,7.90184889757,72.028,66.0,66.0,78.0
2,60.0,6.13892498732,68.64,66.0,66.0,66.0
2,60.0,3.61494453623,67.276,66.0,66.0,66.0
2,66.0,4.66115865424,68.04,66.0,66.0,66.0
2,66.0,3.83753254058,67.312,66.0,66.0,66.0
2,66.0,3.34258343202,67.056,66.0,66.0,66.0
2,66.0,4.01178264616,67.56,66.0,66.0,66.0
2,66.0,3.7630540788,67.368,66.0,66.0,66.0
2,60.0,4.68768599631,68.24,66.0,66.0,66.0
2,66.0,5.34507773564,68.512,66.0,66.0,66.0
2,66.0,6.18196603032,71.536,66.0,66.0,78.0
2,66.0,6.43671468996,71.552,66.0,66.0,78.0
2,66.0,5.89666210665,70.376,66.0,66.0,78.0
2,66.0,4.64361238692,68.192,66.0,66.0,66.0
2,66.0,4.35490344325,67.896,66.0,66.0,66.0
2,66.0,6.57473467145,70.192,66.0,66.0,78.0
2,66.0,3.24089864081,66.976,66.0,66.0,66.0
2,66.0,3.78439744213,67.344,66.0,66.0,66.0
2,60.0,4.42768743251,67.672,66.0,66.0,66.0
2,66.0,3.47545450265,67.096,66.0,66.0,66.0
2,66.0,5.23849749451,68.488,66.0,66.0,66.0
2,60.0,4.35537185554,67.644,66.0,66.0,66.0
2,66.0,5.67140758542,68.944,66.0,66.0,66.0
2,66.0,6.97465440004,69.514,66.0,66.0,66.0
2,66.0,4.45808209884,67.752,66.0,66.0,66.0
2,66.0,3.39886098568,67.088,66.0,66.0,66.0
2,66.0,4.61978354471,67.96,66.0,66.0,66.0
2,66.0,4.1227874066,67.568,66.0,66.0,66.0
2,66.0,5.17284602516,68.392,66.0,66.0,66.0
2,66.0,6.41324130218,70.344,66.0,66.0,78.0
2,66.0,12.0937008397,73.72,66.0,66.0,94.0
2,66.0,9.04166710292,76.984,78.0,66.0,86.0
2,66.0,11.9381740647,78.2,78.0,66.0,94.0
2,66.0,9.98637151322,71.872,66.0,66.0,78.0
2,66.0,9.54483818616,75.992,78.0,66.0,86.0
2,66.0,8.62389610327,76.304,78.0,66.0,78.0
2,60.0,10.9346421981,74.04,66.0,66.0,80.0
2,66.0,10.8676724279,75.736,66.0,66.0,86.0
2,66.0,12.3398567253,75.544,66.0,66.0,94.0
2,66.0,9.04197854454,73.432,66.0,66.0,78.0
2,66.0,7.91789466967,70.712,66.0,66.0,78.0
2,60.0,10.4327177667,71.68,66.0,66.0,78.0
2,60.0,5.71149577606,69.104,66.0,66.0,74.0
2,66.0,5.58866853553,69.528,66.0,66.0,78.0
2,66.0,5.09148936953,68.856,66.0,66.0,66.0
2,66.0,4.47928565733,68.0,66.0,66.0,66.0
2,60.0,3.32864176504,67.012,66.0,66.0,66.0
2,66.0,4.21455762803,67.752,66.0,66.0,66.0
2,66.0,4.16193032138,67.656,66.0,66.0,66.0
2,66.0,3.19599749687,66.96,66.0,66.0,66.0
2,66.0,5.75894990428,68.136,66.0,66.0,66.0
2,66.0,8.88762195416,69.776,66.0,66.0,66.0
2,66.0,11.5261539119,74.576,66.0,66.0,86.0
2,66.0,9.40435303463,70.512,66.0,66.0,66.0
2,60.0,11.3774682597,75.904,66.0,66.0,86.0
2,66.0,9.41083970749,74.936,78.0,66.0,86.0
2,66.0,10.3283191275,74.768,66.0,66.0,86.0
2,66.0,4.79649872303,68.04,66.0,66.0,66.0
2,66.0,12.404479191,78.336,78.0,66.0,94.0
2,60.0,7.24144847389,70.868,66.0,66.0,78.0
2,60.0,7.96339123741,69.38,66.0,66.0,66.0
2,60.0,7.07926662868,69.772,66.0,66.0,74.0
2,60.0,5.46952429376,68.452,66.0,66.0,66.0
2,60.0,5.99574649231,65.532,66.0,60.0,66.0
2,60.0,6.27369874954,68.552,66.0,66.0,66.0
2,60.0,5.25862947925,67.896,66.0,66.0,66.0
2,60.0,8.13250268982,71.12,66.0,66.0,78.0
2,60.0,8.93268962855,74.084,78.0,66.0,78.0
2,66.0,9.4920058997,73.232,66.0,66.0,80.0
2,66.0,10.1755974763,77.904,78.0,66.0,86.0
2,66.0,6.86966200042,80.088,78.0,78.0,86.0
2,66.0,9.24535256223,77.384,78.0,66.0,78.0
2,66.0,10.850250504,77.992,78.0,66.0,86.0
2,66.0,10.133496139,80.016,78.0,66.0,86.0
2,66.0,8.73560438665,71.904,66.0,66.0,78.0
2,66.0,7.38012899616,76.736,78.0,66.0,78.0
2,66.0,8.19026153429,78.296,78.0,78.0,78.0
2,60.0,11.1277699473,75.144,78.0,66.0,78.0
2,60.0,3.38658766312,62.532,60.0,60.0,66.0
2,60.0,3.69794753884,61.928,60.0,60.0,66.0
2,60.0,2.59998769228,60.992,60.0,60.0,60.0
2,60.0,3.27475861706,61.134,60.0,60.0,60.0
2,60.0,2.60959767014,60.7,60.0,60.0,60.0
2,60.0,5.88771059071,62.308,60.0,60.0,60.0
2,60.0,2.06638912115,60.494,60.0,60.0,60.0
2,60.0,3.55170888447,61.058,60.0,60.0,60.0
2,60.0,3.85346130122,61.406,60.0,60.0,60.0
2,60.0,1.42492105044,60.36,60.0,60.0,60.0
2,60.0,0.596992462264,60.06,60.0,60.0,60.0
2,60.0,1.35114766032,60.28,60.0,60.0,60.0
2,60.0,7.17169882245,65.644,66.0,60.0,66.0
2,60.0,2.90635441748,65.652,66.0,66.0,66.0
2,60.0,8.21129441684,67.262,66.0,60.0,74.0
2,60.0,5.67073046441,65.104,66.0,60.0,66.0
2,60.0,5.48229878792,64.02,60.0,60.0,66.0
2,60.0,3.67903465599,62.552,60.0,60.0,66.0
2,60.0,5.87945575713,64.6,66.0,60.0,66.0
2,60.0,4.45410192968,62.676,60.0,60.0,66.0
2,60.0,6.28871242783,66.064,66.0,60.0,66.0
2,60.0,3.94456791043,63.128,60.0,60.0,66.0
2,60.0,4.6842181845,62.99,60.0,60.0,66.0
2,60.0,4.79381434768,63.188,60.0,60.0,66.0
2,60.0,3.18328383906,61.948,60.0,60.0,66.0
2,60.0,3.87608875027,62.456,60.0,60.0,66.0
2,60.0,2.83096873879,61.204,60.0,60.0,60.0
2,60.0,3.29425196365,61.648,60.0,60.0,60.0
2,60.0,7.64351646822,64.284,60.0,60.0,66.0
2,60.0,3.58764769731,61.972,60.0,60.0,66.0
2,60.0,7.98137231308,66.264,66.0,60.0,66.0
2,60.0,5.31036721894,63.4,60.0,60.0,66.0
2,60.0,4.47114124134,63.336,60.0,60.0,66.0
2,60.0,4.64788812258,62.556,60.0,60.0,66.0
2,60.0,4.29674295252,63.1,60.0,60.0,66.0
2,60.0,3.52890691291,62.104,60.0,60.0,66.0
2,60.0,6.49105723284,64.776,60.0,60.0,66.0
2,60.0,7.24110378326,65.804,66.0,60.0,74.0
2,60.0,5.97394342123,64.6,66.0,60.0,66.0
2,60.0,5.75085245855,63.236,60.0,60.0,66.0
2,60.0,7.85674003643,68.806,66.0,66.0,74.0
2,60.0,6.91488250081,68.58,66.0,66.0,74.0
2,60.0,9.80310073395,75.404,74.0,66.0,82.0
2,60.0,9.41601274426,73.948,74.0,66.0,82.0
2,60.0,9.96195884352,74.124,74.0,66.0,82.0
2,60.0,9.61371936349,74.22,74.0,66.0,82.0
2,60.0,9.84065038501,74.24,74.0,66.0,82.0
2,60.0,9.51648590605,74.636,74.0,66.0,82.0
2,60.0,6.382019743,68.232,66.0,66.0,74.0
2,60.0,8.97882308546,69.856,66.0,60.0,74.0
2,60.0,8.86485194462,69.28,66.0,60.0,74.0
2,60.0,7.93350263125,69.244,66.0,66.0,74.0
2,60.0,8.03617720063,69.684,66.0,66.0,74.0
2,60.0,6.68271920703,67.292,66.0,60.0,74.0
2,60.0,6.71952379265,64.4,60.0,60.0,66.0
2,60.0,9.6759090529,72.972,74.0,66.0,82.0
2,60.0,8.00093094583,68.348,66.0,60.0,74.0
2,60.0,8.80097812746,70.472,66.0,66.0,74.0
2,60.0,7.3930085892,67.368,66.0,66.0,66.0
2,60.0,7.82609378937,70.016,66.0,66.0,74.0
2,60.0,8.33135667224,68.364,66.0,60.0,74.0
2,60.0,8.55810352824,69.308,66.0,66.0,74.0
2,60.0,9.54336963551,73.064,74.0,66.0,82.0
2,60.0,9.17327945721,74.712,74.0,66.0,82.0
2,60.0,9.64251917291,77.232,74.0,66.0,82.0
2,60.0,8.83862342223,71.356,66.0,66.0,82.0
2,60.0,5.81786902568,66.42,66.0,60.0,66.0
2,60.0,7.23867391171,67.24,66.0,60.0,74.0
2,60.0,7.70480992627,67.648,66.0,60.0,74.0
2,60.0,7.54911253062,65.07,60.0,60.0,66.0
2,60.0,5.84143098906,63.322,60.0,60.0,66.0
2,60.0,5.54458294194,61.84,60.0,60.0,60.0
2,60.0,5.47867830777,61.922,60.0,60.0,60.0
2,60.0,3.27153236267,60.726,60.0,60.0,60.0
2,60.0,3.64259852303,60.926,60.0,60.0,60.0
2,60.0,3.85873087945,60.986,60.0,60.0,60.0
2,60.0,3.5140967545,61.182,60.0,60.0,60.0
2,60.0,3.88707139116,61.974,60.0,60.0,66.0
2,60.0,2.38181107563,61.176,60.0,60.0,60.0
2,60.0,2.94297468559,61.43,60.0,60.0,60.0
2,60.0,3.82959841237,61.224,60.0,60.0,60.0
2,60.0,2.96197974335,61.026,60.0,60.0,60.0
2,60.0,3.09415642785,60.986,60.0,60.0,60.0
2,60.0,2.95629227243,60.844,60.0,60.0,60.0
2,60.0,2.95933708793,60.982,60.0,60.0,60.0
2,54.0,5.13983462769,62.11,60.0,60.0,60.0
2,60.0,8.36420851007,71.996,74.0,66.0,74.0
2,60.0,7.05032311316,69.788,66.0,66.0,74.0
2,60.0,7.2424702968,69.568,66.0,66.0,74.0
2,60.0,6.96604220487,69.484,66.0,66.0,74.0
2,60.0,5.35152165276,66.904,66.0,66.0,74.0
2,60.0,8.13212788881,71.636,74.0,66.0,74.0
2,60.0,8.65230605099,71.96,74.0,66.0,82.0
2,60.0,8.60018511429,70.604,66.0,66.0,74.0
2,60.0,9.36364437599,72.142,74.0,66.0,82.0
2,60.0,10.6474890937,73.176,74.0,66.0,82.0
2,60.0,10.8174163274,73.252,74.0,66.0,82.0
2,60.0,10.46295637,74.612,74.0,66.0,82.0
2,60.0,10.796150425,74.056,74.0,66.0,82.0
2,60.0,10.5141436171,76.028,74.0,66.0,85.0
2,60.0,9.0680370533,69.948,66.0,66.0,74.0
2,60.0,9.76042949875,70.504,66.0,60.0,74.0
2,60.0,11.107713356,73.948,74.0,66.0,82.0
2,60.0,8.57661564954,69.608,66.0,66.0,74.0
2,60.0,10.0554341527,70.338,66.0,60.0,75.75
2,60.0,9.87884608646,73.98,74.0,66.0,82.0
2,60.0,9.85230044203,73.724,74.0,66.0,82.0
2,60.0,10.5638296086,76.752,74.0,66.0,90.0
2,60.0,10.7205753577,74.292,74.0,66.0,82.0
2,60.0,9.93931265229,71.508,66.0,66.0,74.0
2,60.0,10.9527660433,73.554,74.0,66.0,82.0
2,60.0,10.7147141819,75.83,74.0,66.0,90.0
2,60.0,10.5690953255,75.332,74.0,66.0,82.0
2,60.0,10.0087193986,71.744,66.0,66.0,76.5
2,60.0,11.0259640848,76.954,74.0,66.0,90.0
2,60.0,11.4377429592,74.994,74.0,66.0,90.0
2,60.0,9.85867820755,77.592,74.0,66.0,90.0
2,60.0,9.60971508423,71.376,66.0,66.0,82.0
2,60.0,11.0167138476,75.996,74.0,66.0,90.0
2,60.0,10.6614961427,75.45,74.0,66.0,82.0
2,60.0,10.443578697,77.108,74.0,66.0,90.0
2,60.0,10.2912592038,74.272,74.0,66.0,82.0
2,60.0,11.0974995382,75.752,74.0,66.0,90.0
2,60.0,9.97841189769,80.536,82.0,74.0,90.0
2,60.0,9.88648592777,80.414,82.0,74.0,90.0
2,60.0,8.82620099477,74.224,74.0,66.0,82.0
2,60.0,10.7962630572,74.552,74.0,66.0,82.0
2,60.0,10.1426623724,74.72,74.0,66.0,82.0
2,60.0,9.81506678531,76.908,74.0,66.0,82.0
2,60.0,10.5172429847,75.46,74.0,66.0,82.0
2,60.0,10.069113963,79.212,82.0,74.0,90.0
2,60.0,9.03582558486,81.816,82.0,74.0,90.0
2,60.0,9.14251147114,82.522,90.0,74.0,90.0
2,60.0,9.77943883871,79.524,82.0,74.0,90.0
2,60.0,10.0689232791,79.972,82.0,74.0,90.0
2,60.0,10.6577781925,76.958,74.0,66.0,90.0
2,60.0,10.5062411927,75.836,74.0,66.0,82.0
2,60.0,10.6678162714,78.264,82.0,66.0,90.0
2,60.0,10.3294925335,73.828,74.0,66.0,82.0
2,60.0,9.5141158286,73.84,74.0,66.0,82.0
2,60.0,9.74785699526,79.722,82.0,74.0,90.0
2,60.0,10.9042164322,77.508,82.0,66.0,90.0
2,60.0,11.1252476826,75.808,74.0,66.0,90.0
2,60.0,10.2540159937,76.034,74.0,66.0,82.0
2,60.0,10.1929387323,77.4,82.0,66.0,90.0
2,60.0,9.18779081172,80.85,82.0,74.0,90.0
2,60.0,10.481006631,77.25,74.0,66.0,90.0
2,60.0,9.49199578592,74.504,74.0,66.0,82.0
2,60.0,9.50123865609,83.408,90.0,82.0,90.0
2,60.0,9.71930264988,79.534,82.0,74.0,90.0
2,60.0,9.68795045404,76.704,74.0,66.0,82.0
2,60.0,9.98499594392,79.684,82.0,74.0,90.0
2,60.0,10.1286721736,81.3,82.0,74.0,90.0
2,60.0,9.68560498885,82.416,90.0,74.0,90.0
2,60.0,9.8899633973,80.932,82.0,74.0,90.0
2,60.0,11.0147675418,78.164,82.0,66.0,90.0
2,60.0,9.83259802901,83.004,90.0,74.0,90.0
2,60.0,8.5476396742,85.184,90.0,82.0,90.0
2,60.0,11.4329005943,77.028,74.0,66.0,90.0
2,60.0,11.2861288314,76.536,74.0,66.0,90.0
2,60.0,10.2130771073,78.416,82.0,66.0,90.0
2,60.0,10.5548265737,78.306,82.0,66.0,90.0
2,60.0,10.255871294,78.348,82.0,66.0,90.0
2,60.0,10.249995122,81.36,82.0,74.0,90.0
2,60.0,10.5544258015,79.064,82.0,66.0,90.0
2,60.0,9.67649854028,80.376,82.0,74.0,90.0
2,60.0,10.1505239274,79.308,82.0,74.0,90.0
2,60.0,8.74347207921,78.764,82.0,74.0,82.0
