1,0.0237491786351,0.196397349797,0.403462049097,0.352113375263,0.544729419043,0.457900573935
1,0.0295501504561,0.318880712069,0.294481671815,0.30680679812,0.293996605243,0.366622580983
1,0.0100517819068,0.206063155814,0.236219108355,0.189179021708,0.281284609851,0.304584961466
1,0.0339027394026,0.380205251587,0.517513446315,0.624149640386,0.346735907261,0.584854540603
1,0.00994923363188,0.394903151612,0.373051139229,0.321478114432,0.328995089759,0.501257620587
1,0.0165978048562,0.241057978891,0.331614011975,0.349309309146,0.36616632643,0.328318331744
1,0.00177954067479,0.312097272853,0.26833664482,0.327847418478,0.226388174189,0.195073811747
1,0.031773218218,0.227925617545,0.523532930008,0.421818973662,0.639329585181,0.584854540603
1,0.0312156783077,0.736200014129,0.717877097798,0.722653938274,0.642764058124,0.664538413298
1,0.412862159789,0.503376087185,0.951272462735,0.918591378782,1.0,0.928159225466
1,1.0,0.345825898556,0.655361643731,0.706069262216,0.676550161029,0.623070275467
1,0.742511115436,0.635580190625,0.814637041172,0.918591378782,0.679056169125,0.891599505779
1,0.00892604783049,0.608463620573,0.555577848699,0.558767137286,0.588605061709,0.613226828608
1,0.0111825816713,0.302362339718,0.12397189683,0.11245716623,0.0509957141712,0.140842858211
1,0.00527682991954,0.252057938923,0.107677462868,0.0804260080074,0.0356132035685,0.162709772963
1,0.00337218458653,0.259340784005,0.0796883026357,0.0404113827466,0.0262796560793,0.133739061909
1,0.00628516320564,0.20247610371,0.0538223691346,0.035238872595,0.0135822848562,0.101719810064
1,0.00138297681269,0.24833942606,0.0968255987464,0.0390292726403,0.0208941266052,0.155903462846
1,0.00168034002175,0.206606623041,0.0629240786537,0.0238039673488,0.0172157920516,0.141480518602
1,0.00477419043715,0.200518401716,0.136585081749,0.112919262653,0.0583802593223,0.18209485445
1,0.00841601593335,0.304203251632,0.136594575311,0.083859065454,0.0364213897501,0.168305924682
1,0.000197093762878,0.313118789558,0.10879553712,0.0785678356552,0.0193313037256,0.159270220524
1,0.00467378431887,0.274142673959,0.0972168972055,0.0387543235605,0.0337745063968,0.164791314406
1,0.00347206565361,0.219743769774,0.09626297702,0.0423732061871,0.0297216188077,0.159270220524
1,0.00177954067479,0.272439102841,0.113818397087,0.0490534749495,0.0323591849101,0.188123394767
1,0.00217674184321,0.115734240492,0.0797791744373,0.0826907321559,0.0257089784419,0.138318377074
1,0.00377195040517,0.354016663909,0.251184412759,0.309176867595,0.167771520181,0.345657513989
1,0.00729758958405,0.400412335576,0.401421193657,0.371085129342,0.312426521379,0.558103526198
1,0.0147101772292,0.506813917803,0.308159889416,0.220537965138,0.268314845636,0.38579809708
1,0.00317254308169,0.422852924993,0.401164284485,0.369547983247,0.321709527372,0.549523012143
1,0.0195622014693,0.320482484449,0.261843865571,0.314028224693,0.229974015856,0.298327980063
1,0.0125255592423,0.498741514271,0.357993924928,0.306784801762,0.306753610231,0.466577094618
1,0.00307278259537,0.383081810628,0.154639945597,0.137893033297,0.0945688658629,0.128430060294
1,0.0085179392964,0.242221358779,0.0917574844761,0.107006105796,0.0745193792898,0.0249558091071
1,0.00177954067479,0.256497026237,0.050578161091,0.0292340906756,0.0353570154191,0.0558404224616
1,0.00557890160846,0.112478202896,0.058284071702,0.100019501633,0.060526560949,0.0120376617143
1,0.0,0.186248901271,0.0856419831906,0.106559562721,0.0595482255248,0.0387689177981
1,0.00367194853859,0.371289417638,0.15562239971,0.131552800648,0.109633964721,0.11499907113
1,0.000789322617681,0.319986320767,0.124018096488,0.102171175204,0.0563498311885,0.117288318999
1,0.0113887285488,0.363926946301,0.146343967373,0.134163730303,0.0788236008116,0.141480518602
1,0.00487463711537,0.107280662132,0.0174109109459,0.0266201635287,0.0394193137627,0.00293679628008
1,0.000394345327008,0.173449596235,0.0752124239506,0.101737001165,0.0721711545758,0.0201687306927
1,0.00719616204691,0.0951993503064,0.0603162246494,0.100485434659,0.0587170446018,0.0182472115584
1,0.0121115732811,0.169795850273,0.0805704276643,0.103037111202,0.0500714280586,0.0571313887374
1,0.00750056822487,0.336466873102,0.0762345021421,0.0567032178043,0.0420650170968,0.022135118572
1,0.0383285126427,0.57071599308,0.329849557707,0.275475234681,0.244787035308,0.415683735361
1,9.85271681202e-05,0.302525732192,0.280128873725,0.312804037168,0.253339559384,0.1946450172
1,0.00608316989662,0.458416186515,0.262489926487,0.289532543409,0.117361755446,0.388887807171
1,0.00118493339238,0.346500655746,0.422874541996,0.383356473763,0.502146451272,0.549523012143
1,0.0121115732811,0.342735533838,0.426628842574,0.384926914935,0.361234254857,0.549523012143
1,0.00148205811464,0.452821391517,0.180218162058,0.126945516706,0.0557549239807,0.310653511981
1,0.0316616152952,0.377100796511,0.581721621208,0.661952737741,0.631041485874,0.584854540603
1,0.00138297681269,0.475447864946,0.414019196135,0.38178603259,0.313465119347,0.566849050138
1,0.0249425283751,0.392241094535,0.229602199439,0.208504717701,0.216352354992,0.164791314406
1,0.00187878115945,0.380746748955,0.211970932158,0.184234911588,0.201154388111,0.157232848779
1,0.00227614189451,0.496554488246,0.272052639319,0.206950872394,0.226535545758,0.357304556131
1,0.00760211937874,0.531105559231,0.25699271601,0.172854909078,0.134346209816,0.390069166912
1,0.00648732023772,0.338063886074,0.38724712497,0.371462974591,0.351462677102,0.51676104939
1,0.00187878115945,0.414718277437,0.247818727799,0.304414732286,0.0912122529949,0.362603624577
1,0.00750056822487,0.553861136666,0.253773617376,0.240418453336,0.0846640065201,0.379366880672
1,0.00177954067479,0.410148038776,0.160755875101,0.0763664858421,0.0483397825837,0.325881954342
1,0.00800873680379,0.313403222627,0.0868480667445,0.0531374517967,0.00988861318478,0.141073972682
1,0.00377195040517,0.44241991102,0.125238617372,0.0724148610257,0.0,0.24880141931
1,0.00337218458653,0.316508369458,0.124472587899,0.109254087601,0.0477560638606,0.145840703628
1,0.010873677402,0.26962556811,0.690649058164,0.805862256082,0.710899569744,0.594124694109
1,0.44706076637,0.0741393838894,0.739450441071,0.844147618508,0.753622057818,0.594337657095
1,0.975094728977,0.756871553104,1.0,1.0,0.902668953211,1.0
1,0.0613279950686,1.0,0.708029860475,0.615944226705,0.627018151818,0.747338570073
1,0.0989376262791,0.903461911712,0.753988645155,0.696206306344,0.644895912742,0.794827028576
1,0.0507750058372,0.8732886503,0.634146778744,0.557129500459,0.506303973282,0.690911659659
1,0.0532928747357,0.670497414637,0.652265750047,0.640874438785,0.613151616039,0.67848309102
1,0.0686715583054,0.859911119049,0.683086172674,0.571417314037,0.639045237583,0.688680259877
1,0.00628516320564,0.792359160902,0.633002445568,0.575851488418,0.596796635441,0.688680259877
1,0.147620359342,0.68064953965,0.638773535836,0.566312870344,0.650375592756,0.665524791334
1,0.00197806149973,0.451579188997,0.637674974262,0.612459936378,0.676550161029,0.612341821459
1,0.0750327642727,0.486191676825,0.691801491465,0.702208182253,0.724730061655,0.658677051508
1,0.114484270783,0.519756878519,0.62601803812,0.593928643049,0.665938764359,0.639618409715
1,0.282867776984,0.539098389278,0.746330687938,0.697305216109,0.727871052492,0.709692607826
1,0.226781652016,0.531103269906,0.703286757503,0.61798542491,0.729301430272,0.658677051508
1,0.130211013896,0.617618763939,0.740249710112,0.747770175123,0.706770144798,0.693086411205
1,0.169798927125,0.55308441622,0.732938325488,0.757930188162,0.72715100327,0.67848309102
1,0.0508839952694,0.621000196039,0.71257949094,0.700873049596,0.694642675744,0.67848309102
1,0.0601978883384,0.528575794154,0.705462480283,0.757930188162,0.697368441024,0.668483925441
1,0.132077679392,0.396675565882,0.673667379059,0.707434589246,0.697911671141,0.668483925441
1,0.0954712005417,0.504451686145,0.768115840009,0.800048820601,0.787944315687,0.700447507585
1,0.0415521611202,0.516208811508,0.735310355397,0.755657547011,0.748915691099,0.658677051508
1,0.0642536807259,0.503805883579,0.685392517965,0.665680572474,0.694642675744,0.65580293566
1,0.121292837904,0.408348031214,0.717847964814,0.767932720436,0.719875580693,0.668483925441
1,0.0367312374299,0.598260824014,0.696411745566,0.704918609247,0.675259455974,0.668483925441
1,0.0362766369997,0.461241444286,0.718463515789,0.765601855117,0.711290963055,0.67848309102
1,0.117793929978,0.410569648838,0.738694961795,0.758223106355,0.761575356512,0.67848309102
1,0.280125328861,0.597509338041,0.741795785167,0.753384905859,0.711570601298,0.6900606331
1,0.14262217634,0.585222034394,0.736508478017,0.748763781172,0.738675063863,0.6796534479
1,0.140248302984,0.587822728963,0.752875072272,0.834307922557,0.732231129552,0.688680259877
1,0.079334171448,0.599018410357,0.67234630816,0.60974995813,0.672696000116,0.658677051508
1,0.16290793793,0.512524537861,0.691484846064,0.728414767204,0.716649711901,0.674208744153
1,0.181372922386,0.526704494571,0.659761406539,0.690667637595,0.680446514786,0.649056975174
1,0.0287765238161,0.516335355172,0.571646613936,0.594191025688,0.601285932888,0.630356266039
1,0.000789322617681,0.461139859953,0.26550200899,0.297454330064,0.120901576487,0.286311424473
1,0.000197093762878,0.696089928177,0.488766436468,0.475216403312,0.377774566288,0.618502300909
1,0.0288869015077,0.347616450715,0.538342782819,0.577527943728,0.577051142473,0.575764390077
1,0.000987048724314,0.550998129128,0.382545474909,0.33174802475,0.275658527698,0.549523012143
1,0.00247506187655,0.401537718934,0.224124825417,0.173680122266,0.189618832812,0.321251561128
1,0.0439957077358,0.508222524045,0.576158135624,0.733104526482,0.579900937285,0.575764390077
1,0.0183935096303,0.340939559589,0.102450057327,0.0945749559602,0.0206010713289,0.126074643558
1,0.0150238092308,0.501275852216,0.330593981933,0.229758288595,0.301545069395,0.543207914183
1,0.00831413402785,0.0746325180813,0.0458029621382,0.103910323973,0.04670736615,0.0193191016705
1,0.0218082519732,0.270091782192,0.0891599293638,0.0804240675133,0.0317066176637,0.0750866391961
1,0.00108597122625,0.239783625487,0.110793458226,0.109295273344,0.055659367337,0.136006161212
1,0.0130439978306,0.413808538084,0.0972013867553,0.0505655192733,0.0419384606495,0.0551565391718
1,0.00128393524657,0.427606238863,0.135280494343,0.0657447027575,0.0262895722024,0.162709772963
1,0.00287338203371,0.279997146859,0.0874145234096,0.0466819171645,0.0435190982819,0.0936288959514
1,0.00427256495413,0.218788461581,0.0394744493482,0.0218824482118,0.0268540288481,0.0501417354279
1,0.000690518965357,0.552427338645,0.20975322297,0.139512641919,0.0420499797687,0.386062672439
1,0.00811049448832,0.418797337614,0.105435885153,0.0374407537303,0.0335178764801,0.106109252319
1,0.00457341873595,0.190150355039,0.0525502775608,0.0463375226676,0.0263156786743,0.0365708933628
1,0.0235327970374,0.302131472592,0.0987117458841,0.0485298150201,0.0535549434452,0.124454149416
1,0.00387199258695,0.159761544297,0.0392037958938,0.0275628295561,0.0264768868738,0.0543683879239
1,0.00138297681269,0.277273702286,0.0602210713537,0.0279957127012,0.0344355962439,0.0355020249944
1,0.00148205811464,0.198671100025,0.0620296499289,0.0496377246342,0.033502283584,0.0706874489613
1,0.00953945866995,0.430672120937,0.121746004657,0.0511142302733,0.0448339406291,0.121453346762
1,0.00317254308169,0.356004551906,0.0675116019507,0.0277447099855,0.0199575569571,0.0566934869665
1,9.85271681202e-05,0.19375846646,0.069688938924,0.0550236519543,0.0313466374969,0.0892184585221
1,0.000789322617681,0.125773519127,0.0202510976544,0.0223598442707,0.0294443383943,0.0217563593257
1,0.00760211937874,0.351409056904,0.0777498037541,0.026117102962,0.0354664923521,0.0953597464471
1,0.00168034002175,0.312676884909,0.121598002948,0.0607964879787,0.0493793831963,0.145970710521
1,0.00277374190992,0.334110426929,0.0878492568445,0.0307890605204,0.0392957930543,0.0777007532236
1,0.0123184813938,0.348976615844,0.107574744444,0.0546540567473,0.0363088163836,0.0750171713983
1,0.0128364947273,0.495115346838,0.173943758966,0.0941595294796,0.0514590043167,0.331946793805
1,0.00267414185857,0.293811588971,0.0556972360964,0.0188270578755,0.0226054487754,0.0725615742086
1,0.00537747976655,0.208910550788,0.0377739509426,0.01120545188,0.0237237421845,0.0494251902045
1,0.00507565224996,0.320629533091,0.0755062536391,0.0349532731246,0.0293346819332,0.0670497742032
1,0.00923256577747,0.286107714333,0.0692488947957,0.0379367436978,0.0264110703118,0.0749133285083
1,9.85271681202e-05,0.26776290278,0.0882278384515,0.0532820564678,0.0323012635314,0.0864847206039
1,0.00477419043715,0.278012738883,0.0649786416366,0.0392124487008,0.0339909533121,0.0757002381005
1,0.0123184813938,0.163822998173,0.0384789652262,0.025757780925,0.0305466698786,0.0365708933628
1,0.00933482171373,0.232206214738,0.0594741987326,0.0331268267016,0.0378204025071,0.0431371059901
1,0.00367194853859,0.32452259461,0.0990415139961,0.0682922875986,0.033283673821,0.121346865269
1,0.00578048647898,0.139616582071,0.0206295995278,0.0277457713078,0.0352548910362,0.0103157084964
1,0.0189240712326,0.209679627538,0.0651498284178,0.0292340906756,0.0410523513254,0.0850560397491
1,0.000394345327008,0.108736535063,0.0186363161195,0.031538927945,0.0280480797383,0.013616127128
1,0.0119048346958,0.301545501775,0.0878974548621,0.0496921114917,0.044658141226,0.101866128582
1,0.0224536040001,0.301641695085,0.0637784650369,0.025757780925,0.0204443309151,0.0759617161118
1,0.00487463711537,0.333265360142,0.0908479808813,0.0463107445857,0.0360736800198,0.0589443509637
1,0.0184995338725,0.126446637975,0.0195808890264,0.0238049764843,0.034808004325,0.00677173809818
1,0.00790702047576,0.15566076234,0.0347742003244,0.0277447099855,0.0161287751376,0.0619938045059
1,0.000789322617681,0.274931503319,0.042588727866,0.0247767866608,0.0285361500002,0.0415777665762
1,0.0179698522314,0.238246958923,0.0192902517895,0.0,0.0126391686148,0.0
1,0.0206292977704,0.115042309764,0.0253657216535,0.0292582303436,0.0244205883623,0.0221532223636
1,0.0174412674668,0.247933778945,0.0385663871025,0.0279957127012,0.0337217197469,0.0237520134589
1,0.00327234373732,0.296586371465,0.0993374519199,0.0866443762125,0.0445807145082,0.0891757421023
1,0.00831413402785,0.32458670933,0.101745383141,0.0756401809462,0.047674252548,0.103336281314
1,0.0114918652745,0.221630675708,0.0179086458538,0.0183641334044,0.0129011505397,0.0104404487281
1,0.00497512437811,0.223760662001,0.0330103453854,0.0323408245079,0.0228042813867,0.0416881622869
1,0.00337218458653,0.313777332402,0.0444204348044,0.0151756658173,0.028860104402,0.00827578365389
1,0.0054781703213,0.230508554553,0.0336827581716,0.00991315575898,0.020062279198,0.0516068394459
1,0.00148205811464,0.156598087806,0.0331641620028,0.0235842094891,0.0242368346475,0.0477496204476
1,9.85271681202e-05,0.139134400635,0.0198227126183,0.0223756924618,0.0180048091048,0.0141734513455
1,0.00861990414229,0.188951368835,0.0488425099513,0.0368490330526,0.0322933466862,0.0438710608864
1,0.0236409651595,0.461627961655,0.119013513172,0.0485827761065,0.0314365445277,0.131510025026
1,0.000789322617681,0.30669848192,0.0680633551483,0.0426556280706,0.025480787482,0.10606141168
1,0.000690518965357,0.324096440102,0.063218804615,0.0266357921856,0.0268134596239,0.0453641832334
1,0.000295699807945,0.115725049399,0.0,0.0247767866608,0.0187521461835,0.000326298761192
1,0.00831413402785,0.19108781403,0.0577071394525,0.0454921301135,0.0367590587468,0.0642446029158
1,0.00517622075556,0.380711418322,0.0988659547208,0.0493394133492,0.0473248843668,0.091217968102
1,0.0266881909239,0.397767543619,0.140284480481,0.10371913088,0.0550491857703,0.173825204271
1,0.00739905830167,0.317991187664,0.0818072733515,0.0560765334409,0.0392090359018,0.0886663701883
1,0.00457341873595,0.231557662618,0.0621085580685,0.0460988537732,0.0344402270328,0.0678949086758
1,0.000295699807945,0.281365211242,0.125511742617,0.106562078457,0.0722440610531,0.141480518602
1,0.000888165862732,0.107046333479,0.0981120685611,0.138039026187,0.082506767911,0.123752741504
1,9.85271681202e-05,0.231853451842,0.0872198212533,0.0680432477688,0.0438591214806,0.10606141168
1,0.00994923363188,0.0,0.0264813279931,0.0463903854689,0.0495031634972,0.0145055894512
1,0.0025745818555,0.339554914174,0.136567921089,0.136283453404,0.0579908410105,0.145970710521
1,0.000690518965357,0.470934018426,0.188132448487,0.147287760567,0.127436133087,0.168305924682
1,0.000493030343777,0.251779981261,0.134902526472,0.143356402484,0.060046371569,0.124292906218
1,0.00457341873595,0.178414095632,0.0736314996627,0.055765408303,0.0491413667414,0.0826874663824
2,0.17791052135,0.580619879079,0.469218702492,0.459124234188,0.514307655283,0.375264164235
2,0.268630894353,0.604952479368,0.502619715856,0.469019415162,0.565464502863,0.352427910046
2,0.147564063787,0.672224127358,0.580149772752,0.495448105275,0.573201096989,0.676044796504
2,0.286065413884,0.336531878785,0.230433934261,0.225562926399,0.414187771439,0.172403988997
2,0.222200926577,0.652071217928,0.490648610546,0.439576243187,0.441701649054,0.343896899187
2,0.196550132988,0.546528743139,0.546601124662,0.516022567535,0.579559755798,0.556586878686
2,0.189843766906,0.785619732184,0.774058265273,0.696275100372,0.765606194127,0.752316517135
2,0.197560876179,0.531744235636,0.300557617315,0.225369731924,0.423830041292,0.19005390066
2,0.20705535392,0.4295280261,0.344007854324,0.317643575855,0.432774074756,0.231564769377
2,0.358717751934,0.23188510303,0.173136797017,0.207190987071,0.406836377709,0.0394676874798
2,0.146614394001,0.568844379061,0.380491799417,0.351206627606,0.398443751349,0.260772824743
2,0.240465221463,0.72620634913,0.477309409168,0.434528171437,0.390686027372,0.513732737672
2,0.195204424894,0.386788001212,0.261914248281,0.242724291145,0.389298294697,0.208340849237
2,0.155202770324,0.512921304895,0.291996453216,0.238365962462,0.388751377932,0.248945284746
2,0.16227013337,0.391342247129,0.257146414256,0.209537630598,0.41988110086,0.175891301037
2,0.0182697477124,0.553714828236,0.301289895488,0.301195592967,0.292122919175,0.229553547535
2,0.224287953704,0.7697889509,0.749502846936,0.577199516404,0.793865074127,0.752316517135
2,0.202972773553,0.714620834124,0.492115766847,0.463444084733,0.475421775309,0.348353613943
2,0.194868345419,0.543536796761,0.41976305036,0.455271157173,0.396497575389,0.315487571702
2,0.236921589723,0.626828046953,0.534448157892,0.498915569844,0.52683818144,0.424198268831
2,0.462069475892,0.533601488128,0.440950029522,0.416092561476,0.441934918082,0.387289067234
2,0.15137420084,0.721184343642,0.615338492022,0.511153379942,0.563777859034,0.641854025186
2,0.14819781225,0.578595038196,0.447581934707,0.426092546372,0.452687889038,0.366862128936
2,0.154883015588,0.552755456094,0.481793831773,0.471846159795,0.510182572169,0.369867666298
2,0.307695259641,0.593675163111,0.493571051135,0.455271157173,0.47735707524,0.419274890647
2,0.237275276774,0.417540557907,0.420893265543,0.453933656962,0.452436743459,0.290660120118
2,0.286440247067,0.519450046638,0.361446247228,0.322235752782,0.423516890243,0.260658665134
2,0.144718477348,0.295808989216,0.195809303404,0.225331637239,0.347038590791,0.150127040051
2,0.26241164125,0.613763087297,0.426055002675,0.36196475827,0.392640560958,0.425089084616
2,0.163561878348,0.484875088429,0.240545238518,0.258811754268,0.3190792164,0.166899111461
2,0.146614394001,0.648081051755,0.404887901013,0.339631549034,0.397624859131,0.311922740383
2,0.286065413884,0.419721562156,0.410079751468,0.36528682827,0.48817828537,0.288053869815
2,0.234449972207,0.736923057907,0.574219836286,0.493923100344,0.539237672785,0.521793669545
2,0.145665865874,0.859676453807,0.555000322173,0.375608057906,0.44972369575,0.530703899684
2,0.231282918584,0.495503825083,0.451555644224,0.455271157173,0.469965731267,0.351569440464
2,0.159371343293,0.601725807814,0.434298105069,0.437041088211,0.407425860798,0.383635510787
2,0.455261626985,0.590654445643,0.455074219165,0.431656160851,0.436374882825,0.384555392277
2,0.259137481698,0.576377180121,0.40643170469,0.4043631957,0.406448751089,0.286543757784
2,0.315802124315,0.683408884152,0.471341591346,0.358615153294,0.427307327378,0.519487054155
2,0.25515288027,0.417429423375,0.247039809516,0.225138442764,0.409194350168,0.101220880011
2,0.437651631356,0.673720134704,0.575202608267,0.496987988304,0.540839771628,0.650178734724
2,0.224287953704,0.474802834111,0.370021990526,0.442133932873,0.366943071923,0.297796679831
2,0.316578150234,0.571118890279,0.503242475859,0.477579651268,0.486983786164,0.378290827148
2,0.231634218637,0.341882232047,0.179237294867,0.196726551066,0.361312296527,0.0351101650095
2,0.222548398979,0.311600197509,0.252109227786,0.258307768681,0.398625564643,0.194510432424
2,0.144402934062,0.390259902726,0.283537925561,0.257337197752,0.423516890243,0.206496382966
2,0.188842574645,0.263777133665,0.190901223986,0.207712305495,0.409194350168,0.0574825727212
2,0.189509898701,0.529905170858,0.471689580683,0.432706492437,0.470657558334,0.427561667737
2,0.166151660547,0.65970847742,0.452739124631,0.368267024639,0.405962590042,0.424553539511
2,0.191515173092,0.746293117375,0.557129061244,0.467619129626,0.527932607222,0.482363429483
2,0.149149389386,0.448140656124,0.365161613151,0.428154932647,0.369389505247,0.292118121946
2,0.238337238279,0.520268831962,0.41432736266,0.44994525543,0.432449853543,0.302327568711
2,0.219426394429,0.435394580998,0.310704276713,0.258212792674,0.399045871735,0.257684977239
2,0.184518325722,0.537613608807,0.417797432911,0.363362857197,0.413748074547,0.36077868663
2,0.176595440038,0.763821680607,0.376740047163,0.234470821048,0.428583370584,0.237912585693
2,0.200262337389,0.26703653142,0.214338498462,0.236264403408,0.392384113247,0.129091565771
2,0.168327083121,0.517295402914,0.450970327328,0.449236485236,0.447473165731,0.38380214419
2,0.400377933116,0.499033279409,0.449829765214,0.45891224833,0.503753576422,0.301465901848
2,0.15680347957,0.576201939821,0.446556509681,0.424651967251,0.430050197262,0.469359176089
2,0.325552249079,0.496686546866,0.530832087307,0.477579651268,0.587430760102,0.384412158212
2,0.144087517095,0.747228422931,0.641554170233,0.525455737458,0.643490223268,0.703334678197
2,0.152011012119,0.554468997407,0.397792329089,0.402470829843,0.383368937523,0.321703499508
2,0.157444667988,0.632910067929,0.483641931579,0.470432787478,0.430514180494,0.435548983225
2,0.320078814554,0.44339805089,0.4342426353,0.410659169395,0.522460750586,0.281564176895
2,0.222548398979,0.536105188702,0.545177737626,0.504778431013,0.585498577342,0.378989557288
2,0.200939103283,0.570266459924,0.518994370492,0.481954754262,0.503102201366,0.472895121137
2,0.358717751934,0.825830886497,0.638321609273,0.517656468548,0.547096434393,0.77325385221
2,0.255875955559,0.483614200769,0.405757750995,0.410570083335,0.421340071395,0.29494419494
2,0.182530293867,0.493489823884,0.393748837248,0.392824184711,0.42890277669,0.288369926288
2,0.228477852111,0.716394650016,0.476981994584,0.463444084733,0.400621270889,0.418272859963
2,0.154563389706,0.635447521028,0.420446320585,0.398168756652,0.387853034165,0.32622318966
2,0.262776219785,0.757375378912,0.623589055518,0.537974408595,0.511195055043,0.722378084738
2,0.149149389386,0.628701500774,0.487274707002,0.474699446631,0.450176936708,0.380525250253
2,0.260227460883,0.513409434693,0.446201098564,0.464831464412,0.468235845456,0.31909314395
2,0.202294320665,0.628340948722,0.445511319241,0.363585047786,0.436704028855,0.386558947744
2,0.29700241076,0.619602162676,0.498187998399,0.450221686317,0.456479426888,0.48923435032
2,0.154243892603,0.594855602127,0.422787567958,0.35676221926,0.44576856862,0.351414295358
2,0.311546268262,0.54969061815,0.407802376204,0.442133932873,0.381615448761,0.340726577438
2,0.226380255541,0.670863217257,0.494786400687,0.45259615675,0.421522338957,0.490702820981
2,0.149784411332,0.527858192549,0.381032975598,0.356741974924,0.402219450482,0.309842483839
2,0.33184964149,0.657759541387,0.482197152864,0.486385635779,0.446381428049,0.384489200287
2,0.316190051126,0.825109262593,0.689834320956,0.619410325169,0.554096774729,0.742146954384
2,0.197223822359,0.580468768383,0.453523369281,0.4431254215,0.443359166402,0.347588892592
2,0.237983100957,0.67926426015,0.571681785398,0.509551752921,0.505653219754,0.669360930707
2,0.143457061813,0.627798423608,0.477305708226,0.455271157173,0.439039855843,0.474945701467
2,0.210815677614,0.588155750686,0.394545658318,0.373133318662,0.386583655356,0.292185481196
2,0.144087517095,0.573468373531,0.329535696479,0.341376645113,0.303477205252,0.280391516334
2,0.00258171985995,0.578856004703,0.38313125007,0.419190048181,0.325496862218,0.30919059037
2,0.0328052109981,0.643856963356,0.543532826792,0.505728059028,0.524483753399,0.628026661425
2,0.00315670059505,0.649040848024,0.728308229236,0.827545376499,0.718902676505,0.694072657744
2,0.0649557069556,0.684603380191,0.608488365511,0.51930687361,0.591849303305,0.658649491798
2,0.357944544502,0.588079689529,0.711803773824,0.874651779057,0.756873027509,0.645998361104
2,0.000859539771895,0.638902879135,0.45167820298,0.457557571992,0.419167023923,0.400512591026
2,0.0349055343816,0.674740160403,0.488603826631,0.440852252454,0.435982089773,0.604399459715
2,0.150642500802,0.654101790225,0.368015693343,0.357678564109,0.2791099666,0.301093198166
2,0.000859539771895,0.702600457,0.439966657607,0.411480409507,0.288908773198,0.594026148519
2,0.062456540458,0.513973051845,0.298378367021,0.288672533682,0.293799003023,0.251681096526
2,0.128228795979,0.444750387551,0.288307296221,0.246116507224,0.340459529202,0.23318646604
2,0.0147539272245,0.279776164277,0.169167817439,0.193441519663,0.315444438307,0.146561015097
2,0.0355067339584,0.423937304547,0.261788213249,0.220763598154,0.358857491294,0.199594178015
2,0.043367430816,0.384435987173,0.165353651671,0.188027621757,0.284426043682,0.133232692921
2,0.0112551187712,0.391678792533,0.215637922051,0.204341426209,0.329178373676,0.171055994814
2,0.0203285486594,0.415229245097,0.270503829114,0.21809312565,0.358334153226,0.219381597479
2,0.0571734314177,0.41444781233,0.219482341026,0.212871930046,0.29492337716,0.186781199167
2,0.000859539771895,0.440870978759,0.237014898206,0.23707719522,0.237052953421,0.212411605815
2,0.068091448658,0.760066479254,0.556705092844,0.537112775419,0.367443574389,0.664667990867
2,0.224636303838,0.963219032749,0.69285381633,0.57885439931,0.455576890203,0.752316517135
2,0.235402442307,0.623256352258,0.484990751847,0.483422352102,0.388132794464,0.424856596558
2,0.154243892603,0.629398851726,0.39974080143,0.313349633713,0.418549208145,0.331178411096
2,0.145034147028,0.624620411118,0.458202306419,0.434539144872,0.416101517723,0.525812619503
2,0.284567715477,0.606536328608,0.447486313761,0.427119962245,0.390676295555,0.434568903785
2,0.251906695919,0.502832182152,0.299440370935,0.27062668766,0.380197661822,0.231564769377
2,0.444470310338,0.71132747386,0.448532634172,0.353044780678,0.386583655356,0.480612329727
2,0.209788424125,0.544203354356,0.386320614367,0.402470829843,0.370917173259,0.323662453966
2,0.207737767743,0.382829410318,0.277676583843,0.276326958187,0.392040508954,0.205881560876
2,0.225682234282,0.535714888185,0.424472054993,0.446043871624,0.423516890243,0.331105343509
2,0.175938705028,0.539493519401,0.391417973795,0.407790389266,0.396497575389,0.312813948213
2,0.15137420084,0.883080369605,0.548987855136,0.483422352102,0.429526876863,0.557308795411
2,0.184850140621,0.879682062516,0.546216904581,0.457970586824,0.445071317819,0.464656567142
2,0.164208536411,0.861524670249,0.572618932193,0.469019415162,0.431181978772,0.677650726672
2,0.177252711926,0.857733096107,0.708913098978,0.72144583079,0.512677347633,0.742146954384
2,0.158728599222,0.766485630074,0.377374156837,0.262381439656,0.419124135433,0.218923806878
2,0.172663060156,0.655966443776,0.508748504032,0.45127070609,0.466349152252,0.53583306843
2,0.316190051126,0.759130645601,0.556717203736,0.49088775399,0.449914720708,0.656681538135
2,0.489366607587,0.709868493216,0.528718686982,0.493923100344,0.453596893766,0.48923435032
2,0.288316869834,0.61787935443,0.360317870097,0.289291556772,0.417627974291,0.263663369806
2,0.239045963861,0.640523833723,0.431850451551,0.38946329722,0.397212709937,0.388057871984
2,0.22603117142,0.64283570814,0.557520667361,0.512771023233,0.472603048116,0.694072657744
2,0.240820412764,0.610456424762,0.456805193388,0.470432787478,0.373878459687,0.467317963351
2,0.204671373644,0.758188420199,0.501685303798,0.351143002925,0.441701649054,0.527042590543
2,0.195540643302,0.596641566224,0.392060331897,0.357534010151,0.356530906185,0.301465901848
2,0.333431049449,0.493595515846,0.332628392176,0.313952637394,0.367213395789,0.243265402859
2,0.144402934062,0.39878455802,0.260535451887,0.258811754268,0.372203926408,0.199650548111
2,0.169400739038,0.644661037638,0.425138062205,0.336310770261,0.403777730723,0.467524004586
2,0.223243782049,0.561210457379,0.359050221334,0.341108474644,0.363508447346,0.328651932851
2,0.219426394429,0.736319878776,0.475445144357,0.406006566049,0.416414461422,0.467952747198
2,0.15680347957,0.61721407346,0.427950328205,0.429378897644,0.418738002087,0.321895197865
2,0.482791031564,0.664360661441,0.501775386457,0.470541041478,0.425284424824,0.56763725758
2,0.154563389706,0.519738515831,0.29574795622,0.26183226211,0.33238141744,0.243265402859
2,0.147247380213,0.61459491781,0.337571803998,0.235162498023,0.387416565039,0.28592313666
2,0.184186647036,0.619585461504,0.464533629119,0.469019415162,0.415798879401,0.472112607298
2,0.240465221463,0.633196500107,0.441490756838,0.430802546886,0.403635201661,0.466566127165
2,0.234097481685,0.481507613021,0.39380839282,0.390491019264,0.427307327378,0.300675948617
2,0.210130699131,0.0,0.0917882668453,0.195033775048,0.348881080775,0.0351101650095
2,0.238691525881,0.432156928613,0.246503988945,0.219897794982,0.357238169007,0.18873724089
2,0.233040904577,0.838324741459,0.636574740375,0.531062835827,0.482384397057,0.702257699075
2,0.15680347957,0.691227193952,0.433626695179,0.379892221961,0.384707166249,0.48923435032
2,0.158407421918,0.500834459694,0.366595700366,0.424693135096,0.34568540224,0.263663369806
2,0.21184421785,0.594980987024,0.440322529598,0.422287139081,0.406167982362,0.332060379846
2,0.190177772674,0.552562475324,0.304405321088,0.216081878884,0.399610833611,0.226227673367
2,0.178898244808,0.369722300083,0.207624046943,0.214658113728,0.332167249844,0.180834404087
2,0.236214665221,0.629108291509,0.486396531666,0.435784629824,0.42890277669,0.560535203096
2,0.176924008832,0.24406282682,0.16101364121,0.199298436277,0.33881846267,0.110877650075
2,0.113413477047,0.599563534582,0.341102108144,0.249193133112,0.371474778537,0.273658220458
2,0.149466836589,0.441650242433,0.231630559524,0.19843673352,0.401900010782,0.0894500056237
2,0.168424628689,0.523874401375,0.279994283531,0.240364740748,0.377036575546,0.216399904766
2,0.228477852111,0.601396875872,0.437538346839,0.45259615675,0.452598643069,0.337461830427
2,0.251187017882,0.688251131974,0.512573634367,0.477579651268,0.457376016839,0.501068496232
2,0.28083487243,0.585886119531,0.444954876989,0.419911857909,0.440693982252,0.337757282645
2,0.156162808447,0.632597750043,0.495168509316,0.460694781884,0.442380286248,0.513255900231
2,0.185846403436,0.462891287121,0.321292946031,0.279986337777,0.431154585754,0.23560717741
2,0.157444667988,0.310850747177,0.196453358164,0.201472819476,0.37471097231,0.100436118332
2,0.150419943746,0.555753863142,0.27482303851,0.223871359324,0.315733803832,0.223597987711
2,0.172009532638,0.29652702752,0.21534643225,0.226376065262,0.366537766473,0.196863383195
2,0.188175799827,0.435763325167,0.263025606231,0.205459361671,0.403635201661,0.201635025722
2,0.143457061813,0.593806072245,0.383842082191,0.355168026326,0.35534811342,0.3147547999
2,0.201616430809,0.663920260524,0.550749179295,0.487881524173,0.473782291433,0.696388162857
2,0.156483079385,0.266782882548,0.173460921668,0.201035236135,0.318876800357,0.183236149285
2,0.146298091209,0.623877912588,0.313601206449,0.233137470213,0.399610833611,0.226227673367
2,0.208079187864,0.373322020911,0.243132434436,0.260013329662,0.349544582171,0.182501779146
2,0.200262337389,0.701299606441,0.543373131478,0.492398095412,0.395937856779,0.703334678197
2,0.262776219785,0.727725642885,0.589266052636,0.520957278673,0.448859468274,0.712768217548
2,0.149466836589,0.175748595043,0.114936838877,0.193775986343,0.301315001895,0.0776192339366
2,0.181538111166,0.470960943674,0.318346562647,0.287739453153,0.381615448761,0.239770554493
2,0.330665444126,0.602483626899,0.4634155293,0.449236485236,0.424460982664,0.445139998428
2,0.15808637433,0.361499662517,0.197677143446,0.22064779004,0.363006733457,0.0762366671708
2,0.177252711926,0.838931529616,0.634753889017,0.541212910854,0.514813614217,0.742146954384
2,0.231634218637,0.974060112667,0.732642569765,0.582346177271,0.579559755798,0.754352630889
2,0.222896017439,0.683818962062,0.424271556906,0.30422768104,0.401759978987,0.42086488568
2,0.167449707993,0.831592799607,0.581881448581,0.508936604206,0.457727856113,0.629946991076
2,0.230931766915,1.0,0.781111362224,0.646872494938,0.533231253349,0.856323408905
2,0.173971714689,0.69819994424,0.517761335618,0.493923100344,0.423866795827,0.500031087337
2,0.16259287342,0.901569724428,0.472670119129,0.266638090919,0.425022835745,0.410873222053
2,0.188842574645,0.545581577227,0.273060901299,0.265511250619,0.380398831641,0.181858714385
2,0.167774549509,0.922255139978,0.683901592199,0.634044116683,0.470806521769,0.752316517135
2,0.239400552313,0.623118322948,0.404870759721,0.29022038834,0.423516890243,0.415395356939
2,0.172009532638,0.758227536652,0.297655506674,0.248323757975,0.208351719847,0.259776592533
2,0.180877333475,0.523349008376,0.34163010364,0.288431680913,0.382451306893,0.251102352987
2,0.284567715477,0.614655245578,0.514164711011,0.477579651268,0.439896448911,0.589221290451
2,0.239400552313,0.474628588503,0.252106365511,0.215605578728,0.391385131656,0.154212136349
2,0.222200926577,0.486113357958,0.240895205591,0.213969142683,0.284632985576,0.20391326953
2,0.157444667988,0.322672079835,0.194796934861,0.220910234589,0.351393893601,0.0977288527332
2,0.143772226371,0.353232341275,0.194110688788,0.206355328332,0.347493436139,0.145307553771
2,0.16712499842,0.374405821817,0.172892267852,0.196726551066,0.346812589509,0.0522330416725
2,0.194196602925,0.440048099076,0.234141045944,0.226882042918,0.308277403878,0.206496382966
2,0.156162808447,0.613880428508,0.394357550997,0.296904318727,0.426353852715,0.382151106719
2,0.157124009078,0.516695111758,0.27499515529,0.220420777565,0.39425870095,0.203445256518
2,0.256961731743,0.765280964397,0.514587483554,0.409732459495,0.453015504956,0.533864993617
2,0.143142023346,0.792661639253,0.482624888214,0.363567699572,0.402490812427,0.590217808256
2,0.213217610622,0.910764266252,0.665139729643,0.554627604764,0.498305613717,0.722378084738
2,0.239400552313,0.797223862305,0.73058366213,0.62235575779,0.653272586761,0.752316517135
2,0.156162808447,0.982737276464,0.643345813903,0.481954754262,0.444405981194,0.753335185458
2,0.16712499842,0.584030005786,0.414027525535,0.348487019301,0.399610833611,0.310170365437
2,0.215971294747,0.973249720602,1.0,1.0,0.867858025234,1.0
2,0.15169254244,0.462261461364,0.252970042802,0.22196738525,0.416405625163,0.134252584884
2,0.239755291333,0.570069643022,0.588583162113,0.495448105275,0.55433937056,0.676044796504
2,0.263870897657,0.579082528715,0.583907642072,0.52936138998,0.589883760121,0.590662842575
2,0.149943246555,0.673703861008,0.567753978237,0.512280264854,0.528528139162,0.685324663183
2,0.0590337859249,0.646892925026,0.596894158935,0.514388666523,0.514711470427,0.684302139066
2,0.287941217343,0.719212008365,0.563291402764,0.481954754262,0.516325890669,0.694072657744
2,0.00286915260265,0.693958650143,0.506911372404,0.474699446631,0.419425291137,0.598564398332
2,0.206714360042,0.674056254815,0.560756048362,0.522624439117,0.515281340298,0.590919457364
2,0.257323967736,0.704532656435,0.528710917044,0.46536355605,0.495882071709,0.448136022902
2,0.380975972337,0.930872939497,0.811090559477,0.656030148236,0.66874515657,0.784033470269
2,0.379308250961,0.696378999147,0.535971000671,0.498671880368,0.514956594943,0.422796269559
2,0.517944953294,0.877356036058,0.921780703061,0.730049550787,1.0,0.899723815594
2,0.263870897657,0.804363095779,0.738788650641,0.637369778639,0.71335967669,0.753335185458
2,0.270468787465,0.758958244478,0.764255814243,0.706652033279,0.793145575759,0.742146954384
2,0.461614091162,0.915117093501,0.715884513229,0.582498801605,0.552433364875,0.796739799721
2,0.169726373899,0.781569604132,0.56551263452,0.479033403845,0.444745319548,0.676044796504
2,0.402511901157,0.964579576238,0.86114680347,0.776798672814,0.609978354449,0.911080931363
2,0.26716343546,0.721206746661,0.67666628689,0.612059247327,0.675794555752,0.694072657744
2,0.171193371706,0.840527220555,0.551028258991,0.528573943968,0.384848755086,0.563737001724
2,0.0074837977217,0.558045524741,0.276022888704,0.196471726892,0.350164986062,0.204257979115
2,0.0280269921298,0.710888826152,0.490465422831,0.432533653577,0.393030091364,0.570091576935
2,0.0756711201768,0.558267121789,0.65036978095,0.538849575277,0.749389261647,0.664667990867
2,0.0316077254578,0.701229775089,0.508523965622,0.461242622764,0.378898846808,0.636927739096
2,0.0540831394001,0.662159379371,0.53455428062,0.461242622764,0.444446391066,0.664667990867
2,0.128228795979,0.624899599568,0.644722198093,0.545571571761,0.745696995389,0.664667990867
2,0.0144617117949,0.549788582258,0.655371373628,0.520957278673,0.789211772029,0.65524341815
2,0.0559357729975,0.655374396222,0.426359733671,0.421808416032,0.319989621857,0.534679762951
2,0.00459617173097,0.63299672283,0.316856059765,0.275349546497,0.260232974825,0.307679185177
2,0.0121282327629,0.294409449186,0.142455219756,0.227338145664,0.259645999322,0.102118829577
2,0.0147539272245,0.0125954820868,0.0716234359704,0.184956247716,0.317164547489,0.0227494439458
2,0.00546124185458,0.0773803994542,0.0600197387529,0.174424196745,0.342651382271,0.0
2,0.0020071998466,0.551763605443,0.340156610944,0.302003540341,0.364129582058,0.293152234391
2,0.0553177152346,0.640768731861,0.410351896843,0.455271157173,0.348333786341,0.382697020939
2,0.0319069131794,0.743971010376,0.652515767189,0.635079370768,0.472681268187,0.684077011908
2,0.747167289867,0.620646324874,0.518067527375,0.472700541373,0.434409881028,0.589034914689
2,0.33184964149,0.608148689403,0.611308133754,0.532550148818,0.535030702181,0.658100579103
2,0.140908869389,0.605863845287,0.492080334246,0.464273823572,0.374929903907,0.586271910247
2,0.00835235146286,0.649105700169,0.589699998386,0.52445924698,0.500590356754,0.658649491798
2,0.483396396743,0.596102971619,0.539525691881,0.489678173197,0.573675296163,0.619290418526
2,0.422639855067,0.669675253307,0.70225932473,0.59132357724,0.778349419992,0.694072657744
2,0.342859396361,0.632491158164,0.703544798978,0.67671747231,0.768353518002,0.694072657744
2,0.0406369043855,0.624281477168,0.657434912162,0.588053838365,0.733050292346,0.684077011908
2,0.0406369043855,0.652585609106,0.609234249781,0.529700288795,0.507476806849,0.65524341815
2,0.200431476248,0.700308740498,0.657099162877,0.702642295588,0.694045844531,0.678052850355
2,0.199924164835,0.645919216511,0.609755405177,0.555528921568,0.532987904259,0.684077011908
2,0.108758360399,0.697514534081,0.647474283241,0.727125397249,0.479554783117,0.684077011908
2,0.152393344908,0.673339458245,0.633050170317,0.628024410302,0.581276170039,0.674277359127
2,0.0464132541623,0.676284248134,0.56247382203,0.517492339867,0.529992898918,0.603427519298
2,0.0665219367446,0.685027512994,0.662650832734,0.727125397249,0.635672466822,0.684077011908
2,0.0340046584235,0.711274377967,0.615712872213,0.538685067146,0.50931875083,0.669021970114
2,0.00835235146286,0.696723605575,0.654023396211,0.664151853015,0.562940399518,0.684077011908
2,0.0421526139591,0.663509174594,0.584547000755,0.514063845043,0.482070015378,0.664667990867
2,0.410451001307,0.593141162626,0.556837087594,0.514063845043,0.522481154131,0.642890109166
2,0.383818160013,0.642828713298,0.593552789157,0.513739023563,0.720803601231,0.65524341815
2,0.0400314932657,0.634804400196,0.652016817184,0.580671934582,0.757814762586,0.674277359127
2,0.164046822742,0.722608522553,0.702335304574,0.729986695219,0.659158108856,0.714675927732
2,0.10512040366,0.6909315306,0.567439220307,0.509069593967,0.544874570363,0.628026661425
2,0.238337238279,0.621495096442,0.70056202123,0.609423217678,0.793301452582,0.694072657744
2,0.198910487703,0.563019042742,0.661362251234,0.524626894399,0.810049668177,0.674277359127
2,0.205351802675,0.708409605516,0.672124352938,0.559044189459,0.768353518002,0.684302139066
2,0.312588966411,0.74102366508,0.667828148199,0.615761990116,0.496346861638,0.712768217548
2,0.490889943274,0.903511386159,0.651349811184,0.626302945229,0.389492596157,0.716483232117
2,0.25226676585,0.784644939223,0.606568323772,0.551822636046,0.424067714908,0.680611854685
2,0.184584677802,0.801914143065,0.610758282923,0.553452601057,0.400175552098,0.670703207988
2,0.1433310313,0.894199693578,0.683076010741,0.601450816118,0.425324393098,0.752316517135
2,0.484629706051,0.852640712584,0.68121198385,0.608014092237,0.446709526608,0.730365453299
2,0.54082650214,0.864405811964,0.781148676677,0.657655423416,0.66650154482,0.784033470269
2,0.122808642967,0.666126434068,0.55867850248,0.511153379942,0.483052302708,0.62147447925
2,0.0584131513135,0.830558489543,0.73351256877,0.619418074326,0.732362173506,0.749620042163
2,0.0525427999425,0.698332540908,0.691429048166,0.613787396714,0.788198818744,0.694072657744
2,0.357497203307,0.680172296498,0.692006590319,0.609423217678,0.758790320941,0.722378084738
2,0.412567652329,0.754565109901,0.670407659465,0.59033729914,0.62779399349,0.714675927732
2,0.190445076392,0.718233610413,0.652703893013,0.573759442064,0.688513547471,0.704270235819
2,0.0842903674863,0.646654966954,0.621340867704,0.562382632447,0.559687490979,0.674277359127
2,0.036409458246,0.844714164713,0.854307005901,0.824407766154,0.866764174441,0.77325385221
2,0.860727909167,0.735756294206,0.692188589338,0.699037948141,0.498082120671,0.704270235819
2,0.206032797906,0.823674871148,0.656616078782,0.535296569295,0.512799955341,0.696388162857
2,0.484188606106,0.708775537175,0.659216557971,0.532781822353,0.777167850402,0.712768217548
2,0.0485528269468,0.756050602885,0.815007028689,0.83874782021,0.864354488443,0.742146954384
2,0.329876862485,0.707409910657,0.697341677536,0.582539816135,0.760665420116,0.71382455294
2,0.315143043833,0.666875227949,0.628689770351,0.543257458993,0.741951423565,0.651444905581
2,1.0,0.817304658172,0.790803999615,0.746446949493,0.743860391385,0.762683547124
2,0.204161423013,0.842142578564,0.680395923006,0.604315300881,0.489539782154,0.734663691228
2,0.47722106668,0.842541332597,0.786922160259,0.746446949493,0.61046110748,0.77855340128
2,0.0646428539469,0.830237702256,0.822341545869,0.797424668207,0.841966858143,0.784033470269
2,0.128908974361,0.676591773386,0.658294807345,0.555896705003,0.768353518002,0.684077011908
2,0.485878489414,0.686470406903,0.605504980624,0.538588916065,0.514072155967,0.665318536594
2,0.00057291184049,0.720139148527,0.444974158292,0.45127070609,0.316886827723,0.472225898463
2,0.0,0.830626282632,0.404545092128,0.302981973348,0.119113535053,0.610714473661
2,0.0220978951337,0.765899501276,0.434780362561,0.410219155254,0.274147824063,0.518859725361
2,0.174626843009,0.616057565695,0.338543470196,0.302003540341,0.217235062793,0.416077811954
2,0.0112551187712,0.611723576593,0.427834342596,0.412753396358,0.382970715938,0.438746055452
2,0.0,0.547723826338,0.284597226665,0.246733664645,0.181996383256,0.383195297483
2,0.0109643154347,0.416506254141,0.101000332238,0.180241518045,0.0320730031546,0.146561015097
2,0.00344436390647,0.383199371354,0.0678146762583,0.128316642293,0.0208184752672,0.112865154912
2,0.0194454897895,0.405141422333,0.0506436617297,0.0420293853663,0.0125431464792,0.0637397833146
2,0.00517276936405,0.361482390074,0.0280481148338,0.00899975425076,0.0138873003412,0.0965820990649
2,0.00777319917609,0.396836139494,0.0622068849652,0.0574630337417,0.00948758554256,0.13571422447
2,0.0355067339584,0.40207249219,0.0525265004747,0.0643570208457,0.0,0.0258691137584
2,0.0325056558745,0.436108411441,0.073707471564,0.128668817774,0.0289835189488,0.04315134255
2,0.00143314000146,0.40113887705,0.0843302796338,0.153194792979,0.0180372099184,0.135208959301
2,0.0280269921298,0.520787246351,0.0849325071131,0.0552613249963,0.0153670873323,0.0914224136828
2,0.0150462607924,0.290541005959,0.0,0.0,0.00911364397518,0.010177018442
2,0.00835235146286,0.445014970877,0.07417650659,0.0462832905141,0.0146776113046,0.143927289871
2,0.0497782238091,0.480687032097,0.153732885885,0.194824035642,0.0535388019621,0.161284310777
2,0.0891215742466,0.532703922942,0.243130104144,0.264893688792,0.106173751708,0.231604993814
2,0.104790532334,0.559816731744,0.229075466603,0.241876347949,0.111905821644,0.208340849237
2,0.0881528706104,0.670546864984,0.354141844363,0.312245331229,0.194801873207,0.408454777705
2,0.170704073842,0.595312982988,0.275762245098,0.253997640492,0.129535783527,0.279976411008
2,0.094634308461,0.686606629958,0.338577298367,0.271613216999,0.14790797775,0.43233482048
2,0.00719451263301,0.535918689875,0.233267600794,0.253901739345,0.103865218892,0.218535987683
2,0.250108653909,0.549801126644,0.234797108387,0.271613216999,0.0891697612461,0.217130437016
2,0.029815165165,0.503007523753,0.186963297094,0.23186462513,0.0983437101035,0.165255394701
2,0.118432429972,0.486789689195,0.196514897928,0.24366371481,0.118121910785,0.174590209583
2,0.0247600162483,0.534400310616,0.191600333003,0.252622347269,0.0849160140323,0.158528333853
2,0.112746738285,0.432318245389,0.161867879963,0.233004976187,0.106747618924,0.164114390825
2,0.0528506122291,0.527512785579,0.173383055413,0.227717104058,0.0845249253577,0.151497488862
2,0.0376148203415,0.599248130516,0.24281946951,0.279582620138,0.0992301679376,0.2352493274
2,0.0581030277946,0.516803332501,0.229283097865,0.283639678416,0.129109567331,0.181403629753
2,0.0112551187712,0.445253268547,0.136549625731,0.22832191716,0.0641468186767,0.112469321013
2,0.0232798574257,0.563125995502,0.184711050341,0.224027521768,0.0922659621433,0.181254797309
2,0.157669206262,0.585079657975,0.211003692638,0.244262420706,0.101946192052,0.176437277563
2,0.0165097032188,0.610207031828,0.222959874733,0.260020667578,0.100013919262,0.192423049526
2,0.0,0.639295621947,0.179149913871,0.188836945771,0.0599016463076,0.168828842425
2,0.0229841866755,0.492312918092,0.16828507209,0.213916059478,0.0814217063754,0.182529018471
2,0.0846114926136,0.47280142878,0.153687147635,0.232331887864,0.059932720079,0.16563815184
2,0.189509898701,0.570022019456,0.269920326332,0.305982320304,0.167328895668,0.229463778526
2,0.142827110895,0.563654728631,0.225209208197,0.278661133727,0.0994741961462,0.190331028881
2,0.0584131513135,0.450292738089,0.150064426297,0.231919169708,0.0790797246912,0.145541518364
2,0.144718477348,0.549607307634,0.162484465087,0.229428986624,0.0752845147205,0.144393304991
2,0.0543915910971,0.50146935636,0.176615060447,0.249027739389,0.0879737269885,0.155070162362
2,0.00229440229768,0.457600901559,0.157492062259,0.220323207818,0.0656132098777,0.161022176212
2,0.111082406563,0.42011734134,0.163762921461,0.245167406125,0.0887588581958,0.143879469705
2,0.193860939733,0.644860613969,0.242356503922,0.253225367401,0.0847438058007,0.213329691341
2,0.00517276936405,0.497101209893,0.158439534672,0.238453079334,0.0684444680471,0.158636281088
2,0.110417677996,0.527819158502,0.183343170429,0.237280176254,0.0728560592611,0.158264603385
2,0.0488589860408,0.638658617021,0.256137714075,0.251988922761,0.0975819963653,0.207074410053
2,0.130271112474,0.578768524997,0.210176409946,0.246359875618,0.0513892675415,0.180004354877
2,0.190511916092,0.531754178038,0.173205346455,0.237767850539,0.0578265745628,0.159092023337
2,0.154243892603,0.571056744941,0.202508026627,0.263802352919,0.0763866927932,0.184623180039
2,0.0992043113673,0.506272245983,0.18247660545,0.256281399436,0.0886031829877,0.161743171297
2,0.16033643424,0.533531218003,0.175286671406,0.229336791658,0.0721995128921,0.171438583979
2,0.370402147386,0.58477487928,0.26628591338,0.307139955093,0.121700535782,0.222240013563
2,0.082686780308,0.650324244548,0.217781827688,0.240917511063,0.0575541489111,0.188935716258
2,0.0191513755136,0.467811410793,0.209053179894,0.256430351602,0.158507629495,0.197902531384
2,0.157765456379,0.683220775717,0.225318671414,0.231347223448,0.0743909940488,0.176810802465
2,0.0646428539469,0.514049495147,0.177896195068,0.235307358753,0.0611869724012,0.156863969636
2,0.091062691448,0.4965428477,0.164553218658,0.230114736345,0.0764764949246,0.166786423256
2,0.0464132541623,0.455336594217,0.133196394902,0.226376065262,0.0419436796898,0.128922317879
2,0.261027672658,0.426282429824,0.215743226958,0.306228250691,0.155147734882,0.197516419038
2,0.361082208191,0.681145201684,0.249973868153,0.280507311642,0.0813996793334,0.214655750029
2,0.193190029032,0.614058979703,0.196868801855,0.240871389807,0.063635738261,0.181403629753
2,0.186511261252,0.53930847435,0.192015148545,0.271841380252,0.0522801549243,0.171438583979
2,0.179854197314,0.562852636044,0.231387717328,0.286184605843,0.121004288134,0.17501195445
2,0.195204424894,0.626880880451,0.148657428481,0.15422331818,0.0628429029618,0.132493627861
2,0.190846197244,0.613640552952,0.190796181708,0.209468733078,0.0755507094478,0.153150627059
2,0.0454981869873,0.578900308727,0.160500398064,0.191020108755,0.0640566165543,0.154370648292
2,0.0488589860408,0.64762325215,0.191154663047,0.198842977792,0.0807424417373,0.171026471999
2,0.200431476248,0.529301683475,0.120415810691,0.15028629373,0.0615470285541,0.107934233916
2,0.115417152417,0.539160823648,0.171162429431,0.233580497112,0.0709215772546,0.167785651991
2,0.223835317562,0.541946914289,0.167321469174,0.229293339015,0.0505420541449,0.159092023337
2,0.188175799827,0.657927574547,0.193636870806,0.227338145664,0.0699757714865,0.155070162362
2,0.172009532638,0.475006207976,0.133091971542,0.206097452723,0.0506756043799,0.140301207152
2,0.157765456379,0.49267629865,0.208412835616,0.279530028115,0.0953270229457,0.183107849724
2,0.303861230776,0.47314534575,0.22381783613,0.290498550984,0.137428469441,0.219615023411
2,0.0846114926136,0.505963222403,0.214997755084,0.279427395642,0.106192677312,0.195550147749
2,0.0627684796465,0.412087184624,0.128633529693,0.220476527598,0.0425290645479,0.136277573101
2,0.0301136201076,0.429272014843,0.117467187699,0.191790279678,0.0422744314507,0.144081712328
2,0.452101355862,0.536272873781,0.156808711359,0.18711022057,0.0595663215848,0.162600251086
2,0.00315670059505,0.555620467624,0.1848977114,0.23373718909,0.088674353301,0.159993049109
2,0.0599657079879,0.413928325597,0.11965139393,0.223460963621,0.0477325757742,0.151113689151
2,0.159371343293,0.597907207307,0.202570392569,0.248096518762,0.0588196356257,0.186478313155
2,0.174954607719,0.43996038473,0.151681356037,0.260619629172,0.0513910815301,0.171026471999
2,0.247239762653,0.529437504255,0.151377939893,0.216087035128,0.0448117569185,0.154804460649
2,0.0241675914112,0.603677070303,0.188651045394,0.233721414134,0.0684105320613,0.150534396176
2,0.0439755906775,0.657932785344,0.261443242421,0.300927600595,0.081045814987,0.240052087386
2,0.176924008832,0.656003532644,0.25017326568,0.300180475159,0.103089105855,0.214013329659
2,0.28046248115,0.549530729256,0.172083373013,0.237023165953,0.0493974353377,0.159993049109
2,0.248708845448,0.48141855405,0.216061654275,0.281620479924,0.149190172761,0.178316440168
2,0.0865411044839,0.691029441158,0.242950830562,0.274425927994,0.0940747550754,0.181836774406
2,0.149466836589,0.517559954067,0.151048961106,0.204504489205,0.0471680638221,0.158792250403
2,0.124498389516,0.509605362183,0.209875365951,0.280575150336,0.0940996761783,0.178097208848
2,0.112080574794,0.517978244579,0.194255634102,0.26340298227,0.0887435634649,0.186366104434
2,0.0756711201768,0.580814002897,0.201815842337,0.24648952132,0.0678539685903,0.18306170458
2,0.169400739038,0.595132478882,0.216141734272,0.268052064198,0.0818077713618,0.185744891612
2,0.295106794787,0.565215562243,0.214247561394,0.278892095444,0.117354593959,0.179128827871
2,0.350034353013,0.360135040839,0.25096074716,0.326401242612,0.344360640481,0.205166131534
