0.941919191919,0.2,0.254066949601,0.103926153187,0.151342554923,0.093023255814,0.0377487319547,0.15,1.0,0.142773836234,0.03744,0.0,0.0,0.0,0.663265306122,0.00883858885677,0.257280826072,0.431974426884,0.36968355961,0.546191626378,0.480116956948
0.928535353535,0.6,0.323453369854,0.134370445704,0.143205858421,0.0440636474908,0.0645727662895,0.15,1.0,0.137958761052,0.03456,0.0,0.0,0.0,0.36862244898,0.010997501621,0.272777472122,0.433982896623,0.387800562355,0.405168084999,0.552751057386
0.914898989899,0.68,0.506432059116,0.358988645128,0.353132628153,0.418604651163,0.12241513851,0.75,1.0,0.507949667867,0.10816,0.0,0.0,0.0,0.18221574344,0.0132476230094,0.243827518339,0.213377931834,0.172095413874,0.25899972641,0.22369873627
0.974747474747,0.6,0.443986533264,0.30581271152,0.207485760781,0.425948592411,0.12660944206,0.75,1.0,0.376782394643,0.07296,0.0,0.0,0.0,0.242346938776,0.00374091116653,0.210949789384,0.223611192357,0.29372238475,0.249103126554,0.217797773568
0.730808080808,0.82,0.361485714261,0.240646889514,0.26851098454,0.171358629131,0.105637924307,0.0,1.0,0.0,0.0,0.0,0.0,0.0,0.0897062121552,0.0496702475528,0.278503480472,0.281534341729,0.228702603046,0.284413787509,0.377476995526
0.918686868687,0.36,0.382333203362,0.170293883648,0.0537021969081,0.0195838433293,0.09061646508,0.0,1.0,0.0,0.0,0.0,0.0,0.0,0.46518607443,0.0126173784492,0.410485509637,0.478954767845,0.602264835671,0.320200698255,0.586532753595
0.791666666667,0.36,0.268430581188,0.131465428101,0.0504475183076,0.0183598531212,0.0840811548966,0.0,1.0,0.0,0.0,0.0,0.0,0.0,0.46518607443,0.0362218763849,0.387073324917,0.505836345096,0.61360461928,0.338275110553,0.588747607451
0.975,0.16,0.419382055523,0.227598640432,0.173311635476,0.0673194614443,0.112075692548,0.35,1.0,0.0841324387084,0.00544,0.0,0.0,0.0,0.721323011963,0.00370274639234,0.401459616616,0.356160434451,0.335715070424,0.278884322575,0.508401403737
0.958838383838,0.0,0.493038092499,0.236724872449,0.180634662327,0.111383108935,0.0752048380804,0.85,1.0,0.166597525869,0.01296,0.0,0.0,0.0,1.0,0.00617710512448,0.389107883915,0.359515327653,0.32761851603,0.365846086349,0.447375055162
0.932828282828,0.3,0.503666584932,0.240695549776,0.165988608625,0.209302325581,0.0810573546625,0.35,1.0,0.252407784747,0.07952,0.0,0.0,0.0,0.533751962323,0.0102997541497,0.252422477009,0.34834615075,0.36173605872,0.349027455283,0.34536761333
0.984090909091,0.32,0.760387444027,0.529129248953,0.182262001627,0.171358629131,0.284920015607,0.8,0.0,0.28403221848,0.09136,0.0,0.0,0.2,0.576923076923,0.00767748157516,0.498267712625,0.267047286689,0.323095186173,0.111434618185,0.379811800956
0.995454545455,0.44,0.392265834545,0.166950923693,0.143205858421,0.0440636474908,0.0366757705813,0.35,1.0,0.0570963638257,0.00224,0.0,0.0,0.0,0.382653061224,0.000662280941164,0.294755278697,0.432496716171,0.383499023421,0.550893538355,0.544696625188
0.923484848485,0.28,0.21049227531,0.0807127755083,0.13344182262,0.0244798041616,0.0323839250878,0.15,1.0,0.175863603669,0.06336,0.0,0.0,0.0,0.715880102041,0.0118248473684,0.27865006383,0.514151976803,0.416544379676,0.598343871559,0.586532753595
0.975,0.3,0.464656469174,0.213304688659,0.140764849471,0.0183598531212,0.0525751072961,0.35,1.0,0.169994094808,0.04048,0.0,0.0,0.0,0.576923076923,0.0116173510961,0.401313614963,0.448981887945,0.402547394129,0.461091433958,0.595392169022
0.569444444444,0.7,0.13467482846,0.0505604445601,0.0390561432059,0.00856793145655,0.0316035895435,0.75,1.0,1.0,0.88352,1.0,0.0,1.0,0.762304921969,0.158426611528,0.683477614152,0.849745634213,0.840861843517,0.724958966871,0.91840802354
0.0,0.44,0.0,0.0,0.0,0.00489596083231,0.0190206788919,0.75,1.0,0.924454129198,0.79376,0.733333333333,0.0,1.0,0.608953258723,1.0,0.330285053496,1.0,0.907737563198,0.985067100013,0.942330385835
0.767676767677,0.64,0.125409717202,0.056769493909,0.143205858421,0.0244798041616,0.0316035895435,0.75,1.0,0.898966714209,0.92384,0.733333333333,0.321428571429,1.0,0.827526132404,0.153652424825,0.699625388515,0.797918294849,0.633275672479,0.692089141908,0.910146216329
0.264646464646,0.68,0.0634906389595,0.0295027164591,0.0,0.0,0.0256535310183,0.55,1.0,0.511708076642,0.14048,0.0,0.0,0.0,0.603841536615,0.416590829657,0.247065451959,0.717973193177,0.855520002937,0.695201227054,0.632637874696
0.15404040404,0.42,0.0513216199095,0.0204178456642,0.00162733930024,0.00489596083231,0.0248731954741,0.55,1.0,0.703769863719,0.59616,0.733333333333,0.0,0.733333333333,0.924116125323,0.372163980598,0.692139992263,0.926330346078,1.0,0.6799128962,0.942330385835
0.240909090909,0.28,0.0698597578982,0.0553632123558,0.13018714402,0.0,0.0334568864612,0.35,1.0,0.0570963638257,0.00224,0.0,0.0,0.0,0.558035714286,0.276335892359,0.299905985898,0.539739952221,0.407150665955,0.574081975566,0.623044283841
0.960606060606,0.64,0.506266569977,0.218294798461,0.0105777054516,0.0,0.0334568864612,0.75,1.0,0.802528369236,0.30528,0.0,0.0,0.2,0.574650912997,0.00590328756337,0.710625782171,0.655584204755,0.860534956744,0.578502332796,0.652424655835
0.977525252525,0.92,0.547931237334,0.290567451638,0.163547599675,0.208078335373,0.0944206008584,0.75,1.0,0.666053276577,0.23008,0.0,0.0,0.2,0.494897959184,0.0033219534916,0.396346214742,0.367604244678,0.373752758498,0.332456210234,0.389380051596
0.97196969697,0.22,0.777473365549,0.629717308212,0.416598860862,0.552019583843,0.470932500975,0.35,1.0,0.261381667686,0.07488,0.0,0.0,0.0,0.635664101706,0.00416175410815,0.193550294511,0.0981882934412,0.137722500286,0.049467374932,0.132519812275
0.97297979798,0.2,0.809508569659,0.773605701036,0.583401139138,0.504283965728,0.697815060476,0.35,1.0,0.225040635628,0.0512,0.0,0.0,0.0,0.663265306122,0.00400850137873,0.310069466195,0.0804587988153,0.0678629416655,0.0198525468602,0.144801642511
0.986616161616,0.4,0.755705885929,0.582095943437,0.437754271766,0.390452876377,0.396800624268,0.15,1.0,0.0831922630822,0.01152,0.0,0.0,0.0,0.422740524781,0.00196384602779,0.267672089532,0.145759101347,0.120637410365,0.0662278491962,0.205776978207
0.967676767677,0.72,0.768666105093,0.6926642223,0.566314076485,0.570379436965,0.569157237612,0.35,1.0,0.210069234828,0.04032,0.0,0.0,0.0,0.15424774561,0.00481588563967,0.141922305953,0.0614148407917,0.0731424326332,0.0348394087977,0.118322210878
0.991414141414,0.5,0.835569913577,0.717410398211,0.553295362083,0.463892288862,0.609734685915,0.55,1.0,0.384342113657,0.1136,0.0,0.0,0.0,0.820408163265,0.00125500563903,0.369877217011,0.126145810109,0.0789480941581,0.0290142296417,0.187366040943
0.984090909091,0.14,0.802404155712,0.724040358821,0.592351505289,0.558139534884,0.648361295357,0.75,1.0,0.401923247983,0.0768,0.0,0.0,0.0,0.751879699248,0.00233911135732,0.236754341475,0.0697285063922,0.0654317835838,0.0376423722712,0.121914920005
0.993686868687,0.76,0.83488258162,0.721378642525,0.498779495525,0.405140758874,0.64621537261,0.35,1.0,0.155663489876,0.03232,0.0,0.0,0.0,0.127551020408,0.000921128880201,0.367933478867,0.139525159017,0.0995741982695,0.0242588390306,0.198480481507
0.996464646465,0.84,0.870233898413,0.83851605667,0.621643612693,0.537331701346,0.796137339056,0.35,1.0,0.191727803202,0.03648,0.0,0.0,0.0,0.0776397515528,0.000514694155684,0.192823959209,0.0529738761687,0.0564328327355,0.0110270143886,0.145942123686
0.995707070707,0.8,0.776220904658,0.667287896003,0.564686737185,0.425948592411,0.570327740929,0.15,1.0,0.024469870211,0.00096,0.0,0.0,0.0,0.102040816327,0.00062536203125,0.255753619814,0.112951596668,0.072118486116,0.0334256502785,0.183286457854
0.984848484848,0.84,0.82272631109,0.886577796809,1.0,0.52876376989,0.805306281701,0.75,1.0,0.554771331538,0.14752,0.0,0.0,0.0,0.234693877551,0.00222637223271,0.262459223711,0.0508272436404,0.00658959580084,0.0145032056498,0.148842127044
0.969191919192,0.9,0.715671133906,0.521015150372,0.388934092758,0.41370869033,0.248927038627,0.0,1.0,0.0,0.0,0.0,0.0,0.0,0.0429645542427,0.00458449507042,0.21889318907,0.157670694053,0.144630888464,0.123827332219,0.190115448345
0.987878787879,0.54,0.755392345696,0.577461053543,0.406021155411,0.414932680539,0.431915723761,0.35,1.0,0.278097179153,0.08736,0.0,0.0,0.0,0.291545189504,0.00177678171722,0.352469915794,0.17428062844,0.143309602213,0.0575752665072,0.215256433658
0.978787878788,0.76,0.785424224762,0.642103777739,0.46704637917,0.474908200734,0.546527506828,0.15,1.0,0.132833823106,0.03168,0.0,0.0,0.0,0.127551020408,0.00313213799053,0.242978350236,0.12457384535,0.107450168973,0.0367782206831,0.160805524063
0.999494949495,0.76,0.840425330448,0.76126789177,0.53458096013,0.473684210526,0.731174404994,0.35,1.0,0.196596022129,0.0288,0.0,0.0,0.0,0.127551020408,7.33511993438e-05,0.21518336058,0.0880045832277,0.0842054868139,0.0161119937175,0.158363951387
0.987878787879,0.3,0.861875332602,0.701887774839,0.554922701383,0.411260709914,0.54789309403,0.75,1.0,0.503889091952,0.12896,0.0,0.0,0.0,0.533751962323,0.00177678171722,0.423513195664,0.142798800421,0.0862778561705,0.0365783243098,0.194412422502
0.97904040404,0.08,0.877740646522,0.734546109247,0.567127746135,0.418604651163,0.595688646118,0.75,1.0,0.354851135113,0.07552,0.0,0.0,0.0,0.850340136054,0.00309422121503,0.358163267329,0.126484676573,0.0738470843404,0.0352361166191,0.194990939883
0.988131313131,0.84,0.835871634698,0.730974446064,0.571196094386,0.488372093023,0.590226297308,0.35,1.0,0.232947716815,0.0464,0.0,0.0,0.0,0.0776397515528,0.00173941417656,0.155359441109,0.0771079521323,0.07034549451,0.0315124563534,0.167629196433
0.991161616162,0.78,0.781453041102,0.651312732201,0.553295362083,0.450428396573,0.502828716348,0.55,1.0,0.305575793467,0.06176,0.0,0.0,0.0,0.114652602614,0.00129217777454,0.313236477279,0.131370768194,0.0797653133757,0.0436895825803,0.183962693094
0.893181818182,0.84,0.676812181483,0.576692221414,0.484947111473,0.391676866585,0.481467030823,0.55,1.0,0.217929886425,0.02112,0.0,0.0,0.0,0.0776397515528,0.0169407615794,0.280369865385,0.139378634916,0.10018983717,0.0474813102697,0.203586037153
0.995454545455,0.96,0.803723286756,0.722329950634,0.595606183889,0.4394124847,0.604662504877,0.55,1.0,0.388391866151,0.08992,0.0,0.0,0.0,0.177590266876,0.000662280941164,0.273567843655,0.0991602592791,0.0726298924138,0.0299291040997,0.194990939883
0.985606060606,0.92,0.792568585019,0.678474890089,0.452400325468,0.43329253366,0.590714007023,0.15,1.0,0.127361621937,0.0288,0.0,0.0,0.0,0.031887755102,0.00645171635967,0.19747598726,0.107069002605,0.115729012425,0.030765992405,0.185991398815
0.990404040404,0.98,0.746098403929,0.629807329695,0.418226200163,0.541003671971,0.516679672259,0.35,1.0,0.188808256796,0.02656,0.0,0.0,0.0,0.0,0.0014037840774,0.0728529180867,0.0792317610005,0.133155628231,0.0413846223178,0.134172927835
0.959848484848,0.62,0.593028967337,0.325775583741,0.147274206672,0.0342717258262,0.137729223566,0.35,1.0,0.102016699631,0.00848,0.0,0.0,0.0,0.379500114653,0.00602054098295,0.428086908691,0.370672862402,0.376526816387,0.227146540234,0.563048138764
0.981565656566,0.5,0.531251646331,0.261668122419,0.13262815297,0.0293757649939,0.0562817011315,0.0,1.0,0.0,0.0,0.0,0.0,0.0,0.326530612245,0.00271589998837,0.397037407595,0.42747491201,0.402547394129,0.440084342357,0.56932017505
0.938131313131,0.0,0.579710197951,0.346828445816,0.164361269325,0.112607099143,0.135095591104,0.15,1.0,0.176811876588,0.06432,0.0,0.0,0.0,1.0,0.00944471893885,0.451542839815,0.333682735975,0.362807877647,0.235874539981,0.465032199163
0.963383838384,0.0,0.432782876451,0.223666891315,0.19690805533,0.0771113831089,0.0787163480297,0.15,1.0,0.186217229171,0.07488,0.0,0.0,0.2,1.0,0.00547459811292,0.549470708901,0.370849668728,0.303822307778,0.360078926033,0.506562809029
0.963383838384,0.04,0.564007049604,0.323269580281,0.165988608625,0.0391676866585,0.131388997269,0.625,1.0,0.219355666809,0.03264,0.0,0.0,0.0,0.922291993721,0.00547459811292,0.609654235903,0.379138415367,0.346550880373,0.25590368599,0.552751057386
0.991919191919,0.62,0.441554637192,0.232428171372,0.159479251424,0.0673194614443,0.0874951229028,0.35,1.0,0.0570963638257,0.00224,0.0,0.0,0.0,0.226757369615,0.0011807062619,0.283796364081,0.358017265568,0.356569524144,0.329342685892,0.508401403737
0.951767676768,0.18,0.53337123996,0.324478787776,0.171684296176,0.315789473684,0.126121732345,0.15,1.0,0.0422410712655,0.00288,0.0,0.0,0.0,0.691802144587,0.00728034676805,0.251584816119,0.279013815095,0.338080640668,0.245452591553,0.252166850909
0.968686868687,0.14,0.587617772623,0.347602143971,0.156224572823,0.0832313341493,0.122902848225,0.8,0.0,0.19737246923,0.03216,0.0,0.0,0.0,0.751879699248,0.00466156198684,0.535038995846,0.374204442051,0.36173605872,0.250986004047,0.494665854224
0.968434343434,0.02,0.35737215135,0.209589477705,0.213181448332,0.0966952264382,0.103979711276,0.35,1.0,0.129749327451,0.02272,0.0,0.0,0.0,0.960384153661,0.00470011915795,0.497875003864,0.346883710031,0.284072446029,0.288666016364,0.471660672206
0.883080808081,0.02,0.528856799203,0.356621323413,0.290480065094,0.445532435741,0.14972688256,0.0,1.0,0.0,0.0,0.0,0.0,0.0,0.960384153661,0.0187062049008,0.384621638207,0.225438686777,0.209563043406,0.210473409187,0.172751424636
0.992171717172,0.08,0.634542838512,0.56094576084,0.559804719284,0.7576499388,0.440499414748,0.75,1.0,0.43371033785,0.13824,0.0,0.0,0.2,0.850340136054,0.00114357900221,0.366599627409,0.1014995902,0.0794904078285,0.0642783090914,0.0909699287232
0.978535353535,0.1,0.648269004366,0.510339089031,0.408462164361,0.785801713586,0.380901287554,0.35,1.0,0.137346931681,0.01952,0.0,0.0,0.0,1.0,0.00317007019504,0.238657403739,0.090109880304,0.134800083416,0.0704370164303,0.0439774342164
0.965656565657,0.12,0.615046999086,0.534133956833,0.438567941416,0.660954712362,0.3907530238,0.75,1.0,0.30199554184,0.0624,0.0,0.0,0.0,0.783527696793,0.00512529441073,0.294273610759,0.106566090119,0.122901772074,0.0685163149033,0.0997798586134
0.99595959596,0.06,0.668171276345,0.640106274011,0.622457282343,0.834761321909,0.529750292626,0.35,1.0,0.186128785932,0.04864,0.0,0.0,0.0,0.885637273777,0.000662280941164,0.294176841231,0.0568569709477,0.0573196142397,0.0399023975829,0.0427517205669
0.966919191919,0.56,0.696141280897,0.628651648488,0.498779495525,0.826193390453,0.479711275849,0.35,1.0,0.18718912985,0.0496,0.0,0.0,0.0,0.36862244898,0.0049317947788,0.180480323276,0.0580584308432,0.0948302122075,0.048280259559,0.0384684590599
0.985858585859,0.02,0.623738981823,0.490171843713,0.416598860862,0.801713586291,0.35700351151,0.55,1.0,0.241365612983,0.04512,0.0,0.0,0.0,0.960384153661,0.00207626622997,0.18643914408,0.0902884931947,0.131529572652,0.077490754657,0.0421485364833
0.987121212121,0.58,0.660075203787,0.513764771431,0.410089503662,0.717258261934,0.325692547796,0.75,1.0,0.275253832816,0.048,0.0,0.0,0.0,0.448328267477,0.00188897494548,0.198941631437,0.103997341094,0.134386645298,0.093155374979,0.0643355704971
1.0,0.1,0.645438079673,0.502283382764,0.387306753458,0.542227662179,0.419430355053,0.35,1.0,0.142717719955,0.02592,0.0,0.0,0.0,1.0,0.0,0.409856887863,0.147497920804,0.150985429123,0.0617371702821,0.126626449655
0.952272727273,0.08,0.591174460533,0.439282942389,0.358014646054,0.567931456548,0.260827155677,0.55,1.0,0.222607004545,0.05248,0.0,0.0,0.0,0.850340136054,0.00720111792003,0.368275969787,0.169078111545,0.162547955992,0.11714477241,0.1361532411
0.990656565657,0.62,0.642452640578,0.588297693747,0.441008950366,0.747858017136,0.544771751853,0.55,1.0,0.249364064043,0.05472,0.0,0.0,0.0,0.417729591837,0.00136656698467,0.26158618533,0.0856871166226,0.118777698163,0.0378930241111,0.0604714552237
0.99797979798,0.5,0.636318375453,0.497716617236,0.410089503662,0.4394124847,0.391240733515,0.35,1.0,0.201611070201,0.0496,0.0,0.0,0.0,0.326530612245,0.000293757447372,0.355752170901,0.16108480123,0.137306753935,0.0713336547841,0.184896701174
0.985858585859,0.14,0.584261518815,0.433764868751,0.3360455655,0.455324357405,0.277214202107,0.75,1.0,0.616090444667,0.20288,0.0,0.0,0.0,0.751879699248,0.00423847455066,0.40253396775,0.20566245475,0.206973512534,0.116837594297,0.196427357958
0.987626262626,0.22,0.648299062231,0.635267011019,0.650935720098,0.806609547124,0.5546234881,0.75,1.0,0.332202547659,0.07264,0.0,0.0,0.0,0.635664101706,0.00181416435283,0.284106893126,0.0590082767302,0.0518776810111,0.0375138114513,0.071061941394
0.975,0.28,0.705202724514,0.643753360599,0.60048820179,0.844553243574,0.52184939524,0.55,1.0,0.208776714377,0.04704,0.0,0.0,0.0,0.558035714286,0.00370274639234,0.172704620297,0.040666555573,0.0623503536966,0.0414793566222,0.0282452305013
0.995707070707,0.04,0.649117287168,0.537094933737,0.524003254679,0.750305997552,0.375829106516,0.15,1.0,0.105898567447,0.0192,0.0,0.0,0.0,0.922291993721,0.00062536203125,0.22654737957,0.0800407849674,0.088450214991,0.0742869181192,0.0604714552237
0.99898989899,0.14,0.642530580516,0.526207200259,0.411716842962,0.835985312118,0.388021849395,0.55,1.0,0.275056112574,0.05856,0.0,0.0,0.0,0.751879699248,0.000146761126629,0.145962004858,0.0783248665166,0.13356442752,0.0718050224782,0.0307080872155
0.981818181818,0.38,0.653260455566,0.55327690365,0.404393816111,0.835985312118,0.431720639875,0.55,1.0,0.201447662316,0.03552,0.0,0.0,0.0,0.443655723159,0.0026781523124,0.136340392388,0.0675231764655,0.138145456112,0.0595784687426,0.0301746877667
0.954545454545,0.28,0.624910704654,0.520669662517,0.441822620016,0.717258261934,0.389582520484,0.35,1.0,0.175999564648,0.05344,0.0,0.0,0.0,0.558035714286,0.00684540176116,0.20686961433,0.0934699506092,0.123528830665,0.0701701055184,0.0675604550473
0.981565656566,0.66,0.668804486346,0.583494925951,0.418226200163,0.659730722154,0.489172844323,0.55,1.0,0.243593653324,0.0464,0.0,0.0,0.0,0.200717649697,0.00450749132361,0.207799727788,0.0887477126411,0.129921609592,0.0460839375753,0.0916657130124
0.949494949495,0.16,0.591564727086,0.511560461591,0.411716842962,0.776009791922,0.426160749122,0.55,1.0,0.199761683254,0.03808,0.0,0.0,0.0,0.895496129486,0.00763769363167,0.242492673565,0.0917403877589,0.134388974527,0.0616170046001,0.0559310750421
0.981060606061,0.06,0.628071351318,0.589998369881,0.589096826688,0.791921664627,0.513850955911,0.35,1.0,0.149671045724,0.02624,0.0,0.0,0.0,0.885637273777,0.00279144132731,0.388213573748,0.0870018662182,0.064711347034,0.041848399394,0.0544559482974
0.954292929293,0.08,0.574883032707,0.421894197994,0.305939788446,0.494492044064,0.258193523215,0.35,1.0,0.223295638881,0.04928,0.0,0.0,0.0,0.850340136054,0.0142644918355,0.515405610104,0.214173610811,0.199419598004,0.121647531155,0.170827815822
0.999747474747,0.02,0.577837617753,0.335398150423,0.179820992677,0.0673194614443,0.133144752243,0.75,1.0,0.467078133102,0.13472,0.0,0.0,0.0,0.960384153661,3.66682630846e-05,0.694345856694,0.391440064548,0.334537944561,0.244265493235,0.5157889104
0.945454545455,0.12,0.447744416246,0.234328354578,0.175752644426,0.288861689106,0.0542333203277,0.5,1.0,0.321343390446,0.09024,0.0,0.0,0.0,0.783527696793,0.00827629677813,0.194226469219,0.336396004952,0.351504793206,0.466205995977,0.304872137709
0.956818181818,1.0,0.51898296825,0.262419923457,0.165988608625,0.115055079559,0.0853492001561,0.55,1.0,0.31364262098,0.1312,0.0,0.0,0.2,0.282056218714,0.0064910115271,0.346413058135,0.382256813002,0.352764707709,0.36256519189,0.499990626448
0.984595959596,0.14,0.663170498871,0.54924783401,0.461350691619,0.307221542228,0.464299648849,0.35,1.0,0.172593548902,0.0336,0.0,0.0,0.0,0.751879699248,0.00226393672338,0.374743856778,0.160751922832,0.109853619947,0.0507686066333,0.258314034398
0.99696969697,0.92,0.597328828697,0.352351385479,0.165174938975,0.0587515299878,0.138997268826,0.35,1.0,0.131484375302,0.01664,0.0,0.0,0.0,0.031887755102,0.000440989528051,0.376926137793,0.336836257495,0.351517145309,0.225290679554,0.521404078021
0.915909090909,0.84,0.390143970056,0.161021670847,0.0561432058584,0.0293757649939,0.0354077253219,0.35,1.0,0.136847856982,0.03008,0.0,0.0,0.0,0.0776397515528,0.0130791616679,0.288439189849,0.521978366379,0.593986421762,0.571176190348,0.571451059173
0.969696969697,0.76,0.445893379078,0.190667935077,0.0593978844589,0.0293757649939,0.0378462738978,0.15,1.0,0.115174472955,0.02304,0.0,0.0,0.0,0.127551020408,0.00450749132361,0.3551306276,0.497588804863,0.583212134495,0.545528455853,0.56932017505
0.993434343434,0.14,0.707425574102,0.58067019778,0.40032546786,0.488372093023,0.494732735076,0.95,1.0,0.574846122054,0.17968,0.0,0.0,0.05,0.751879699248,0.000958166631717,0.304647356591,0.146042630732,0.150316227534,0.0475713602828,0.166276509984
0.996212121212,0.12,0.66995580635,0.506818519122,0.346623270952,0.176254589963,0.377682403433,0.625,1.0,0.406259286747,0.11168,0.0,0.0,0.0,0.783527696793,0.000551568647422,0.510958910547,0.236092242872,0.196362718272,0.0842135165484,0.385616893364
0.923737373737,0.34,0.301437248552,0.117796760686,0.0553295362083,0.0195838433293,0.0331642606321,0.625,1.0,0.368590584479,0.12016,0.0,0.0,0.0,0.556703694136,0.0117833127804,0.357911823175,0.573970695175,0.607892728277,0.607935089063,0.586532753595
0.996464646465,0.1,0.416684238236,0.18338106094,0.13181448332,0.0244798041616,0.0561841591885,0.625,1.0,0.35897163235,0.18352,0.0,0.0,0.2,0.957240038873,0.000514694155684,0.507398822754,0.515084799385,0.470272733717,0.440864542975,0.595392169022
0.955303030303,0.28,0.485565992938,0.272057088219,0.177379983727,0.0342717258262,0.103979711276,0.85,1.0,0.35074749435,0.09504,0.0,0.0,0.0,0.558035714286,0.00672712472472,0.48393670446,0.389281214835,0.36173605872,0.290618670305,0.560957460002
0.939141414141,0.54,0.471688680196,0.250281621263,0.164361269325,0.0917992656059,0.0929574717128,0.85,1.0,0.404376846686,0.08096,0.0,0.0,0.0,0.334743653559,0.00928271064627,0.354144313259,0.363963941334,0.362807877647,0.329297924126,0.501641992905
0.936111111111,0.04,0.651281535699,0.473595725683,0.314076484947,0.504283965728,0.218786578229,0.85,1.0,0.698722745943,0.2072,0.0,0.0,0.2,0.933484504913,0.00976955460954,0.516276351956,0.211613977252,0.203786425637,0.148822701825,0.172751424636
0.995202020202,0.36,0.524477706745,0.344383267683,0.296989422295,0.455324357405,0.130803745611,0.85,1.0,0.633861843736,0.152,0.0,0.0,0.0,0.886402753873,0.000699214674973,0.36710943433,0.235806917962,0.218237909308,0.249781286935,0.189606580495
0.978282828283,0.12,0.675468016312,0.470822090785,0.281529698942,0.193390452876,0.22590714007,0.85,1.0,0.635257397695,0.16304,0.0,0.0,0.0,0.783527696793,0.00320801783797,0.535175820992,0.267020949895,0.222387219502,0.157550840737,0.372331776152
0.994191919192,0.08,0.660977443368,0.447718198694,0.340927583401,0.438188494492,0.166113928989,0.85,1.0,0.647840138947,0.18832,0.0,0.0,0.2,0.850340136054,0.000847098027865,0.483111450437,0.229096850513,0.200036040602,0.197388629782,0.217800624982
0.97702020202,0.3,0.662772290757,0.456396756307,0.358828315704,0.488372093023,0.172063987515,0.85,1.0,0.579353820811,0.1488,0.0,0.0,0.0,0.798733286418,0.00339798795917,0.330286226803,0.192184799656,0.168175319744,0.189713368119,0.165136724461
0.980808080808,0.26,0.659351123469,0.436392522864,0.192839707079,0.0489596083231,0.218103784627,0.85,1.0,0.562746472459,0.19408,0.0,0.0,0.2,0.718771024893,0.00282923500897,0.645844180737,0.348984966979,0.325340961184,0.143956771321,0.552751057386
0.983585858586,0.06,0.547835146177,0.283290309552,0.161106590724,0.112607099143,0.087787748732,0.85,1.0,0.164097361047,0.01888,0.0,0.0,0.0,0.885637273777,0.00241434692308,0.30297684792,0.352933487445,0.360437966908,0.327810562734,0.447375055162
0.911363636364,0.32,0.488086314379,0.266869904358,0.156224572823,0.0342717258262,0.103979711276,0.85,1.0,0.232660982416,0.088,0.0,0.0,0.2,0.510204081633,0.013839520575,0.454337722194,0.406896210674,0.387638771347,0.300127884163,0.56932017505
0.995202020202,0.84,0.64951401997,0.488921274996,0.19853539463,0.181150550796,0.397190792041,0.35,1.0,0.228129564978,0.06496,0.0,0.0,0.0,0.144001525844,0.000699214674973,0.407022365368,0.241962466589,0.307950707172,0.0760875585881,0.367262221768
0.981060606061,0.38,0.833860916662,0.757226657064,0.60292921074,0.380660954712,0.703374951229,0.85,1.0,0.285908621887,0.05664,0.0,0.0,0.0,0.443655723159,0.00279144132731,0.378529779078,0.120093334518,0.0678629416655,0.0197263866723,0.244039430055
0.931818181818,0.12,0.547313350576,0.318551967943,0.172497965826,0.0391676866585,0.134022629731,0.55,1.0,0.408312100119,0.17408,0.0,0.0,0.2,0.783527696793,0.0104634788019,0.575754944057,0.389526038374,0.36173605872,0.239036198498,0.577843711541
0.995454545455,0.12,0.698850344432,0.592920418576,0.506916192026,0.384332925337,0.469859539602,0.85,1.0,0.254696599617,0.05408,0.0,0.0,0.0,0.783527696793,0.000662280941164,0.411718995225,0.159220558421,0.0920841363961,0.0506608028025,0.219352789247
0.976767676768,0.54,0.642678025737,0.54595596733,0.46460537022,0.205630354957,0.481954740538,0.85,1.0,0.237779128613,0.04736,0.0,0.0,0.0,0.594543940025,0.00343602843087,0.433381442523,0.17811542162,0.113768992727,0.049247621905,0.348903974214
0.980050505051,0.08,0.886056097283,0.819837815349,0.571196094386,0.487148102815,0.772142021069,0.85,1.0,0.508287515187,0.12768,0.0,0.0,0.0,0.850340136054,0.00298056336846,0.360364531142,0.0940786537256,0.0816860512747,0.014002644271,0.155947198111
0.987121212121,0.64,1.0,1.0,0.613506916192,0.581395348837,1.0,0.85,1.0,0.591200387853,0.19136,0.0,0.0,0.2,0.334743653559,0.00370274639234,0.305192023073,0.0679657126963,0.0616531265611,0.0,0.127460043367
0.990404040404,0.64,0.899531895743,0.768292000496,0.418226200163,0.193390452876,0.695766679672,0.85,1.0,0.611617799744,0.18496,0.0,0.0,0.2,0.643687707641,0.0014037840774,0.506440539464,0.18015312743,0.146367305293,0.0212328291064,0.389346973775
0.991414141414,0.54,0.78916697696,0.653310235929,0.427990235964,0.552019583843,0.468786578229,0.85,1.0,0.645663425531,0.21408,0.0,0.0,0.2,0.386205114957,0.00125500563903,0.306847326732,0.126757374713,0.137724910291,0.0508537953959,0.147585921045
0.978787878788,0.2,0.662733320487,0.467187169262,0.248982912937,0.0722154222766,0.32647288334,0.45,1.0,0.31654638895,0.15168,0.0,0.0,0.2,0.663265306122,0.00313213799053,0.609051131771,0.312604548126,0.2706143891,0.0997580479036,0.530967815277
0.972727272727,0.02,0.259423765557,0.0715062540601,0.026851098454,0.0195838433293,0.0261412407335,0.35,1.0,0.178110865836,0.05536,0.0,0.0,0.0,0.960384153661,0.00404679106568,0.245078750602,0.648091077766,0.714482016324,0.665165864003,0.590546931204
0.340909090909,0.04,0.0428507116252,0.0154617980453,0.0138323840521,0.0195838433293,0.0240928599298,0.15,1.0,0.212151409691,0.1488,0.2,0.0,0.2,0.922291993721,0.200177878279,0.235153896291,0.728322091743,0.817292807878,0.66971500161,0.657964954554
0.399242424242,0.28,0.0709999002964,0.00699491256968,0.00325467860049,0.00979192166463,0.0,0.15,1.0,0.112953547237,0.02208,0.0,0.0,0.0,0.558035714286,0.166379914381,0.0,0.768914886727,0.826576555249,1.0,0.613642564802
0.0929292929293,0.16,0.0417607038833,0.025656122799,0.0211554109032,0.0293757649939,0.0265314085057,0.75,1.0,0.810122667659,0.96832,1.0,1.0,1.0,0.922291993721,0.701878326596,0.669210451099,0.96094746124,0.943553093051,0.859546559889,0.987690396075
0.37297979798,0.52,0.120941324704,0.0604384776151,0.0553295362083,0.0293757649939,0.0308232539992,0.75,1.0,0.827857262073,1.0,1.0,0.428571428571,1.0,0.973415682062,0.307339483354,0.91400304489,0.900906649446,0.790543424669,0.743732340161,1.0
0.79595959596,0.5,0.26241731785,0.166133431303,0.152156224573,0.0587515299878,0.0735466250488,0.75,1.0,0.813702806168,0.94624,1.0,0.428571428571,1.0,1.0,0.0353316209221,1.0,0.650722633863,0.5812012795,0.452726179909,0.68692102234
0.972474747475,0.16,0.284142784119,0.0950870167124,0.0146460537022,0.0195838433293,0.0264338665626,0.75,1.0,0.783464815837,0.83648,0.533333333333,0.428571428571,1.0,0.951895043732,0.0228240707668,0.841425961118,0.91399863187,0.921047968501,0.829873759135,0.940669927027
0.893939393939,0.1,0.295062108482,0.138915314114,0.154597233523,0.0342717258262,0.0588177916504,0.75,1.0,0.796272120001,0.62816,0.2,0.428571428571,1.0,1.0,0.0368210208269,0.834122037704,0.621078340515,0.456953123559,0.542121788667,0.686644147923
0.869444444444,0.06,0.35502959979,0.17101648853,0.122864117168,0.0195838433293,0.057744830277,0.75,1.0,0.607341411391,0.44192,0.2,0.428571428571,0.466666666667,0.926339285714,0.0415839451621,0.76265860516,0.6124654199,0.542433756537,0.489538940004,0.695079947523
0.996464646465,0.08,0.425202924574,0.190317581196,0.0512611879577,0.0146878824969,0.0490635973469,0.75,1.0,0.705794384001,0.52416,0.2,0.428571428571,0.533333333333,0.922291993721,0.0188966282873,0.922730537457,0.709758726118,0.739099738946,0.561975220079,0.765843978668
0.990656565657,0.18,0.374874209607,0.162364694061,0.123677786819,0.0293757649939,0.0542333203277,0.75,1.0,0.532981669129,0.42528,0.2,0.428571428571,0.466666666667,0.863023175372,0.0198336883991,0.634466251801,0.593513061217,0.486475714705,0.559924668014,0.639292069639
0.956313131313,0.0,0.378702063826,0.152669136986,0.0740439381611,0.0293757649939,0.0377487319547,0.75,1.0,0.658404533415,0.52256,0.2,0.428571428571,0.466666666667,1.0,0.0255570804928,0.754184960989,0.683586776445,0.654363041508,0.632568302063,0.681742393657
0.959090909091,0.3,0.327495839842,0.15207791481,0.136696501221,0.0293757649939,0.0479906359735,0.75,1.0,0.604187040459,0.60992,0.333333333333,0.428571428571,0.466666666667,0.896389324961,0.0513730901259,0.843969528938,0.654300907985,0.529681412975,0.582072413993,0.699116757515
0.984090909091,0.04,0.417043277855,0.17339597531,0.0699755899105,0.0293757649939,0.0381388997269,0.75,1.0,0.669625787504,0.64128,0.466666666667,0.428571428571,0.733333333333,1.0,0.00233911135732,0.867832461102,0.728920220491,0.684640055053,0.656116611937,0.765333464087
0.959343434343,0.08,0.30230805458,0.164072669234,0.13506916192,0.0636474908201,0.0529652750683,0.45,1.0,0.382380589064,0.19904,0.0,0.0,0.2,0.895496129486,0.00609879069906,0.521524847848,0.488770202843,0.434642351563,0.504322800687,0.571451059173
0.787878787879,0.18,0.282356755382,0.125307472026,0.0585842148088,0.0244798041616,0.0325790089739,0.75,1.0,0.72220759394,0.60896,0.2,0.428571428571,0.733333333333,0.863023175372,0.0590452469218,0.732845489763,0.727586743142,0.729452222945,0.66152832245,0.717061474224
0.903535353535,0.14,0.313069089214,0.122239442548,0.117982099268,0.0391676866585,0.035797893094,0.55,1.0,0.321517491187,0.26848,0.2,0.0,0.2,0.751879699248,0.035009679254,0.467503429386,0.586490980063,0.502718500561,0.611791737783,0.623044283841
0.994949494949,0.14,0.299667425112,0.104132959298,0.0911310008137,0.0489596083231,0.0348224736637,0.75,1.0,0.5128384936,0.38528,0.2,0.428571428571,0.2,0.929108485499,0.000736163241607,0.473812825902,0.625049183983,0.578176417918,0.639545875087,0.602030976358
0.834848484848,0.26,0.190979918447,0.0757518618633,0.0447518307567,0.0293757649939,0.0287748731955,0.75,1.0,0.531518475002,0.39328,0.2,0.428571428571,0.466666666667,0.762304921969,0.0486731621773,0.442309466927,0.687728938005,0.716088222333,0.686239985532,0.657964954554
0.833080808081,0.22,0.334559777953,0.120855058113,0.0895036615134,0.0391676866585,0.0334568864612,0.75,1.0,0.631436616635,0.43328,0.2,0.428571428571,0.466666666667,0.897700852493,0.027924492227,0.497082581212,0.646034507837,0.623321226919,0.655308684322,0.648765968002
0.828787878788,0.24,0.310554031361,0.124098264532,0.0789259560618,0.0195838433293,0.0341396800624,0.75,1.0,0.478282942844,0.33792,0.2,0.0,0.2,0.951895043732,0.0426069219305,0.565476357309,0.633883217357,0.612613250431,0.632696186186,0.667340844694
0.539393939394,0.26,0.175297705429,0.0765985504108,0.123677786819,0.0440636474908,0.0327740928599,0.75,1.0,0.6341608582,0.45152,0.2,0.428571428571,0.466666666667,0.957240038873,0.105273197865,0.546287830061,0.651874106127,0.547522229082,0.645010290949,0.657964954554
0.601262626263,0.5,0.192824120014,0.0667789096695,0.0390561432059,0.0244798041616,0.0295552087398,0.75,1.0,0.669063316343,0.6144,0.2,0.428571428571,0.6,0.730612244898,0.11139735792,0.557376685928,0.786699066685,0.800679786266,0.718307814305,0.761745531783
0.834090909091,0.1,0.287679327068,0.10720342179,0.0854353132628,0.0391676866585,0.0319937573156,0.75,1.0,0.720259796411,0.59008,0.2,0.428571428571,0.733333333333,1.0,0.0843999623408,0.558004905094,0.698815065526,0.638827793761,0.682481819344,0.667340844694
0.714141414141,0.12,0.203318002279,0.0834426161703,0.110659072417,0.0428396572827,0.0335544284042,0.75,1.0,0.745181913436,0.544,0.2,0.428571428571,0.733333333333,0.973415682062,0.0536455172144,0.575788657462,0.683785608504,0.574458617988,0.669073223683,0.677946513126
0.975505050505,0.2,0.27689083861,0.0797274052159,0.0374288039056,0.0195838433293,0.027409285993,0.75,1.0,0.66445398909,0.52224,0.2,0.428571428571,0.6,1.0,0.0484598492492,0.569023860264,0.781543255152,0.766022783936,0.732703528998,0.707403973123
0.568686868687,0.16,0.177409466464,0.0793089269682,0.0976403580146,0.0342717258262,0.033066718689,0.75,1.0,0.513286712076,0.38176,0.2,0.428571428571,0.2,0.831632653061,0.122945522761,0.478161684061,0.641650433452,0.587776284241,0.643389493298,0.648765968002
0.923484848485,0.2,0.278915230303,0.0907878826217,0.0341741253051,0.0244798041616,0.0287748731955,0.75,1.0,0.678748149852,0.55808,0.2,0.428571428571,0.466666666667,0.973415682062,0.06319304462,0.635783214816,0.781512507933,0.815136786088,0.710349445433,0.741871566131
0.996212121212,0.18,0.380680958896,0.148365136869,0.13506916192,0.0489596083231,0.0392118611003,0.75,1.0,0.654642502808,0.50144,0.2,0.428571428571,0.466666666667,0.924116125323,0.0189371902282,0.706997554424,0.617445024228,0.497610936373,0.594432291668,0.639738925124
0.887373737374,0.16,0.292459602891,0.100313128782,0.0471928397071,0.0244798041616,0.0300429184549,0.75,1.0,0.679347803202,0.55232,0.2,0.428571428571,0.6,0.895496129486,0.0380777769463,0.541578822322,0.736435854513,0.745422349263,0.716028826737,0.686808270188
0.725505050505,0.12,0.211378252703,0.0703749029836,0.0358014646054,0.0195838433293,0.027604369879,0.75,1.0,0.443812412628,0.36096,0.2,0.428571428571,0.2,0.783527696793,0.0743430807674,0.489652950431,0.737003623033,0.811843049257,0.694916874096,0.691029254461
0.975,0.4,0.336858035219,0.113480595504,0.0366151342555,0.0293757649939,0.0286773312524,0.75,1.0,0.356202992004,0.31232,0.2,0.428571428571,0.2,0.61895810956,0.0224034857476,0.451383397067,0.685360592619,0.744570120135,0.681003306264,0.657964954554
0.744949494949,0.2,0.226782983666,0.0765036629012,0.0496338486574,0.0293757649939,0.0305306281701,0.75,1.0,0.44830691354,0.33856,0.2,0.0,0.466666666667,0.663265306122,0.0843288966096,0.402483369939,0.674404926201,0.69358289475,0.659542049469,0.687444603879
0.945454545455,0.2,0.296613813703,0.0869704851185,0.0374288039056,0.0244798041616,0.0267264923917,0.75,1.0,0.634951934735,0.55904,0.2,0.428571428571,0.6,0.831632653061,0.0753345420088,0.522143191456,0.7896232378,0.806955025035,0.760637680807,0.738384960703
0.900757575758,0.26,0.316994508613,0.111298182783,0.0528885272579,0.0244798041616,0.0319937573156,0.75,1.0,0.595575495336,0.54816,0.2,0.428571428571,0.466666666667,0.957240038873,0.035530942026,0.555753694529,0.732639271999,0.751786686425,0.725417143317,0.696582482259
0.901767676768,0.14,0.284571208118,0.105021009068,0.104963384866,0.0489596083231,0.0323839250878,0.75,1.0,0.508171932311,0.39264,0.2,0.428571428571,0.2,0.929108485499,0.0154642176849,0.527962068235,0.645593454807,0.575326892233,0.673794782594,0.630879049706
0.857575757576,0.1,0.216543673073,0.0492198543598,0.0301057770545,0.0195838433293,0.0238002341007,0.75,1.0,0.494585776054,0.41088,0.2,0.428571428571,0.466666666667,0.951895043732,0.023912905587,0.395538281357,0.781467113418,0.805727461576,0.789227967147,0.686644147923
0.735353535354,0.24,0.197739409327,0.0916053750125,0.0813669650122,0.0477356181151,0.035797893094,0.75,1.0,0.588457817053,0.47616,0.2,0.428571428571,0.466666666667,0.980479148181,0.071800504505,0.543514386361,0.657884369996,0.62739554073,0.62705564525,0.664539682467
0.585353535354,0.16,0.146624267213,0.047285608971,0.0390561432059,0.0195838433293,0.0269215762778,0.75,1.0,0.45974252338,0.36352,0.2,0.428571428571,0.2,0.939689308559,0.11692631156,0.430331553811,0.740274715698,0.741018660346,0.702347416045,0.686644147923
0.985606060606,0.04,0.279578324158,0.0960261597565,0.0455655004068,0.0293757649939,0.0287748731955,0.75,1.0,0.531861850731,0.304,0.2,0.0,0.2,0.922291993721,0.0206556116666,0.526144096807,0.691716471629,0.744945435627,0.664025332572,0.676898790953
0.455808080808,0.16,0.151053152261,0.0815472989905,0.109845402766,0.0440636474908,0.0373585641826,0.75,1.0,0.713978889673,0.57952,0.2,0.428571428571,0.733333333333,0.895496129486,0.171062860531,0.628114453283,0.673094449493,0.622023787087,0.623946849417,0.679335130196
0.988636363636,0.16,0.344200018423,0.0954398036072,0.0195280716029,0.00979192166463,0.0269215762778,0.55,1.0,0.320414181406,0.19264,0.2,0.0,0.2,0.895496129486,0.0135008576285,0.427539306148,0.70747422166,0.781845772459,0.663334900957,0.667340844694
0.883585858586,0.46,0.236624246849,0.0689564563651,0.0577705451587,0.0244798041616,0.0292625829107,0.75,1.0,0.598624713519,0.39936,0.2,0.0,0.466666666667,0.701530612245,0.0388093778191,0.488358950432,0.704211766594,0.713808430221,0.662382237675,0.686644147923
0.85404040404,0.52,0.260535036794,0.0671049334206,0.0276647681041,0.0146878824969,0.0264338665626,0.75,1.0,0.666802013209,0.51968,0.2,0.428571428571,0.466666666667,0.827526132404,0.043838657871,0.436575659425,0.787054378308,0.833446994044,0.751878478846,0.69886105142
0.803535353535,0.12,0.186053706128,0.0682241194317,0.0439381611066,0.0342717258262,0.0283847054233,0.75,1.0,0.644066711252,0.40128,0.2,0.0,0.466666666667,0.963921282799,0.0554863427453,0.500496098723,0.710596763432,0.723591729756,0.696041443104,0.676898790953
0.622727272727,0.1,0.169365155425,0.0760000291962,0.0829943043124,0.0391676866585,0.033066718689,0.75,1.0,0.66701070823,0.5072,0.2,0.428571428571,0.6,0.820408163265,0.104252557455,0.561039621293,0.678073020105,0.626488854668,0.642794481914,0.673053427661
0.727272727273,0.14,0.271535761964,0.0955200930384,0.039869812856,0.0293757649939,0.027604369879,0.75,1.0,0.672106721926,0.47488,0.2,0.428571428571,0.466666666667,0.929108485499,0.10505725526,0.528091984055,0.73529016773,0.7696089702,0.718307814305,0.692550680716
0.99595959596,0.22,0.318736380421,0.106962553496,0.0423108218063,0.0195838433293,0.0296527506828,0.75,1.0,0.684811223539,0.49888,0.2,0.428571428571,0.466666666667,0.850340136054,0.0530788368682,0.65337404053,0.74162507537,0.737467200558,0.679201175346,0.688627886595
0.708838383838,0.14,0.225937245813,0.0889217615988,0.0520748576078,0.0146878824969,0.0326765509169,0.75,1.0,0.603858261033,0.45152,0.2,0.428571428571,0.466666666667,0.896389324961,0.104170562244,0.692831297291,0.7244250767,0.719975357995,0.646162225801,0.706719583282
0.818434343434,0.54,0.234349330693,0.0812942656315,0.0349877949552,0.0293757649939,0.0308232539992,0.75,1.0,0.608534048345,0.38784,0.2,0.0,0.2,0.947521865889,0.0442333954915,0.491378501213,0.713641190265,0.75801351019,0.66971500161,0.677946513126
0.933585858586,0.16,0.219313914474,0.075851615399,0.0512611879577,0.0293757649939,0.0288724151385,0.75,1.0,0.51722706302,0.4448,0.2,0.428571428571,0.466666666667,0.98913759052,0.0295253210435,0.587607501458,0.730205314275,0.730529465157,0.694916874096,0.691530099373
0.793181818182,0.1,0.265239138511,0.10338115826,0.0471928397071,0.0391676866585,0.0320912992587,0.55,1.0,0.364370944067,0.328,0.2,0.428571428571,0.2,0.980479148181,0.0930592671438,0.505151992589,0.665882308096,0.6948216181,0.638582200684,0.648765968002
0.781060606061,0.24,0.249385446677,0.105935821981,0.102522375915,0.0342717258262,0.0351150994928,0.75,1.0,0.543305571535,0.44864,0.2,0.428571428571,0.466666666667,0.805261863782,0.0606284666508,0.581680374548,0.656795506201,0.586742092777,0.647994558312,0.692973218924
0.875505050505,0.1,0.298166803317,0.10347604577,0.0414971521562,0.0293757649939,0.0273117440499,0.55,1.0,0.414298640548,0.32064,0.2,0.428571428571,0.2,1.0,0.0675004687678,0.471438215982,0.686629020864,0.733971232329,0.67540548162,0.657964954554
0.559848484848,0.12,0.232478901646,0.113130241623,0.127746135069,0.0489596083231,0.0369683964105,0.75,1.0,0.534146214312,0.39488,0.2,0.428571428571,0.466666666667,0.783527696793,0.126236513227,0.553647251639,0.591359027337,0.486475714705,0.592967410948,0.64929281905
0.913636363636,0.54,0.37645666432,0.141032035483,0.0439381611066,0.0244798041616,0.0311158798283,0.75,1.0,0.43722655797,0.29408,0.2,0.0,0.2,0.682182985554,0.0331349319255,0.476904412918,0.655562496968,0.700831069165,0.642059282602,0.667340844694
0.987626262626,0.08,0.660032687493,0.45773977952,0.288852725793,0.130966952264,0.297112758486,0.625,1.0,0.32939256396,0.10304,0.0,0.0,0.0,0.850340136054,0.00343602843087,0.588223759784,0.278941498424,0.218242877817,0.101049030498,0.446083435009
0.99797979798,0.4,0.503126795774,0.342502548581,0.184703010578,0.374541003672,0.213811939134,0.625,1.0,0.471413384102,0.13888,0.0,0.0,0.0,0.567055393586,0.000293757447372,0.354661815675,0.279236524535,0.329896070876,0.205746729451,0.223263434253
0.935101010101,0.22,0.462346792865,0.162320899826,0.0455655004068,0.0232558139535,0.0306281701131,0.625,1.0,0.191599374143,0.30192,0.2,0.428571428571,0.2,0.689167974882,0.0292560864221,0.495272402988,0.673241544338,0.710139937453,0.660682578663,0.675232204199
0.999494949495,0.4,0.735786113703,0.516402157596,0.205044751831,0.365973072215,0.365879828326,0.625,1.0,0.434980300694,0.15872,0.0,0.0,0.2,0.746409674981,7.33511993438e-05,0.485563605216,0.258408881481,0.302760450954,0.0787176554136,0.262621295867
0.987121212121,0.02,0.178970363337,0.0366387437867,0.00488201790073,0.00979192166463,0.0229223566133,0.35,1.0,0.123006843268,0.0128,0.0,0.0,0.0,0.960384153661,0.020408337156,0.184587986857,0.699124422422,0.817292807878,0.673989144125,0.604427018418
0.997474747475,0.0,0.711979893003,0.50473099391,0.26525630594,0.154222766218,0.282091299259,0.625,1.0,0.329055562243,0.0888,0.0,0.0,0.0,1.0,0.000367343982285,0.508560802698,0.261544636409,0.234649074942,0.11238394927,0.427488527843
0.883838383838,0.16,0.427243183896,0.212983530935,0.140764849471,0.0293757649939,0.0693523214982,0.35,1.0,0.0620437256143,0.0032,0.0,0.0,0.0,0.721323011963,0.0185727175537,0.465129563694,0.458738087558,0.389208901304,0.386250499728,0.56932017505
0.993686868687,0.34,0.745067344935,0.500295611088,0.319772172498,0.189718482252,0.172259071401,0.625,1.0,0.419555161372,0.11376,0.0,0.0,0.0,0.838192419825,0.000921128880201,0.488192197161,0.258545395098,0.197634224806,0.186827402653,0.372914089831
0.981565656566,0.4,0.747858193312,0.478673423955,0.26362896664,0.181150550796,0.171186110027,0.625,1.0,0.412925948737,0.14032,0.0,0.0,0.2,0.567055393586,0.00271589998837,0.431646598694,0.266642042559,0.262786783103,0.195586422575,0.367262221768
0.820202020202,0.04,0.233868096582,0.0885762737432,0.0113913751017,0.0195838433293,0.0273117440499,0.625,1.0,0.383121221683,0.09792,0.0,0.0,0.0,0.922291993721,0.0518109217253,0.376686704631,0.656852310188,0.790463629694,0.652075965225,0.595392169022
0.990404040404,0.08,0.726905785097,0.497305438028,0.33197721725,0.200734394125,0.264046039797,0.625,1.0,0.450378973443,0.12144,0.0,0.0,0.0,0.850340136054,0.00932318718216,0.588190104819,0.261062116141,0.192780207825,0.125018606513,0.348903974214
0.954545454545,0.36,0.859352765327,0.822664976534,0.568755085435,0.494492044064,0.795747171284,0.625,1.0,0.219241519333,0.05664,0.0,0.0,0.0,0.613745498199,0.00684540176116,0.331159835957,0.0907085247465,0.0712455340264,0.0110130801642,0.148257472405
0.957575757576,0.14,0.411825415938,0.191191032887,0.142392188771,0.0195838433293,0.0730589153336,0.55,1.0,0.224495666144,0.12832,0.0,0.0,0.2,0.751879699248,0.0161129411342,0.545667031912,0.484936160765,0.406576847109,0.38131302059,0.623044283841
0.987626262626,0.24,0.708995656832,0.589141949281,0.396257119609,0.81517747858,0.42128365197,0.625,1.0,0.28876369848,0.10576,0.0,0.0,0.2,0.608953258723,0.00559132064709,0.151222980564,0.0921121951577,0.145524737963,0.0615368807556,0.0620750478868
0.951262626263,0.1,0.731455855608,0.648702109179,0.423108218063,0.837209302326,0.487124463519,0.625,1.0,0.21818537372,0.09424,0.0,0.0,0.2,0.816326530612,0.00735964154398,0.100075361525,0.0478129930036,0.131419101478,0.0491448398329,0.0334486984715
0.991919191919,0.26,0.721034923917,0.585845216575,0.409275834011,0.646266829865,0.451619196254,0.35,1.0,0.215609396427,0.11248,0.0,0.0,0.2,0.583090379009,0.00309422121503,0.307719229875,0.127205733869,0.150942015894,0.0553824287029,0.0989883873678
0.999242424242,0.52,0.75700171199,0.688333459039,0.482506102522,0.680538555692,0.58837300039,0.4,1.0,0.194376456179,0.0768,0.0,0.0,0.2,0.30880773362,0.0111211559372,0.221373017058,0.0769382242727,0.104755105112,0.0314478957009,0.0879968623773
0.989393939394,0.26,0.71669787368,0.606452837258,0.432058584215,0.552019583843,0.485758876317,0.625,1.0,0.335313612876,0.11648,0.0,0.0,0.2,0.583090379009,0.0153349791512,0.296407135754,0.117851818538,0.136919541037,0.0509455830696,0.133113499381
0.997222222222,0.06,0.769585760403,0.591810964617,0.39869812856,0.450428396573,0.404116269996,0.65,1.0,0.274434024855,0.11216,0.0,0.0,0.2,0.885637273777,0.000404159374376,0.419802621362,0.169493074814,0.157835048724,0.0684650355885,0.194795981645
0.967424242424,0.08,0.662246429107,0.61205363334,0.59886086249,0.851897184823,0.484978540773,0.625,1.0,0.251633477842,0.0936,0.0,0.0,0.2,0.850340136054,0.00485450615554,0.35209171044,0.0784932474281,0.0754853321773,0.0479701478123,0.0342572857305
0.966161616162,0.44,0.757054408793,0.636787644186,0.474369406021,0.479804161567,0.548478345689,0.5,1.0,0.219682560856,0.09504,0.0,0.0,0.2,0.382653061224,0.00928271064627,0.369554060882,0.135473330179,0.105422431227,0.0378559218455,0.166399196567
0.996717171717,0.3,0.770285699265,0.716651298134,0.60211554109,0.450428396573,0.668454935622,0.85,1.0,0.232154032044,0.08704,0.0,0.0,0.2,0.533751962323,0.000477834452192,0.469539831579,0.13055442758,0.0725944208718,0.0233616657222,0.17647892931
0.992676767677,0.62,0.716495114573,0.610265368735,0.475183075671,0.59853121175,0.472103004292,0.9,1.0,0.242881836852,0.1,0.0,0.0,0.2,0.351473922902,0.00106936929544,0.279198525704,0.110154298413,0.105087072305,0.0539663193663,0.116635294524
0.987626262626,0.36,0.789010722702,0.688871154927,0.594792514239,0.494492044064,0.517655091689,0.625,1.0,0.222814192807,0.1048,0.0,0.0,0.2,0.46518607443,0.00570818761006,0.350118889262,0.114306826296,0.0716183592934,0.0431173141418,0.170244626483
0.989393939394,0.48,0.828271486732,0.831764445407,0.710333604557,0.865361077111,0.696547015217,0.425,1.0,0.204600654594,0.09008,0.0,0.0,0.2,0.481246552675,0.00298056336846,0.203929367548,0.0130166592384,0.0340449284782,0.0206403499832,0.0266480290997
0.989141414141,0.14,0.735184754053,0.613343130266,0.432058584215,0.410036719706,0.51736246586,0.65,1.0,0.234482907021,0.0992,0.0,0.0,0.2,0.751879699248,0.00159009478069,0.558952027492,0.180893537418,0.138529861276,0.0458689681019,0.227089202387
0.998232323232,0.14,0.761286909791,0.605686438142,0.362082994304,0.155446756426,0.513850955911,0.35,1.0,0.197733599018,0.07104,0.0,0.0,0.0,0.929108485499,0.000256986286826,0.485155246067,0.202800779334,0.163947802634,0.0424444181405,0.410036586878
0.979545454545,0.5,0.736270296356,0.642629308562,0.582587469487,0.40146878825,0.538626609442,0.425,1.0,0.212748270181,0.10736,0.0,0.0,0.2,0.461224489796,0.00301843391339,0.465874359758,0.149605075082,0.0757456278788,0.0400341110485,0.240071239594
0.99797979798,0.12,0.782405402573,0.72026432254,0.620016273393,0.824969400245,0.570815450644,0.625,1.0,0.235725099575,0.0944,0.0,0.0,0.2,0.863023175372,0.00170206172171,0.332670739284,0.0569892469453,0.0586669243429,0.0367795590113,0.0409701161347
0.981818181818,0.32,0.788052655134,0.702255159812,0.524816924329,0.774785801714,0.618708544674,0.35,1.0,0.207085935553,0.09184,0.0,0.0,0.2,0.613745498199,0.0132897835135,0.304314201091,0.0918945108773,0.0930009186564,0.0285440880232,0.0772310241789
0.995454545455,0.14,0.690127441807,0.60875446762,0.542717656631,0.626682986536,0.456203667577,0.775,1.0,0.261168227468,0.10832,0.0,0.0,0.2,0.751879699248,0.00981023606799,0.223304296267,0.0860624515796,0.0833318804241,0.0560499812146,0.10610619135
0.947474747475,0.1,0.779018817963,0.6626140779,0.563059397884,0.514075887393,0.46820132657,0.95,1.0,0.237593771012,0.08,0.0,0.0,0.2,1.0,0.00875805942005,0.32177874265,0.10773651987,0.0794904078285,0.0546514582359,0.143099263253
0.987121212121,0.8,0.816255679907,0.737811212784,0.59886086249,0.609547123623,0.621049551307,0.85,1.0,0.239847573746,0.09344,0.0,0.0,0.2,0.102040816327,0.00188897494548,0.156764643377,0.0665505210095,0.0761294245731,0.0270691636771,0.0998373798427
0.990151515152,0.14,0.707240994794,0.662536221482,0.616761594793,0.787025703794,0.525946156847,0.55,1.0,0.28537891723,0.10144,0.0,0.0,0.2,0.929108485499,0.00144101617401,0.275195070411,0.0657209069462,0.0609529704303,0.0424356499772,0.0544076767486
0.996464646465,0.44,0.771364576343,0.723561055246,0.615134255492,0.77723378213,0.548478345689,0.625,1.0,0.22628045615,0.11536,0.0,0.0,0.2,0.422740524781,0.000514694155684,0.326143569181,0.0688500870482,0.0586669243429,0.0376561473749,0.0675604550473
0.996212121212,0.4,0.797516555096,0.651230009756,0.46379170057,0.488372093023,0.5077058135,0.35,1.0,0.215471708749,0.09984,0.0,0.0,0.2,0.422740524781,0.000551568647422,0.37117336593,0.134445934385,0.117001759425,0.0445380945927,0.170156726307
0.978535353535,0.56,0.779963215416,0.777323345004,0.659072416599,0.935128518972,0.631584081155,0.15,1.0,0.178659702715,0.06624,0.0,0.0,0.0,0.274725274725,0.00362646354773,0.0430212256001,0.00317120310256,0.0553296007827,0.0297998125619,0.012589604845
0.97601010101,0.38,0.71784095123,0.601744956972,0.524816924329,0.463892288862,0.464299648849,0.75,1.0,0.263521865931,0.10832,0.0,0.0,0.2,0.501817165222,0.00355024291136,0.47444764986,0.155546742461,0.0990820241889,0.0535049977474,0.175878671816
0.968434343434,0.1,0.790430482357,0.682625610382,0.548413344182,0.627906976744,0.530823253999,0.625,1.0,0.241830714101,0.09952,0.0,0.0,0.2,1.0,0.00470011915795,0.450035866121,0.122835630505,0.0814162374591,0.0424569329317,0.0946790012587
0.99797979798,0.34,0.852299484258,0.823832822806,0.654190398698,0.660954712362,0.715275068279,0.15,1.0,0.192639569797,0.08352,0.0,0.0,0.2,0.638135851355,0.0011807062619,0.337283418864,0.0688820637148,0.050444222914,0.0180616204397,0.0858031959359
0.994191919192,0.08,0.777864723438,0.705357251474,0.572823433686,0.659730722154,0.567401482638,0.4,1.0,0.20345731717,0.08256,0.0,0.0,0.2,0.850340136054,0.00192640292084,0.237974515801,0.0718028080772,0.0739198812807,0.033821905759,0.0827750280365
0.999747474747,0.2,0.784297164896,0.715880032992,0.568755085435,0.640146878825,0.571498244245,0.35,1.0,0.205751292072,0.09744,0.0,0.0,0.2,0.663265306122,3.66682630846e-05,0.245864917026,0.0768457590854,0.0773359435198,0.0358584190229,0.0902175063772
0.99797979798,0.08,0.750877481313,0.72264380932,0.606997558991,0.839657282742,0.595396020289,0.675,1.0,0.225494387499,0.0856,0.0,0.0,0.2,0.850340136054,0.000293757447372,0.071144464915,0.0161029427201,0.0600331574741,0.0312359845753,0.0402709512948
0.954292929293,0.12,0.687741358852,0.644527058755,0.612693246542,0.517747858017,0.539406944986,0.8,1.0,0.24596800696,0.11232,0.0,0.0,0.2,0.783527696793,0.00688486016517,0.430545264576,0.119099831553,0.0594923381489,0.0388114400738,0.159204300055
0.998232323232,0.04,0.797050152878,0.7280207682,0.624084621644,0.547123623011,0.547698010144,0.75,1.0,0.229180540465,0.08224,0.0,0.0,0.2,0.922291993721,0.00282923500897,0.371606994316,0.0832539353867,0.0608276877926,0.0366536189429,0.128752235969
0.995707070707,0.56,0.703213506151,0.62621863542,0.611065907242,0.81517747858,0.456398751463,0.35,1.0,0.222063953489,0.1064,0.0,0.0,0.2,0.536989795918,0.00062536203125,0.0984257871326,0.0460734636647,0.0700671913164,0.0527658476604,0.0565392425163
0.998484848485,0.64,0.719953893894,0.599455491675,0.506102522376,0.24847001224,0.477955520874,0.55,1.0,0.286027281277,0.12224,0.0,0.0,0.2,0.334743653559,0.00783679930507,0.43523242878,0.167947490386,0.103883664797,0.0512792146325,0.315024078208
0.994444444444,0.08,0.726523697286,0.662623809952,0.607811228641,0.674418604651,0.5392118611,0.575,1.0,0.233564790044,0.0824,0.0,0.0,0.05,0.850340136054,0.00309422121503,0.365472642289,0.0935963844834,0.0630525194969,0.0378635317923,0.094869773232
0.992929292929,0.36,0.765059493254,0.643614678854,0.586655817738,0.587515299878,0.462934061647,0.625,1.0,0.210489722515,0.0808,0.0,0.0,0.2,0.46518607443,0.00103228683035,0.351419100346,0.117757208382,0.0757563250692,0.0514775586524,0.12411691969
0.950505050505,0.18,0.817093189458,0.721853080073,0.582587469487,0.795593635251,0.561646507998,0.15,1.0,0.189204405602,0.07872,0.0,0.0,0.2,0.691802144587,0.00747870750278,0.24215084919,0.0681922471955,0.0752214789035,0.034784760654,0.0629551142201
0.969191919192,0.34,0.746792794574,0.576502446395,0.422294548413,0.105263157895,0.420503316426,0.15,1.0,0.189917500014,0.07968,0.0,0.0,0.2,0.487359122754,0.00458449507042,0.580813659257,0.235566067651,0.131954251036,0.0607279575388,0.48984789969
0.978535353535,0.06,0.739931927019,0.614452584225,0.483319772172,0.468788249694,0.466738197425,0.35,1.0,0.221490188424,0.104,0.0,0.0,0.2,0.885637273777,0.0209572730094,0.467892252872,0.158819577154,0.115017190241,0.0515184746374,0.179049687911
0.980808080808,0.58,0.773082822948,0.726677744986,0.617575264443,0.545899632803,0.625243854858,0.15,1.0,0.185079048585,0.07376,0.0,0.0,0.2,0.258331180573,0.00282923500897,0.333107046476,0.0875171046142,0.0586707087895,0.0297654609299,0.143753477888
0.995454545455,0.1,0.82200571906,0.817275852589,0.690805532954,0.821297429621,0.71303160359,0.35,1.0,0.208461538481,0.0864,0.0,0.0,0.2,0.816326530612,0.00099521927877,0.262626523976,0.0314742842675,0.0383835874651,0.0189429069091,0.0318030799337
0.986363636364,0.18,0.80936356266,0.743482566245,0.652563059398,0.641370869033,0.584373780726,0.65,1.0,0.221343970198,0.09728,0.0,0.0,0.2,0.691802144587,0.0020013042755,0.252190129159,0.0671587862285,0.0538263528595,0.0329369797808,0.109357323256
0.979545454545,0.62,0.808892922207,0.790512708844,0.6639544345,0.835985312118,0.643874365977,0.15,1.0,0.172844601926,0.06064,0.0,0.0,0.0,0.226757369615,0.00301843391339,0.224534665545,0.0406377819714,0.0502294839218,0.0251400372117,0.0429422725673
0.99898989899,0.14,0.76849953761,0.668587124981,0.559804719284,0.533659730722,0.515119001171,0.15,1.0,0.179559757291,0.0672,0.0,0.0,0.0,0.751879699248,0.00188897494548,0.42251478367,0.124078975451,0.0822410148238,0.0421985593845,0.13802492742
0.976767676768,0.0,0.852665666272,0.831202419388,0.711960943857,0.820073439412,0.723175965665,0.35,1.0,0.214139583962,0.08128,0.0,0.0,0.2,1.0,0.00343602843087,0.265069075934,0.0390742491275,0.0349707309737,0.017472323462,0.0347741573134
0.958585858586,0.52,0.757699120421,0.637247483656,0.419853539463,0.516523867809,0.510339445962,0.75,1.0,0.281184492906,0.09184,0.0,0.0,0.2,0.30880773362,0.0222399224296,0.307275130436,0.123811443312,0.135326684236,0.0438960828745,0.153554887701
0.999747474747,0.04,0.831757553231,0.719310581417,0.543531326282,0.563035495716,0.637631681623,0.35,1.0,0.19539489412,0.06272,0.0,0.0,0.0,0.922291993721,3.66682630846e-05,0.358896884562,0.114868881824,0.0815404717065,0.0263859944039,0.134172927835
0.987878787879,0.16,0.751940678334,0.660597110067,0.542717656631,0.689106487148,0.476297307842,0.8,1.0,0.257967858682,0.10176,0.0,0.0,0.2,0.721323011963,0.00177678171722,0.19030871822,0.068322995983,0.0804331079915,0.0504693239664,0.0768114559383
0.989393939394,0.0,0.733272956941,0.662030154764,0.594792514239,0.591187270502,0.540674990246,0.85,1.0,0.220584191355,0.0688,0.0,0.0,0.0,1.0,0.00653032297256,0.384192880099,0.0910052279543,0.0671267177099,0.0420196945024,0.109564331122
0.987878787879,0.62,0.801382023161,0.799471062959,0.6688364524,0.842105263158,0.673429574717,0.7,1.0,0.244376931359,0.09168,0.0,0.0,0.2,0.226757369615,0.00458449507042,0.217939804359,0.0372556034293,0.0452523912554,0.0243510759544,0.0319828300723
0.958585858586,0.62,0.660220457984,0.612494008705,0.606997558991,0.744186046512,0.483027701912,0.85,1.0,0.23940325084,0.09248,0.0,0.0,0.2,0.62818877551,0.00621628662826,0.180069367445,0.0575254158758,0.0655170375399,0.050713390027,0.0666961499263
0.985606060606,0.22,0.743676001923,0.686447873912,0.606997558991,0.708690330477,0.534822473664,0.775,1.0,0.218307717953,0.07504,0.0,0.0,0.0,0.635664101706,0.00347408440715,0.306231015134,0.0737773132849,0.0618805950667,0.0389710633972,0.0780809649923
0.987373737374,0.52,0.664383434438,0.566339750811,0.423921887714,0.607099143207,0.462446351931,0.425,1.0,0.207280862244,0.09088,0.0,0.0,0.2,0.36862244898,0.00185156209253,0.222750589168,0.10858755079,0.131543142147,0.0511246976048,0.122009135142
0.990656565657,0.08,0.794067009209,0.712503010854,0.547599674532,0.472460220318,0.576570425283,0.675,1.0,0.256345042688,0.0784,0.0,0.0,0.0,0.850340136054,0.00136656698467,0.419866048579,0.118889779047,0.0790977609647,0.0353094788633,0.163272300449
0.985353535354,0.04,0.740364518281,0.694975584714,0.655817737998,0.817625458996,0.524483027702,0.15,1.0,0.180358965143,0.06832,0.0,0.0,0.0,0.922291993721,0.00215128885781,0.16706148878,0.0264791881934,0.0499854950067,0.0414306523309,0.0354368439448
0.993434343434,0.44,0.786958613221,0.705620016885,0.604556550041,0.703794369645,0.530335544284,0.475,1.0,0.197819525302,0.076,0.0,0.0,0.2,0.382653061224,0.00294270821492,0.234150051698,0.0683738725995,0.064528215124,0.0392172953734,0.0743648211353
0.989141414141,0.32,0.72739365565,0.671584597081,0.615134255492,0.816401468788,0.508778774873,0.5,1.0,0.197137979741,0.07328,0.0,0.0,0.0,0.510204081633,0.00704285767905,0.0977218229214,0.0358392950869,0.0573186857329,0.0443258826713,0.0446558440619
0.99898989899,0.0,0.791485658781,0.651285969057,0.475183075671,0.64993880049,0.473761217323,0.15,1.0,0.195159596221,0.08736,0.0,0.0,0.2,1.0,0.000146761126629,0.33195215879,0.102769544252,0.114295700486,0.0512694207408,0.106920097642
0.990909090909,0.04,0.825243216476,0.793064939552,0.681855166802,0.851897184823,0.642216152946,0.375,1.0,0.199653468587,0.07024,0.0,0.0,0.0,0.922291993721,0.00132936488674,0.101168139787,0.0133201860954,0.0438914192131,0.0247259172402,0.025016605344
0.970202020202,0.12,0.725809322117,0.598409296056,0.471928397071,0.498164014688,0.449668357394,0.55,1.0,0.245372491797,0.09472,0.0,0.0,0.2,0.963921282799,0.00443055066876,0.387413636353,0.131631770181,0.118040955859,0.0565106252786,0.168341055261
0.995202020202,0.0,0.69718532799,0.652680085545,0.610252237592,0.80905752754,0.52828716348,0.85,1.0,0.246950733608,0.06976,0.0,0.0,0.0,1.0,0.00835642264343,0.245654048192,0.0580206323266,0.0634378546627,0.0412883297038,0.049317334651
0.975505050505,0.08,0.766480502485,0.733324736687,0.615134255492,0.481028151775,0.639972688256,0.15,1.0,0.194548091052,0.0864,0.0,0.0,0.2,0.850340136054,0.00839651071492,0.366564386205,0.09333004931,0.0595751915297,0.0254311422177,0.1689242446
1.0,0.56,0.827288995534,0.824458107164,0.683482506103,0.905752753978,0.714397190792,0.45,1.0,0.203005687403,0.08544,0.0,0.0,0.2,0.274725274725,0.00181416435283,0.0815655693347,0.00193336690183,0.0400681407664,0.0191803105652,0.0158334696895
0.985101010101,0.28,0.665987776223,0.543437798804,0.39707078926,0.424724602203,0.455715957862,0.15,1.0,0.199106204791,0.09408,0.0,0.0,0.2,0.715880102041,0.00218882294727,0.500031898508,0.184520984148,0.152077240111,0.0536491706209,0.211770888071
0.954292929293,0.12,0.730024996244,0.690785936211,0.613506916192,0.850673194614,0.560280920796,0.725,1.0,0.199770454847,0.05744,0.0,0.0,0.0,0.783527696793,0.00688486016517,0.19058192312,0.0367325722369,0.0598036924325,0.0367158108127,0.0250673008879
0.993181818182,0.6,0.792947558506,0.744312223701,0.661513425549,0.860465116279,0.57422941865,0.725,1.0,0.275849773093,0.10176,0.0,0.0,0.2,0.382653061224,0.00294270821492,0.0806921682198,0.0200601970184,0.0485474721078,0.0355797408007,0.0386534881201
0.959090909091,0.38,0.836511956639,0.822747698978,0.66639544345,0.807833537332,0.805306281701,0.85,1.0,0.256836732787,0.07328,0.0,0.0,0.0,0.443655723159,0.00613793981809,0.247647376265,0.0415271217949,0.05822409698,0.0141544877308,0.0501727130456
0.986616161616,0.88,0.815069062537,0.741433969242,0.589096826688,0.597307221542,0.601053452985,0.575,1.0,0.227046163842,0.07216,0.0,0.0,0.0,0.0542770299609,0.00196384602779,0.220935054606,0.0724729171799,0.0757468164071,0.0311179714964,0.104035359553
0.99797979798,0.02,0.745506259968,0.721096413009,0.643612693247,0.771113831089,0.568376902068,0.65,1.0,0.279174349724,0.108,0.0,0.0,0.2,1.0,0.000293757447372,0.355792401929,0.0639432135588,0.0579928050379,0.0380571743993,0.0755281929342
0.966161616162,0.18,0.856934665679,0.877159603224,0.831570382425,0.902080783354,0.804525946157,0.75,1.0,0.233680153646,0.06944,0.0,0.0,0.0,0.691802144587,0.00668773173718,0.330437958443,0.035400789041,0.014428206635,0.0149049059686,0.0147009322213
0.994949494949,0.2,0.814859785327,0.777121404919,0.620016273393,0.84088127295,0.61119781506,0.9,1.0,0.253760534474,0.0832,0.0,0.0,0.05,0.663265306122,0.00747870750278,0.174998083333,0.0315934785386,0.0559871608246,0.0288806589195,0.0295607695459
0.995707070707,0.56,0.75398491814,0.709658818578,0.595606183889,0.817625458996,0.596761607491,0.55,1.0,0.28417329287,0.1008,0.0,0.0,0.2,0.326530612245,0.00767748157516,0.186184778929,0.052951501317,0.0776034111845,0.0327932891131,0.053568588516
0.982070707071,0.06,0.772230876779,0.711724446672,0.606997558991,0.816401468788,0.573546625049,0.35,1.0,0.189894066283,0.07328,0.0,0.0,0.05,0.885637273777,0.00783679930507,0.180203551171,0.044363997634,0.0638896031905,0.0342829067058,0.0494554785824
0.97095959596,0.14,0.733964509411,0.712982314428,0.619202603743,0.860465116279,0.571498244245,0.35,1.0,0.20123824026,0.0896,0.0,0.0,0.2,0.751879699248,0.0064910115271,0.303467075612,0.0483048460694,0.0604920936724,0.035357415059,0.0334486984715
0.991666666667,0.12,0.707745725616,0.606187638834,0.454841334418,0.576499388005,0.523507608272,0.625,1.0,0.266548440802,0.11472,0.0,0.0,0.2,0.783527696793,0.00121784847117,0.33968352344,0.116413461583,0.129921609592,0.0468155631679,0.12088338504
0.994949494949,0.58,0.745185590956,0.649945378857,0.585028478438,0.616891064871,0.471322668748,0.15,1.0,0.178659702715,0.06624,0.0,0.0,0.0,0.258331180573,0.00226393672338,0.329470748081,0.102339827283,0.0683086288129,0.0494048611318,0.0971786208002
0.977272727273,0.0,0.732374054573,0.53962770034,0.360455655004,0.516523867809,0.223273507608,0.35,1.0,0.216094538139,0.07808,0.0,0.0,0.0,1.0,0.00335996298257,0.382455778484,0.159069537012,0.172634564624,0.140243351901,0.143649699213
0.97904040404,0.06,0.826692024795,0.780160238241,0.596419853539,0.761321909425,0.670600858369,0.85,1.0,0.242324766765,0.08448,0.0,0.0,0.2,0.885637273777,0.00309422121503,0.269318901368,0.0536755640709,0.0671267177099,0.0217242127339,0.0695167230826
0.95303030303,0.02,0.805590779553,0.882205672327,0.901545972335,0.949816401469,0.800039016777,0.85,1.0,0.346106372661,0.14784,0.0,0.0,0.2,0.960384153661,0.00708239808304,0.191223125148,0.0,0.0,0.0143725092724,0.014134120159
0.985353535354,0.1,0.824780758324,0.798468661575,0.66476810415,0.669522643819,0.684646898166,0.15,1.0,0.202492073202,0.1008,0.0,0.0,0.2,0.816326530612,0.00215128885781,0.343288024711,0.0597463082723,0.0573223998085,0.0243850050134,0.0915545125034
0.996212121212,0.14,0.839581722389,0.730200747908,0.550040683483,0.674418604651,0.5546234881,0.7,1.0,0.313775612444,0.1136,0.0,0.0,0.2,0.751879699248,0.00185156209253,0.330194008567,0.0929427681829,0.0798651386162,0.0404888492604,0.0902363373318
0.991414141414,0.02,0.812895852964,0.839097546793,0.750203417413,1.0,0.668747561451,0.625,1.0,0.286134907502,0.10928,0.0,0.0,0.2,1.0,0.00125500563903,0.269451606744,0.0144728413162,0.0257334252179,0.0255416846044,0.0
0.988131313131,0.26,0.841363889779,0.771145924825,0.621643612693,0.793145654835,0.576667967226,0.15,1.0,0.191978318731,0.08256,0.0,0.0,0.2,0.583090379009,0.00203877767317,0.283428014165,0.0595086112735,0.0584412796764,0.032579026539,0.0541687472027
0.974242424242,0.6,0.815799510511,0.823594387525,0.711147274207,0.780905752754,0.643874365977,0.75,1.0,0.297594624602,0.11904,0.0,0.0,0.2,0.242346938776,0.00381728746638,0.190658072686,0.0309095833567,0.0345596781743,0.0251935921277,0.073442552447
0.986111111111,0.16,0.769896879709,0.717763185106,0.611879576892,0.643818849449,0.591494342567,0.35,1.0,0.203166610065,0.07856,0.0,0.0,0.2,0.721323011963,0.0043921039766,0.130987586884,0.0425206013178,0.0615278439235,0.031187992936,0.0933932161734
0.996212121212,0.14,0.7889896429,0.730001240837,0.615134255492,0.733170134639,0.588470542333,0.4,1.0,0.300659347793,0.13184,0.0,0.0,0.2,0.751879699248,0.000551568647422,0.321065813342,0.0796497177568,0.0614148174421,0.0327292776614,0.0858031959359
0.974242424242,0.62,0.818749298783,0.805307861309,0.6639544345,0.850673194614,0.677038626609,0.55,1.0,0.306160679571,0.13472,0.0,0.0,0.2,0.226757369615,0.00435367302837,0.140358051905,0.0259605111372,0.0531582851759,0.0236634837033,0.0311576188264
0.999747474747,0.7,0.857816139802,0.767545065485,0.544344995932,0.767441860465,0.555989075302,0.375,1.0,0.179797989924,0.06096,0.0,0.0,0.0,0.286914765906,3.66682630846e-05,0.207478124815,0.0626031886802,0.0786855792074,0.0364348172453,0.0617968636169
0.970454545455,0.14,0.782262514333,0.774311274826,0.653376729048,0.842105263158,0.704252828716,0.35,1.0,0.21032117869,0.1088,0.0,0.0,0.2,0.751879699248,0.0043921039766,0.184949582898,0.0318783994911,0.0551095102394,0.0187888557088,0.0485461887491
0.963888888889,0.06,0.84646077127,0.784607786128,0.583401139138,0.674418604651,0.701229028482,0.575,1.0,0.215686782941,0.08752,0.0,0.0,0.2,0.885637273777,0.0107095856512,0.306086382945,0.0704805888044,0.0673724772124,0.0218857168183,0.0915903777558
0.998737373737,0.08,0.773113229282,0.682589115186,0.520748576078,0.473684210526,0.574522044479,0.65,1.0,0.239569097759,0.09344,0.0,0.0,0.2,0.850340136054,0.00879831569894,0.599681494202,0.157730762925,0.0889078136767,0.0334893840734,0.173399412791
0.99797979798,0.14,0.781482692471,0.68276672514,0.544344995932,0.473684210526,0.540772532189,0.85,1.0,0.266553971181,0.10304,0.0,0.0,0.2,0.751879699248,0.000293757447372,0.341724763886,0.10959806447,0.0797628113618,0.0384993707408,0.173340221565
0.956565656566,0.56,0.781486978016,0.744085953486,0.621643612693,0.689106487148,0.633925087788,0.35,1.0,0.207445038331,0.0896,0.0,0.0,0.2,0.302478134111,0.00653032297256,0.347683637063,0.0802154485864,0.0595751915297,0.0271697286687,0.0840889823329
0.998232323232,0.16,0.772820284979,0.733261478347,0.618388934093,0.802937576499,0.575985173625,0.9,1.0,0.263706823677,0.11616,0.0,0.0,0.2,0.721323011963,0.000256986286826,0.310527656955,0.06394140606,0.0586707087895,0.0336620491746,0.0584589020383
0.999242424242,0.3,0.782134791687,0.748068795878,0.614320585842,0.850673194614,0.591494342567,0.35,1.0,0.201796399881,0.09056,0.0,0.0,0.2,0.689167974882,0.000110048817587,0.0507769274348,0.0150117322655,0.0615024301238,0.0308846697621,0.0324277099998
0.978282828283,0.04,0.798285461131,0.767586426707,0.607811228641,0.822521419829,0.650312134218,0.35,1.0,0.250350791311,0.1072,0.0,0.0,0.2,0.922291993721,0.00320801783797,0.27309932184,0.0444662525362,0.0609519940096,0.0305525989735,0.0551804539253
0.92904040404,0.28,0.741019856717,0.706897348746,0.607811228641,0.785801713586,0.544284042138,0.775,1.0,0.25961985019,0.0968,0.0,0.0,0.2,0.558035714286,0.0148625389589,0.181081387939,0.0481882268543,0.0621129894229,0.0406174238129,0.0584883245115
0.986868686869,0.14,0.763785325504,0.687839557386,0.567127746135,0.532435740514,0.585349200156,1.0,1.0,0.355541787634,0.15328,0.0,0.0,0.2,0.751879699248,0.00192640292084,0.453537380693,0.126147538158,0.0851078380593,0.0345437952079,0.156556022146
0.991666666667,0.12,0.660930425829,0.584528956505,0.586655817738,0.6817625459,0.458056964495,0.35,1.0,0.282339442783,0.12416,0.0,0.0,0.2,0.783527696793,0.0123664108673,0.334803738236,0.0970551875104,0.0724367808068,0.0528181351932,0.102224144147
0.930555555556,0.12,0.696107778684,0.545554520173,0.406021155411,0.450428396573,0.318571985954,0.55,1.0,0.355544838561,0.196,0.2,0.0,0.2,0.963921282799,0.0144776652699,0.446953279569,0.173359681994,0.13973009599,0.0964890036128,0.197824270152
0.993686868687,0.06,0.817401575657,0.706147980721,0.46867371847,0.444308445532,0.576863051112,0.55,1.0,0.324764856386,0.10144,0.0,0.0,0.05,0.885637273777,0.00466156198684,0.403746987155,0.132064734974,0.114811952476,0.034348804055,0.194990939883
1.0,0.08,0.726405104432,0.641315481505,0.526444263629,0.675642594859,0.507510729614,0.35,1.0,0.195683359651,0.08096,0.0,0.0,0.2,0.929108485499,0.00275366299022,0.338844210034,0.0919642917055,0.0990715646605,0.0436401682878,0.0902175063772
0.97904040404,0.12,0.792764121997,0.791592966646,0.690805532954,0.772337821297,0.642411236832,0.35,1.0,0.205437567127,0.0816,0.0,0.0,0.2,0.929108485499,0.00708239808304,0.30494857743,0.041933842933,0.0426598934256,0.0251403648963,0.0580990763579
0.988383838384,0.14,0.749274793334,0.593570033065,0.421480878763,0.625458996328,0.435622317597,0.55,1.0,0.202617167027,0.06128,0.0,0.0,0.0,0.751879699248,0.00170206172171,0.190005005676,0.0973039794384,0.127938275171,0.0567500633886,0.121356897325
0.92601010101,0.06,0.645120359494,0.503256587991,0.379983726607,0.445532435741,0.344908310574,0.85,1.0,0.250459089543,0.0664,0.0,0.0,0.0,0.885637273777,0.0199155825074,0.330590750279,0.165547555853,0.152329440323,0.0914808911631,0.175998258899
0.999242424242,0.1,0.774753147713,0.653409989465,0.543531326282,0.646266829865,0.46498244245,0.875,1.0,0.235578625572,0.07536,0.0,0.0,0.0,0.816326530612,0.000110048817587,0.215737181898,0.0809755686832,0.0805837966064,0.0533735526757,0.0892012751423
0.997727272727,0.18,0.699760242751,0.524635473817,0.345809601302,0.507955936353,0.340323839251,0.55,1.0,0.2420035174,0.08144,0.0,0.0,0.0,0.691802144587,0.000330543342905,0.16039479432,0.123306517978,0.176898008439,0.0870611370531,0.148257472405
0.999747474747,0.32,0.815341516214,0.632327931233,0.406834825061,0.537331701346,0.434646898166,0.75,1.0,0.245685600262,0.0816,0.0,0.0,0.0,0.510204081633,3.66682630846e-05,0.19750467118,0.109640566928,0.136047465089,0.0615793637015,0.141379860202
0.984848484848,0.2,0.78037939451,0.667604187702,0.552481692433,0.567931456548,0.521459227468,0.35,1.0,0.218680063547,0.08896,0.0,0.0,0.2,0.663265306122,0.00222637223271,0.292773599421,0.100110055285,0.0770696888603,0.044072160847,0.134656446818
0.994444444444,0.08,0.770681245362,0.652380824937,0.545158665582,0.835985312118,0.502048380804,0.2,1.0,0.182333346594,0.06944,0.0,0.0,0.0,0.850340136054,0.00370274639234,0.00554440400996,0.0358726556355,0.0784082568058,0.0438949661082,0.0318663990463
0.900505050505,0.06,0.672794612391,0.569575658191,0.492270138324,0.740514075887,0.412017167382,0.55,1.0,0.280758334887,0.10256,0.0,0.0,0.2,0.885637273777,0.0156799893576,0.139458831787,0.0734623932376,0.111628577831,0.0631462536042,0.0635602778785
1.0,0.1,0.771942028153,0.621155535226,0.386493083808,0.4394124847,0.479808817792,0.35,1.0,0.207457909392,0.07168,0.0,0.0,0.0,0.816326530612,0.00590328756337,0.480691489567,0.16564471576,0.152335011805,0.0493545131384,0.178443574246
0.993434343434,0.12,0.696171702961,0.508112882074,0.361269324654,0.430844553244,0.281310963714,0.15,1.0,0.189917500014,0.07968,0.0,0.0,0.2,0.929108485499,0.000958166631717,0.474331148874,0.196616803935,0.168783340789,0.111765063084,0.199966927116
0.998232323232,0.16,0.7042011261,0.511487471199,0.349877949552,0.468788249694,0.254779555209,0.2,1.0,0.185627810523,0.07328,0.0,0.0,0.2,0.801271328203,0.000256986286826,0.398588139893,0.173015774472,0.171047408314,0.12483600198,0.163272300449
0.985353535354,0.38,0.718096982919,0.50989384764,0.33360455655,0.473684210526,0.290967616075,0.525,1.0,0.217503194239,0.08672,0.0,0.0,0.2,0.590062111801,0.00423847455066,0.335151172408,0.185883713478,0.188113084154,0.103241186266,0.175343377253
0.998737373737,0.38,0.822255317583,0.656555875362,0.416598860862,0.647490820073,0.456008583691,1.0,1.0,0.269046612802,0.08896,0.0,0.0,0.2,0.443655723159,0.000183488135295,0.113880293291,0.0816937835038,0.13398945334,0.05421779019,0.0946790012587
0.985606060606,0.56,0.736402920126,0.651354093423,0.541090317331,0.78335373317,0.491416309013,0.85,1.0,0.245617212667,0.07232,0.0,0.0,0.0,0.274725274725,0.00211376995511,0.121518972939,0.0560999206672,0.0825210823368,0.0468585578794,0.0478802956132
0.988383838384,0.08,0.759642146572,0.625496030539,0.497965825875,0.488372093023,0.464397190792,0.55,1.0,0.284582511575,0.10336,0.0,0.0,0.2,0.929108485499,0.00170206172171,0.37510826178,0.127166776494,0.103709938998,0.0512208293993,0.153554887701
