0.705882,0.500000,0.518858,0.165889,0.000000,0.000000,0.200000,0.980664,0.212766,0.798131,0.456892,0.220460,0.139948,0.363647,0.554622,0.005818,0.617551,0.335413,0.176406,0.087049,0.087049
0.764706,0.500000,0.902957,0.593327,0.733333,0.200000,1.000000,0.860188,0.148936,0.432649,0.195877,0.107417,0.137782,0.052979,0.653595,0.052570,0.573858,0.534744,0.473629,0.429110,0.429110
1.000000,0.500000,0.865673,0.638824,0.733333,0.200000,1.000000,0.936044,0.212766,0.551779,0.199338,0.099744,0.082756,0.045050,0.713320,0.040387,0.608176,0.580591,0.476293,0.488361,0.488361
0.705882,0.500000,0.705866,0.797014,1.000000,0.466667,1.000000,0.607338,0.361702,0.316552,0.140635,0.104348,0.051993,0.063791,0.870098,0.168254,0.653202,0.621109,0.478479,0.530330,0.530330
0.705882,0.500000,0.566469,0.919972,1.000000,1.000000,1.000000,0.677739,0.351064,0.329857,0.121979,0.091049,0.008666,0.057544,0.894763,0.133319,0.826486,0.782846,0.552611,0.558669,0.558669
0.705882,0.500000,0.655597,0.747084,0.733333,0.733333,1.000000,0.625186,0.446809,0.143467,0.062455,0.055754,0.005199,0.048054,0.692959,0.159176,0.737732,0.793520,0.612808,0.599157,0.599157
0.705882,0.500000,0.790976,0.611293,0.733333,0.200000,1.000000,0.737234,0.500000,0.315317,0.140263,0.124808,0.161179,0.066314,0.579892,0.105526,0.510799,0.502778,0.355655,0.449509,0.449509
1.000000,0.500000,0.576717,0.156556,0.000000,0.000000,0.200000,0.966782,0.095745,1.000000,0.568984,0.220460,0.185009,0.420951,0.811052,0.010970,0.458006,0.253657,0.176701,0.074092,0.074092
0.470588,0.500000,0.398700,0.153290,0.000000,0.000000,0.200000,0.880516,0.074468,0.514557,0.196563,0.114578,0.063692,0.063431,0.882353,0.044347,0.458705,0.427986,0.328825,0.390508,0.390508
0.470588,0.500000,0.178116,0.072095,0.000000,0.000000,0.200000,0.943976,0.095745,0.693715,0.359886,0.194373,0.171144,0.186088,0.811052,0.019562,0.359253,0.265443,0.210183,0.182894,0.182894
0.235294,0.500000,0.281518,0.114909,0.000000,0.000000,0.200000,0.834903,0.095745,0.476006,0.208619,0.158568,0.042028,0.122537,1.000000,0.063000,0.557619,0.416660,0.237244,0.264149,0.264149
0.470588,0.500000,0.285083,0.091461,0.000000,0.000000,0.200000,0.990084,0.138298,0.548358,0.225029,0.165729,0.148180,0.074604,0.859089,0.002354,0.420450,0.363760,0.246236,0.343445,0.343445
0.705882,0.500000,0.344975,0.130191,0.000000,0.000000,0.200000,0.868121,0.425532,0.775525,0.414101,0.181586,0.162478,0.238107,0.250798,0.049344,0.366503,0.279117,0.213547,0.136958,0.136958
0.705882,0.500000,0.714917,0.260149,0.000000,0.000000,0.466667,0.947942,0.223404,0.883825,0.457972,0.194373,0.174610,0.191494,0.806421,0.018056,0.471551,0.303591,0.209801,0.191609,0.191609
0.705882,0.500000,0.531917,0.888007,1.000000,0.733333,1.000000,0.867625,0.244681,0.284060,0.102315,0.114578,0.035962,0.053340,0.979919,0.271505,0.637161,0.665825,0.468420,0.592606,0.592606
0.705882,0.500000,0.804355,0.757116,1.000000,0.466667,1.000000,0.934060,0.510638,0.347338,0.115242,0.099744,0.025997,0.026790,0.512205,0.485881,0.627758,0.656827,0.490981,0.606103,0.606103
0.705882,0.500000,0.972075,0.634624,1.000000,0.000000,1.000000,0.851264,0.372340,0.742312,0.337220,0.105371,0.016898,0.174315,0.562436,0.056225,0.823604,0.592575,0.484438,0.226960,0.226960
0.352941,0.500000,0.136127,0.040831,0.000000,0.000000,0.000000,0.898364,0.287234,0.800685,0.481565,0.219437,0.171144,0.316915,0.487510,0.037242,0.384699,0.234010,0.175562,0.101103,0.101103
0.000000,0.500000,0.105186,0.029398,0.000000,0.000000,0.000000,0.977194,0.127660,0.743180,0.400905,0.186701,0.164645,0.204589,0.713320,0.007100,0.295026,0.235553,0.203963,0.165853,0.165853
0.000000,0.500000,0.132540,0.045964,0.000000,0.000000,0.000000,0.902330,0.297872,0.676658,0.323068,0.186189,0.166378,0.169149,0.325914,0.035678,0.355032,0.284439,0.211360,0.192460,0.192460
0.000000,0.500000,0.084027,0.020299,0.000000,0.000000,0.000000,0.811601,0.170213,0.712986,0.380995,0.185678,0.169844,0.194738,0.597723,0.072817,0.341895,0.251202,0.203449,0.172450,0.172450
0.411765,0.500000,0.110113,0.024032,0.000000,0.000000,0.000000,0.715915,0.095745,0.618440,0.392822,0.211253,0.186742,0.244594,1.000000,0.115312,0.306711,0.215456,0.180270,0.135136,0.135136
0.235294,0.500000,0.147639,0.033598,0.000000,0.000000,0.000000,0.931086,0.106383,0.826343,0.415262,0.193350,0.161179,0.202907,0.777311,0.024491,0.387991,0.263856,0.194969,0.166571,0.166571
0.235294,0.500000,0.285894,0.098927,0.000000,0.000000,0.200000,0.799207,0.180851,0.558055,0.269494,0.168286,0.143414,0.149327,0.736072,0.078120,0.514996,0.368395,0.236780,0.220332,0.220332
0.000000,0.500000,0.092806,0.023798,0.000000,0.000000,0.000000,0.803669,0.180851,0.573380,0.285771,0.182097,0.206239,0.134791,0.736072,0.076204,0.311542,0.262387,0.207712,0.241764,0.241764
0.352941,0.500000,0.187524,0.042231,0.000000,0.000000,0.000000,0.975706,0.436170,0.609756,0.321443,0.187724,0.159012,0.202307,0.116069,0.007651,0.405133,0.293008,0.201915,0.175613,0.175613
0.000000,0.500000,0.113347,0.033598,0.000000,0.000000,0.000000,0.983143,0.202128,0.770225,0.362053,0.182609,0.169844,0.177078,0.680241,0.004904,0.376899,0.278854,0.212995,0.183232,0.183232
0.705882,0.500000,0.321241,0.113392,0.000000,0.000000,0.200000,0.950917,0.202128,0.690585,0.282880,0.168286,0.156846,0.085055,0.627744,0.103502,0.452574,0.353352,0.236874,0.336704,0.336704
0.764706,0.000000,0.677417,0.241834,0.000000,0.000000,0.466667,0.996529,0.000000,0.419397,0.219340,0.176982,0.172877,0.156655,0.954817,0.000000,0.422509,0.325664,0.231595,0.239279,0.239279
0.705882,0.500000,0.829213,0.763882,1.000000,0.466667,1.000000,0.149727,0.085106,0.024809,0.069826,0.124297,0.020364,0.060067,1.000000,0.771653,0.754305,0.666202,0.427027,0.483395,0.483395
0.705882,0.500000,0.731829,0.562529,0.466667,0.200000,0.733333,0.858701,0.319149,0.683268,0.455021,0.424041,0.116551,0.364368,0.870098,0.134987,0.784993,0.371710,0.099259,0.120057,0.120057
0.705882,0.500000,0.666996,0.477835,0.466667,0.200000,0.733333,0.969757,0.308511,0.877869,0.857607,0.783120,0.929376,0.710956,0.815251,0.009861,0.168170,0.039771,0.030806,0.035724,0.035724
0.705882,0.500000,0.590527,0.213252,0.000000,0.000000,0.466667,0.979177,0.404255,0.923273,1.000000,0.891560,1.000000,1.000000,0.235519,0.020884,0.066479,0.000000,0.000000,0.000000,0.000000
0.705882,0.500000,0.803011,0.751283,1.000000,0.466667,1.000000,0.959346,0.414894,0.780841,0.754074,0.661381,0.699307,0.698943,0.755479,0.013754,0.173401,0.082347,0.049799,0.056602,0.056602
0.705882,0.500000,0.755598,0.634858,0.466667,0.400000,1.000000,0.943976,0.563830,0.848062,0.634067,0.558056,0.349653,0.626622,0.364924,0.027550,0.364952,0.184154,0.086909,0.062784,0.062784
0.705882,0.500000,0.595209,0.207653,0.200000,0.000000,0.200000,0.937035,0.244681,0.670978,0.386107,0.228133,0.156846,0.254685,0.578289,0.022210,0.432243,0.281963,0.200389,0.143676,0.143676
0.470588,0.500000,0.455768,0.139291,0.000000,0.000000,0.200000,0.923153,0.138298,0.876637,0.607099,0.544757,0.205373,0.536761,0.707721,0.027550,0.548328,0.216805,0.051786,0.049766,0.049766
0.705882,0.500000,0.692417,0.703220,0.733333,0.466667,1.000000,0.988101,0.489362,0.270175,0.098312,0.099233,0.044194,0.027271,0.615942,0.093561,0.598190,0.628648,0.476293,0.591610,0.591610
0.705882,0.500000,0.903383,0.540597,0.466667,0.000000,1.000000,0.853247,0.489362,0.848101,0.568582,0.550895,0.022097,0.461317,0.615942,0.055410,1.000000,0.422179,0.069436,0.060320,0.060320
0.705882,0.500000,0.844408,0.713952,1.000000,0.400000,1.000000,1.000000,0.202128,0.761081,0.441446,0.261381,0.218371,0.266218,0.893414,0.002536,0.431741,0.302762,0.231133,0.189199,0.189199
0.705882,0.500000,0.720573,0.730518,0.733333,0.466667,1.000000,0.397620,0.382979,0.349135,0.167985,0.123785,0.055026,0.067155,0.822573,0.287862,0.593263,0.568858,0.452610,0.470131,0.470131
0.705882,0.500000,0.774067,0.796780,1.000000,0.466667,1.000000,0.997521,0.329787,0.258422,0.092729,0.077749,0.006499,0.066074,0.946015,0.310105,0.769622,0.766150,0.598374,0.550981,0.550981
0.705882,0.500000,0.576213,0.849743,1.000000,0.733333,1.000000,0.921170,0.478723,0.434925,0.178356,0.097698,0.012132,0.075444,0.634562,0.219700,0.817953,0.680131,0.474897,0.477126,0.477126
0.705882,0.500000,0.657076,0.875875,1.000000,0.733333,1.000000,0.944472,0.223404,0.448149,0.128006,0.007673,0.005199,0.041927,0.692959,0.019374,0.869614,0.909029,1.000000,0.610220,0.610220
0.705882,0.500000,0.592856,0.827578,1.000000,0.733333,1.000000,0.758552,0.340426,0.347856,0.155011,0.103836,0.020364,0.069318,0.920060,0.328710,0.754690,0.662373,0.489999,0.480894,0.480894
0.705882,0.500000,0.681891,0.787448,1.000000,0.466667,1.000000,0.613783,0.457447,0.501863,0.246310,0.179028,0.165945,0.131307,0.673056,0.196982,0.658070,0.483264,0.319800,0.332966,0.332966
0.705882,0.500000,0.934154,0.579211,0.466667,0.200000,1.000000,0.994546,0.234043,0.604738,0.269679,0.119182,0.141681,0.127823,0.545343,0.000723,0.727820,0.519022,0.362623,0.300198,0.300198
0.705882,0.500000,0.746980,0.673122,0.733333,0.466667,1.000000,0.823004,0.234043,0.276131,0.171187,0.160102,0.150780,0.086497,0.602653,0.538930,0.588138,0.487110,0.352411,0.387372,0.387372
0.705882,0.500000,0.814386,0.741251,1.000000,0.466667,1.000000,0.661378,0.372340,0.412846,0.176448,0.105882,0.010399,0.077607,0.846042,0.141232,0.858641,0.668813,0.427129,0.435575,0.435575
0.705882,0.500000,0.795998,0.690387,0.733333,0.400000,1.000000,0.974219,0.531915,0.418623,0.152943,0.114578,0.024263,0.064873,0.496138,0.008202,0.642395,0.591702,0.409635,0.491415,0.491415
0.705882,0.500000,0.764163,0.562762,0.466667,0.200000,1.000000,0.925632,0.436170,0.445262,0.144826,0.024552,0.003466,0.063912,0.634562,0.026592,0.780009,0.729843,0.759072,0.443744,0.443744
0.705882,0.500000,0.820503,0.708819,1.000000,0.200000,1.000000,0.637581,0.244681,0.427503,0.191021,0.133504,0.154246,0.070038,0.870098,0.300250,0.537483,0.492876,0.374483,0.447933,0.447933
0.705882,0.500000,0.699790,0.783714,1.000000,0.733333,1.000000,0.875558,0.117021,0.324000,0.138638,0.106394,0.067158,0.065834,0.927073,0.351797,0.616772,0.596744,0.456241,0.536571,0.536571
0.705882,0.500000,0.785593,0.690154,0.733333,0.200000,1.000000,0.787804,0.393617,0.444328,0.199398,0.166240,0.154246,0.081932,0.634562,0.083050,0.505396,0.475557,0.350576,0.400581,0.400581
0.705882,0.500000,0.594179,0.888007,1.000000,1.000000,1.000000,0.695588,0.351064,0.285061,0.097003,0.042455,0.006932,0.053820,0.894763,0.400282,0.789815,0.816242,0.639989,0.623234,0.623234
0.705882,0.500000,0.657119,0.779048,1.000000,0.466667,1.000000,0.556767,0.340426,0.129847,0.070735,0.014322,0.005199,0.058626,0.777311,0.743118,0.880676,0.840160,0.889111,0.477495,0.477495
0.705882,0.500000,0.757138,0.706720,0.733333,0.466667,1.000000,0.967774,0.106383,0.394430,0.154025,0.108440,0.091854,0.065714,0.962885,0.254852,0.661558,0.576968,0.409892,0.476124,0.476124
0.705882,0.500000,0.713838,0.730051,0.733333,0.466667,1.000000,0.774913,0.170213,0.314025,0.140421,0.116113,0.071057,0.066314,0.615942,0.113935,0.572369,0.569304,0.436782,0.519491,0.519491
0.705882,0.500000,0.653544,0.846710,1.000000,0.733333,1.000000,0.942489,0.223404,0.299139,0.101938,0.097187,0.012132,0.058506,0.673056,0.020128,0.722985,0.710595,0.502107,0.566685,0.566685
0.705882,0.500000,0.799969,0.644657,0.733333,0.200000,1.000000,0.549331,0.297872,0.313800,0.161115,0.158568,0.034662,0.077727,0.840841,0.539156,0.605766,0.534268,0.363735,0.397467,0.397467
0.705882,0.500000,0.690813,0.786281,1.000000,0.466667,1.000000,0.781854,0.319149,0.420559,0.165037,0.101790,0.009965,0.062590,0.972652,0.140508,0.789622,0.674585,0.477577,0.524950,0.524950
0.705882,0.500000,0.729651,0.783481,1.000000,0.466667,1.000000,0.614774,0.244681,0.335383,0.152327,0.115090,0.047660,0.068597,0.972652,0.164453,0.731446,0.619270,0.430416,0.453898,0.453898
0.705882,0.500000,0.702486,0.579328,0.466667,0.200000,1.000000,0.672286,0.446809,0.151426,0.083497,0.101279,0.016898,0.063071,0.545343,0.239709,0.587520,0.607983,0.421628,0.516622,0.516622
0.705882,0.500000,0.822110,0.666122,0.733333,0.200000,1.000000,0.195340,0.489362,0.209077,0.166866,0.168798,0.155979,0.103796,0.597723,0.536879,0.593669,0.475126,0.324729,0.377488,0.377488
0.705882,0.500000,0.736509,0.634858,0.733333,0.466667,1.000000,0.760535,0.170213,0.344691,0.151607,0.131458,0.063258,0.067876,0.870098,0.220539,0.701912,0.558123,0.349705,0.423906,0.423906
0.705882,0.500000,0.768802,0.670089,0.733333,0.466667,1.000000,0.507685,0.468085,0.357922,0.206401,0.173913,0.138648,0.116891,0.653595,0.221940,0.704976,0.499910,0.312727,0.324851,0.324851
0.705882,0.500000,0.744960,0.689454,0.733333,0.466667,1.000000,1.000000,0.106383,0.425503,0.164283,0.116624,0.039861,0.067996,0.962885,0.124821,0.577831,0.571874,0.460678,0.525126,0.525126
0.705882,0.500000,0.681157,0.733784,0.733333,0.466667,1.000000,0.832424,0.351064,0.287029,0.109908,0.098721,0.008666,0.065353,0.597723,0.340271,0.794825,0.691731,0.446631,0.479604,0.479604
0.705882,0.500000,0.762338,0.720952,1.000000,0.466667,1.000000,0.879524,0.095745,0.346017,0.124794,0.098210,0.013432,0.060187,1.000000,0.265585,0.703893,0.645645,0.459828,0.519136,0.519136
0.705882,0.500000,0.698035,0.788381,1.000000,0.466667,1.000000,0.892910,0.202128,0.404945,0.158196,0.114578,0.052860,0.068717,0.894154,0.138079,0.695211,0.606757,0.435940,0.491019,0.491019
0.705882,0.500000,0.767325,0.732385,1.000000,0.466667,1.000000,0.896381,0.191489,0.400738,0.159806,0.109463,0.030329,0.066314,0.707721,0.257299,0.765798,0.614507,0.383980,0.446915,0.446915
0.705882,0.500000,0.724272,0.742884,1.000000,0.466667,1.000000,0.149232,0.180851,0.250244,0.141919,0.104859,0.127816,0.067996,0.742417,0.633014,0.563103,0.559392,0.464682,0.494860,0.494860
0.705882,0.500000,0.751195,0.718385,0.733333,0.466667,1.000000,0.975211,0.489362,0.451009,0.198653,0.163683,0.141681,0.077487,0.528603,0.104401,0.618074,0.506028,0.352411,0.378716,0.378716
0.705882,0.500000,0.654920,0.844377,1.000000,0.466667,1.000000,0.785325,0.351064,0.348892,0.163575,0.109974,0.022530,0.066434,0.894763,0.195448,0.714806,0.633514,0.464703,0.535522,0.535522
0.705882,0.500000,0.719760,0.777182,1.000000,0.466667,1.000000,0.719385,0.361702,0.533667,0.211008,0.119693,0.015598,0.073042,0.696895,0.215248,0.785420,0.640961,0.412154,0.438150,0.438150
0.705882,0.500000,0.597993,0.790014,0.733333,0.666667,1.000000,0.697571,0.202128,0.269658,0.126661,0.117647,0.044627,0.064873,0.893414,0.123886,0.637423,0.609238,0.446072,0.530330,0.530330
0.705882,0.500000,0.687385,0.842277,1.000000,0.733333,1.000000,0.730788,0.468085,0.365238,0.131923,0.021995,0.003466,0.062470,0.634562,0.108465,0.862575,0.821430,0.781851,0.582537,0.582537
0.705882,0.500000,0.719642,0.789081,1.000000,0.466667,1.000000,0.948934,0.500000,0.338026,0.110206,0.042967,0.003466,0.049375,0.597723,0.354792,0.721103,0.771536,0.586412,0.625955,0.625955
0.705882,0.500000,0.695843,0.541064,0.466667,0.200000,0.733333,0.837382,0.170213,0.304152,0.114705,0.088491,0.005199,0.060067,0.765338,0.286827,0.702663,0.665799,0.469893,0.495851,0.495851
0.705882,0.500000,0.753536,0.668222,0.733333,0.200000,1.000000,0.968270,0.510638,0.479403,0.206605,0.172379,0.166378,0.070639,0.545343,0.313376,0.468484,0.439166,0.335266,0.440082,0.440082
0.705882,0.500000,0.804325,0.723518,1.000000,0.200000,1.000000,0.475459,0.414894,0.304762,0.167909,0.138619,0.131282,0.088539,0.755479,0.386395,0.639726,0.529980,0.370690,0.395279,0.395279
0.705882,0.500000,0.737875,0.595894,0.466667,0.200000,1.000000,0.910263,0.127660,0.460386,0.210182,0.142199,0.020364,0.125300,0.713320,0.106203,0.723608,0.539459,0.351635,0.346715,0.346715
0.705882,0.500000,0.606253,0.890107,1.000000,1.000000,1.000000,0.970749,0.329787,0.432021,0.154356,0.084399,0.006932,0.062350,0.946015,0.228053,0.878182,0.774820,0.566137,0.531761,0.531761
0.705882,0.500000,0.766323,0.671489,0.733333,0.200000,1.000000,0.948934,0.234043,0.544137,0.215088,0.124297,0.058059,0.101634,0.806421,0.017681,0.649660,0.543721,0.406099,0.361243,0.361243
0.705882,0.500000,0.736216,0.706603,0.733333,0.466667,1.000000,0.871096,0.382979,0.471074,0.178720,0.101790,0.038128,0.066314,0.673056,0.102829,0.709560,0.617868,0.453877,0.430505,0.430505
0.705882,0.500000,0.746063,0.731218,0.733333,0.466667,1.000000,0.999504,0.244681,0.666144,0.349168,0.177494,0.181542,0.192936,0.979919,0.067153,0.480449,0.380609,0.323316,0.233421,0.233421
0.705882,0.500000,0.845584,0.610126,0.600000,0.200000,1.000000,0.615270,0.191489,0.202120,0.125953,0.157545,0.139081,0.072081,0.924224,0.555893,0.474991,0.489582,0.361808,0.445757,0.445757
0.705882,0.500000,0.712153,0.685954,0.733333,0.466667,1.000000,0.857214,0.340426,0.111541,0.078547,0.101279,0.019064,0.060668,0.777311,0.531535,0.631114,0.629434,0.442521,0.508700,0.508700
0.705882,0.500000,0.842712,0.681521,0.733333,0.200000,1.000000,0.860684,0.212766,0.082254,0.054587,0.091049,0.012132,0.050457,0.806421,0.052367,0.726790,0.718131,0.535027,0.481527,0.481527
0.705882,0.500000,0.693154,0.768315,1.000000,0.466667,1.000000,0.466534,0.223404,0.099843,0.079412,0.102813,0.012132,0.065834,0.755479,0.245713,0.728568,0.682482,0.461718,0.518618,0.518618
0.705882,0.500000,0.756542,0.738451,1.000000,0.400000,1.000000,0.999504,0.500000,0.544699,0.227904,0.164706,0.041594,0.102835,0.597723,0.088981,0.758086,0.563134,0.351635,0.357544,0.357544
0.705882,0.500000,0.682498,0.848810,1.000000,0.733333,1.000000,0.601884,0.510638,0.379856,0.157770,0.105371,0.008666,0.067155,0.579892,0.441173,0.856749,0.712775,0.477222,0.456152,0.456152
0.705882,0.500000,0.690531,0.764116,1.000000,0.466667,1.000000,0.919683,0.489362,0.288392,0.117732,0.100256,0.010399,0.064512,0.615942,0.246037,0.784981,0.696720,0.480887,0.478147,0.478147
0.705882,0.500000,0.602360,0.923472,1.000000,1.000000,1.000000,0.760040,0.234043,0.214389,0.110642,0.100256,0.023830,0.062470,0.692959,0.194962,0.735546,0.692971,0.513998,0.555820,0.555820
0.705882,0.500000,0.650414,0.565329,0.466667,0.200000,0.733333,0.854239,0.446809,0.502796,0.227896,0.143734,0.080156,0.090461,0.692959,0.176103,0.578906,0.488093,0.335211,0.384700,0.384700
0.941176,0.500000,0.671431,0.870859,1.000000,0.733333,1.000000,0.424888,0.425532,0.190465,0.106950,0.101279,0.053726,0.062830,0.734154,0.389924,0.639910,0.649058,0.504009,0.570700,0.570700
0.705882,0.500000,0.709404,0.728418,0.733333,0.466667,1.000000,0.693604,0.223404,0.503271,0.256388,0.180563,0.172444,0.143200,0.777311,0.125758,0.584257,0.445874,0.314668,0.317126,0.317126
0.705882,0.500000,0.814789,0.722818,1.000000,0.466667,1.000000,0.926128,0.446809,0.540769,0.202292,0.116113,0.077990,0.071120,0.692959,0.131418,0.656680,0.565621,0.435268,0.452481,0.452481
0.705882,0.500000,0.644604,0.894774,1.000000,1.000000,1.000000,0.800198,0.382979,0.272724,0.082790,0.033760,0.006932,0.046612,0.822573,0.161180,0.799071,0.840803,0.723091,0.616217,0.616217
0.705882,0.500000,0.722041,0.796547,1.000000,0.466667,1.000000,0.962816,0.468085,0.346668,0.122850,0.091049,0.006932,0.053820,0.562436,0.012453,0.847220,0.769209,0.541307,0.563356,0.563356
0.705882,0.500000,0.613170,0.856743,1.000000,0.733333,1.000000,0.726326,0.234043,0.392683,0.181277,0.121739,0.162912,0.074724,0.806421,0.247924,0.526583,0.519737,0.451533,0.452257,0.452257
0.705882,0.500000,0.783695,0.623425,0.466667,0.200000,1.000000,0.446207,0.393617,0.195527,0.131068,0.136573,0.084055,0.074003,0.545343,0.528392,0.646259,0.528274,0.350724,0.401431,0.401431
0.705882,0.500000,0.694048,0.784881,1.000000,0.733333,1.000000,0.895885,0.117021,0.318972,0.123873,0.098210,0.040728,0.063912,0.744754,0.473484,0.676473,0.631588,0.474897,0.525208,0.525208
0.705882,0.500000,0.754403,0.689221,0.733333,0.466667,1.000000,0.748141,0.191489,0.295988,0.140593,0.117136,0.049827,0.068116,0.924224,0.200823,0.654667,0.575978,0.434373,0.449257,0.449257
0.705882,0.500000,0.694036,0.703453,0.733333,0.466667,1.000000,0.639068,0.308511,0.417037,0.177202,0.103325,0.016898,0.070519,1.000000,0.205086,0.759317,0.624602,0.418880,0.448233,0.448233
0.705882,0.500000,0.686162,0.734018,0.733333,0.466667,1.000000,0.985622,0.191489,0.199176,0.112220,0.128900,0.076256,0.067155,0.972652,0.456844,0.658237,0.579572,0.390968,0.493188,0.493188
0.705882,0.500000,0.805545,0.737284,1.000000,0.466667,1.000000,0.953892,0.234043,0.208589,0.064390,0.089003,0.006932,0.022225,0.545343,0.107559,0.733956,0.773103,0.532289,0.615327,0.615327
0.705882,0.500000,0.777366,0.706020,0.733333,0.466667,1.000000,0.778384,0.414894,0.307097,0.109782,0.096164,0.060659,0.027271,0.713320,0.460994,0.593292,0.630929,0.495704,0.592876,0.592876
0.705882,0.500000,0.804319,0.763416,1.000000,0.733333,1.000000,0.944472,0.287234,0.453504,0.152046,0.099233,0.114385,0.024988,0.867132,0.054394,0.577462,0.616602,0.502844,0.602539,0.602539
0.705882,0.500000,0.629217,0.835044,1.000000,0.733333,1.000000,0.971244,0.521277,0.308083,0.079166,0.090537,0.010399,0.021504,0.545343,0.285302,0.657976,0.768846,0.524337,0.747073,0.747073
0.705882,0.500000,0.674891,0.856043,1.000000,0.733333,1.000000,0.944472,0.500000,0.509424,0.156744,0.078772,0.008666,0.021624,0.597723,0.343130,0.801159,0.802200,0.571203,0.705519,0.705519
0.705882,0.500000,0.865219,0.566496,0.466667,0.200000,1.000000,0.910759,0.223404,0.295323,0.093885,0.092072,0.009965,0.023907,0.627744,0.032371,0.636961,0.656863,0.477573,0.615719,0.615719
0.705882,0.500000,0.739811,0.620625,0.733333,0.200000,1.000000,0.795736,0.319149,0.383417,0.132961,0.097187,0.032496,0.029673,0.972652,0.079615,0.591172,0.620859,0.495579,0.598387,0.598387
0.705882,0.500000,0.704706,0.430471,0.200000,0.200000,0.733333,0.931086,0.319149,0.296930,0.091452,0.087980,0.010399,0.023066,0.972652,0.041967,0.557642,0.629999,0.476969,0.610512,0.610512
0.705882,0.500000,0.535229,0.897107,1.000000,0.733333,1.000000,0.386713,0.542553,0.239942,0.113798,0.091560,0.013865,0.026790,0.528603,0.756987,0.709998,0.722466,0.544495,0.687281,0.687281
0.705882,0.500000,0.690997,0.782081,1.000000,0.466667,1.000000,0.889440,0.436170,0.357941,0.114315,0.074169,0.008666,0.022946,0.554053,0.040781,0.750758,0.781507,0.564193,0.677172,0.677172
0.705882,0.500000,0.685430,0.641624,0.466667,0.466667,1.000000,0.692117,0.531915,0.449270,0.156261,0.079284,0.008666,0.025348,0.528603,0.366370,0.769537,0.711711,0.509929,0.616285,0.616285
0.705882,0.500000,0.813066,0.710219,1.000000,0.466667,1.000000,0.988101,0.510638,0.570970,0.254980,0.107417,0.119584,0.119053,0.579892,0.214200,0.657950,0.550382,0.483000,0.322333,0.322333
0.705882,0.500000,0.820559,0.709286,1.000000,0.200000,1.000000,0.836886,0.414894,0.425505,0.171163,0.106394,0.091421,0.032677,0.755479,0.144383,0.560268,0.579717,0.495630,0.598166,0.598166
0.705882,0.500000,0.729964,0.765516,1.000000,0.466667,1.000000,0.945959,0.500000,0.371620,0.119800,0.090026,0.011698,0.023066,0.562436,0.110861,0.648959,0.716584,0.542901,0.697052,0.697052
0.705882,0.500000,0.835048,0.590294,0.466667,0.200000,1.000000,0.970749,0.457447,0.518294,0.174845,0.090537,0.008666,0.048414,0.673056,0.119844,0.622178,0.634627,0.522849,0.529014,0.529014
0.705882,0.500000,0.687996,0.787914,1.000000,0.466667,1.000000,0.994546,0.372340,0.285424,0.074657,0.029156,0.006932,0.021144,0.545343,0.451942,0.678022,0.831546,0.700776,0.801464,0.801464
0.705882,0.500000,0.816963,0.622025,0.733333,0.200000,1.000000,0.438770,0.478723,0.332718,0.145449,0.098210,0.011698,0.073642,0.562436,0.378734,0.608250,0.613000,0.497069,0.510481,0.510481
0.705882,0.500000,0.669567,0.875875,1.000000,1.000000,1.000000,0.990580,0.553191,0.366544,0.145578,0.092583,0.010399,0.035800,0.512205,0.424946,0.754478,0.717143,0.544495,0.612738,0.612738
0.705882,0.500000,0.750966,0.825012,1.000000,0.733333,1.000000,0.914229,0.500000,0.541736,0.190989,0.100256,0.068891,0.026910,0.545343,0.031016,0.670621,0.645477,0.502605,0.599211,0.599211
0.705882,0.500000,0.726729,0.784414,1.000000,0.466667,1.000000,0.726822,0.351064,0.365401,0.155928,0.098210,0.034662,0.032917,0.894763,0.110282,0.719804,0.652042,0.488955,0.586696,0.586696
0.705882,0.500000,0.814417,0.731685,1.000000,0.200000,1.000000,0.782846,0.425532,0.299592,0.123214,0.098721,0.042894,0.025469,0.480392,0.085209,0.660979,0.648693,0.491634,0.578370,0.578370
0.705882,0.500000,0.739344,0.766449,1.000000,0.466667,1.000000,0.974219,0.127660,0.337874,0.107381,0.072123,0.008666,0.021985,0.892495,0.099194,0.700208,0.775314,0.581827,0.739626,0.739626
0.705882,0.500000,0.777692,0.663789,0.733333,0.200000,1.000000,0.687159,0.393617,0.255709,0.110426,0.099744,0.015598,0.065954,0.496138,0.506678,0.652885,0.637874,0.475919,0.553025,0.553025
0.705882,0.500000,0.683768,0.785814,1.000000,0.466667,1.000000,0.625186,0.361702,0.273398,0.101517,0.074680,0.010399,0.022946,0.597723,0.685839,0.737382,0.767457,0.547715,0.677903,0.677903
0.705882,0.500000,0.806215,0.668572,0.733333,0.200000,1.000000,0.778880,0.287234,0.382422,0.132034,0.084910,0.008666,0.024988,0.822573,0.086943,0.791760,0.724171,0.506830,0.597168,0.597168
0.705882,0.500000,0.735192,0.750350,1.000000,0.466667,1.000000,0.892910,0.510638,0.379232,0.145804,0.094629,0.010399,0.026550,0.545343,0.153209,0.691328,0.676382,0.511123,0.596764,0.596764
0.705882,0.500000,0.556639,0.853243,1.000000,0.733333,1.000000,0.957858,0.393617,0.430946,0.146078,0.094118,0.010399,0.035440,0.799669,0.183188,0.689057,0.706209,0.516915,0.585659,0.585659
0.705882,0.500000,0.775169,0.712786,0.733333,0.466667,1.000000,0.827962,0.446809,0.293804,0.138781,0.108951,0.071057,0.068357,0.464958,0.219700,0.596822,0.575614,0.443690,0.456152,0.456152
0.705882,0.500000,0.655828,0.799113,1.000000,0.466667,1.000000,0.643530,0.436170,0.142042,0.046915,0.070588,0.006932,0.020543,0.713320,0.150005,0.712214,0.835516,0.609876,0.752510,0.752510
0.705882,0.500000,0.381196,0.952403,1.000000,1.000000,1.000000,0.466534,0.425532,0.116788,0.050758,0.067519,0.008666,0.021504,0.692959,0.819427,0.698050,0.850464,0.629925,0.813396,0.813396
0.705882,0.500000,0.705454,0.758983,1.000000,0.466667,1.000000,0.918195,0.414894,0.278866,0.130600,0.108951,0.129549,0.082773,0.755479,0.184670,0.537942,0.555437,0.465906,0.467681,0.467681
0.705882,0.500000,0.712301,0.625525,0.466667,0.200000,1.000000,0.995042,0.159574,0.244910,0.094104,0.102302,0.012132,0.091302,0.894763,0.131181,0.696039,0.625186,0.427267,0.441409,0.441409
0.705882,0.500000,0.679551,0.593794,0.466667,0.200000,0.733333,0.717898,0.510638,0.239092,0.080549,0.078772,0.008666,0.024988,0.480392,0.255745,0.632795,0.692277,0.503374,0.613514,0.613514
0.705882,0.500000,0.586988,0.751517,0.733333,0.466667,1.000000,0.987110,0.521277,0.211648,0.079297,0.079284,0.006932,0.026790,0.562436,0.376090,0.691999,0.734615,0.552007,0.608100,0.608100
0.705882,0.500000,0.743454,0.691787,0.733333,0.466667,1.000000,0.970749,0.340426,0.434030,0.145393,0.098721,0.064125,0.073042,0.615942,0.088466,0.630634,0.615509,0.463203,0.482143,0.482143
0.705882,0.500000,0.837867,0.467102,0.200000,0.000000,0.733333,0.851760,0.138298,0.663121,0.366461,0.181074,0.161179,0.234743,0.859089,0.056021,0.609652,0.385373,0.266688,0.163079,0.163079
0.235294,0.500000,0.165212,0.061829,0.000000,0.000000,0.200000,0.953892,0.106383,0.985354,0.582313,0.297698,0.155546,0.464440,0.777311,0.015807,0.529711,0.258222,0.127389,0.055548,0.055548
0.705882,0.500000,0.917555,0.562296,0.466667,0.200000,1.000000,0.929103,0.287234,0.579572,0.235328,0.164706,0.020797,0.105358,0.480392,0.025445,0.774953,0.557237,0.333211,0.330998,0.330998
0.705882,0.500000,0.799916,0.625292,0.733333,0.200000,1.000000,0.673773,0.234043,0.271717,0.156133,0.170332,0.178076,0.071600,0.920060,0.135226,0.443191,0.431132,0.326052,0.412400,0.412400
0.705882,0.500000,0.729271,0.826878,1.000000,0.733333,1.000000,0.813089,0.361702,0.316668,0.145393,0.141176,0.153813,0.073642,0.870098,0.078547,0.504917,0.526329,0.408576,0.435897,0.435897
0.705882,0.500000,0.630526,0.401073,0.466667,0.200000,0.466667,0.967774,0.095745,0.703508,0.288448,0.179028,0.164211,0.141158,1.000000,0.010600,0.457547,0.380945,0.281070,0.284418,0.284418
0.705882,0.500000,0.678411,0.774615,1.000000,0.466667,1.000000,0.946455,0.510638,0.454152,0.179825,0.157033,0.037262,0.073642,0.579892,0.105526,0.636422,0.567228,0.371306,0.463677,0.463677
0.705882,0.500000,0.717660,0.573028,0.466667,0.200000,1.000000,0.924641,0.117021,0.219222,0.084185,0.105371,0.017331,0.065834,0.927073,0.173062,0.519929,0.590444,0.426523,0.524560,0.524560
0.705882,0.500000,0.798818,0.723985,1.000000,0.200000,1.000000,0.984135,0.234043,0.340707,0.119154,0.102302,0.042894,0.062110,0.920060,0.123015,0.712513,0.637626,0.450372,0.488555,0.488555
0.705882,0.500000,0.522292,0.914839,1.000000,0.733333,1.000000,0.927119,0.308511,0.347834,0.131517,0.113043,0.031196,0.064032,1.000000,0.026018,0.734733,0.681085,0.464703,0.568980,0.568980
0.705882,0.500000,0.783820,0.754550,1.000000,0.466667,1.000000,0.860684,0.212766,0.548821,0.215061,0.124297,0.031196,0.071000,0.846042,0.156976,0.755651,0.594624,0.389972,0.429436,0.429436
0.705882,0.500000,0.759077,0.614792,0.466667,0.400000,1.000000,0.985622,0.265957,0.490651,0.177281,0.108440,0.020797,0.072201,0.726779,0.003991,0.655638,0.590015,0.445238,0.440855,0.440855
0.705882,0.500000,0.709454,0.858376,1.000000,1.000000,1.000000,0.744175,0.308511,0.373195,0.154210,0.124808,0.027296,0.069678,0.815251,0.187675,0.762608,0.649411,0.438999,0.488818,0.488818
0.705882,0.500000,0.760277,0.797713,1.000000,0.466667,1.000000,0.896381,0.223404,0.331673,0.153291,0.128389,0.046360,0.069198,0.692959,0.257299,0.713472,0.604135,0.393261,0.476043,0.476043
0.705882,0.500000,0.749253,0.624825,0.466667,0.200000,1.000000,0.900347,0.117021,0.558115,0.229136,0.151407,0.068891,0.078928,0.927073,0.036459,0.708381,0.524083,0.348897,0.390614,0.390614
0.705882,0.500000,0.736569,0.670555,0.733333,0.466667,1.000000,0.959841,0.287234,0.480032,0.211188,0.120716,0.031196,0.093705,0.677321,0.228283,0.674719,0.561369,0.433931,0.380175,0.380175
0.705882,0.500000,0.624695,0.813812,1.000000,0.733333,1.000000,0.952405,0.095745,0.308466,0.117510,0.116624,0.029029,0.064392,1.000000,0.230587,0.701676,0.655391,0.456251,0.531016,0.531016
0.705882,0.500000,0.635387,0.779281,0.733333,0.466667,1.000000,0.938523,0.361702,0.321864,0.125509,0.118159,0.041594,0.066675,0.870098,0.158177,0.683287,0.623251,0.421918,0.523519,0.523519
0.705882,0.500000,0.571818,0.889757,1.000000,0.733333,1.000000,0.702529,0.212766,0.184120,0.088269,0.096164,0.019064,0.060548,0.673056,0.121554,0.729616,0.716330,0.514815,0.566685,0.566685
0.705882,0.500000,0.623910,0.672189,0.733333,0.466667,1.000000,0.961329,0.202128,0.302974,0.149181,0.174936,0.065425,0.089260,1.000000,0.182238,0.615200,0.519399,0.313370,0.431608,0.431608
0.705882,1.000000,0.273456,0.995800,1.000000,1.000000,1.000000,0.940506,0.414894,0.397179,0.173495,0.180051,0.157279,0.092143,0.755479,0.482183,0.598430,0.534775,0.349318,0.467308,0.467308
0.705882,0.500000,0.739126,0.724452,0.733333,0.466667,1.000000,0.652950,0.191489,0.312768,0.137273,0.120716,0.082756,0.071120,0.946015,0.246298,0.602101,0.565601,0.404382,0.482662,0.482662
0.705882,1.000000,0.244461,1.000000,1.000000,1.000000,1.000000,0.915221,0.340426,0.180360,0.060466,0.085934,0.008666,0.025469,0.870098,0.496802,0.699812,0.837023,0.574701,0.805805,0.805805
0.705882,0.500000,0.521491,0.913672,1.000000,1.000000,1.000000,0.941497,0.404255,0.146743,0.037523,0.010230,0.006932,0.021024,0.734154,0.481616,0.681867,0.914477,0.817915,0.846684,0.846684
0.705882,0.500000,0.738569,0.785814,1.000000,0.466667,1.000000,0.551314,0.500000,0.374101,0.150690,0.092583,0.067591,0.024507,0.579892,0.454337,0.644660,0.642495,0.510838,0.619858,0.619858
0.705882,0.500000,0.509099,0.914839,1.000000,0.733333,1.000000,0.291026,0.351064,0.124315,0.074223,0.099233,0.064125,0.022585,0.894763,0.990142,0.582278,0.703797,0.530402,0.806010,0.806010
0.705882,0.500000,0.879253,0.688287,1.000000,0.200000,1.000000,0.747645,0.340426,0.450498,0.200448,0.145269,0.042894,0.074003,0.920060,0.100815,0.695050,0.562026,0.370230,0.396380,0.396380
0.705882,0.500000,0.710313,0.706953,0.733333,0.466667,1.000000,0.521567,0.234043,0.170764,0.122366,0.148849,0.155546,0.071600,0.870098,0.474506,0.476683,0.488828,0.347235,0.457828,0.457828
0.705882,0.500000,0.681208,0.705320,0.733333,0.466667,1.000000,0.956867,0.202128,0.205734,0.117584,0.152941,0.113951,0.072561,0.893414,0.228513,0.553236,0.529312,0.366814,0.449686,0.449686
0.705882,0.500000,0.591323,0.749417,0.733333,0.466667,1.000000,0.596430,0.372340,0.213418,0.118274,0.109974,0.016898,0.071480,0.674978,0.568263,0.707691,0.638038,0.433077,0.450051,0.450051
0.705882,0.500000,0.624361,0.802613,1.000000,0.733333,1.000000,0.881011,0.393617,0.704689,0.595136,0.538619,0.431109,0.491470,0.713320,0.242505,0.213767,0.139739,0.094889,0.089813,0.089813
0.705882,0.500000,0.459389,0.936071,1.000000,1.000000,1.000000,0.573128,0.404255,0.184980,0.160642,0.206138,0.187175,0.121696,0.777311,0.730001,0.455923,0.444832,0.313370,0.391250,0.391250
0.705882,0.500000,0.711068,0.801213,1.000000,0.466667,1.000000,0.992067,0.212766,0.392786,0.154333,0.112532,0.027730,0.070159,0.673056,0.212409,0.655193,0.627116,0.465640,0.503349,0.503349
0.705882,0.500000,0.731932,0.769249,1.000000,0.466667,1.000000,0.524046,0.202128,0.209003,0.122716,0.126854,0.136049,0.066795,0.893414,0.212759,0.515208,0.541591,0.413236,0.530283,0.530283
0.705882,0.500000,0.713909,0.797480,1.000000,0.466667,1.000000,0.828458,0.351064,0.278817,0.127479,0.123274,0.045061,0.067756,0.755479,0.140749,0.614489,0.599350,0.441235,0.507728,0.507728
0.705882,0.500000,0.498228,0.929305,1.000000,1.000000,1.000000,0.876054,0.404255,0.444743,0.176524,0.124297,0.053726,0.071600,0.777311,0.279744,0.714862,0.621115,0.458636,0.479996,0.479996
0.705882,0.500000,0.538659,0.949603,1.000000,1.000000,1.000000,0.683689,0.308511,0.446218,0.150471,0.089514,0.012132,0.056704,0.870098,0.147064,0.802765,0.788399,0.555914,0.610442,0.610442
0.705882,0.500000,0.565454,0.881008,1.000000,0.733333,1.000000,0.800198,0.425532,0.239572,0.106338,0.099744,0.017331,0.065834,0.734154,0.175634,0.719338,0.700831,0.504248,0.570700,0.570700
0.764706,0.000000,0.759976,0.819062,1.000000,0.733333,1.000000,0.999504,0.170213,0.429620,0.189128,0.129412,0.133016,0.072681,0.870098,0.137206,0.616042,0.544841,0.431902,0.452760,0.452760
0.705882,0.500000,0.672257,0.856743,1.000000,0.733333,1.000000,0.918691,0.319149,0.292604,0.098951,0.079284,0.012132,0.058506,0.972652,0.494777,0.817266,0.794426,0.566062,0.576820,0.576820
0.705882,0.500000,0.692458,0.828045,1.000000,0.466667,1.000000,0.904313,0.127660,0.463884,0.217997,0.139130,0.029029,0.126261,0.892495,0.129525,0.783344,0.592292,0.388344,0.322215,0.322215
0.705882,0.500000,0.609627,0.871675,1.000000,0.733333,1.000000,0.700545,0.308511,0.287202,0.124033,0.086957,0.012132,0.066675,0.692959,0.634585,0.798562,0.741647,0.504539,0.570294,0.570294
0.705882,1.000000,0.339593,0.972002,1.000000,1.000000,1.000000,0.834903,0.308511,0.387156,0.169218,0.124297,0.080156,0.068116,1.000000,0.545357,0.728786,0.632782,0.459828,0.537896,0.537896
0.705882,0.500000,0.597785,0.886141,1.000000,0.733333,1.000000,0.843827,0.351064,0.468094,0.193617,0.129923,0.069324,0.076646,0.894763,0.072606,0.711706,0.582559,0.395098,0.451511,0.451511
0.705882,0.500000,0.723789,0.593794,0.466667,0.200000,1.000000,0.883490,0.287234,0.399151,0.158073,0.120716,0.064991,0.070639,0.653595,0.137642,0.553351,0.536320,0.392237,0.416385,0.416385
0.705882,0.500000,0.580960,0.772049,0.733333,0.466667,1.000000,0.976698,0.340426,0.535151,0.210754,0.142199,0.164645,0.069198,0.920060,0.357169,0.538287,0.502394,0.382057,0.475236,0.475236
0.705882,0.500000,0.692473,0.684088,0.733333,0.466667,1.000000,0.997521,0.148936,0.321682,0.128522,0.108440,0.032496,0.064032,0.972652,0.209955,0.648415,0.610973,0.425857,0.506060,0.506060
0.705882,0.500000,0.548953,0.900373,1.000000,1.000000,1.000000,0.922162,0.329787,0.285902,0.102505,0.048082,0.012132,0.054541,0.946015,0.492758,0.804313,0.813079,0.683078,0.583061,0.583061
0.705882,0.500000,0.759735,0.760383,1.000000,0.466667,1.000000,0.723352,0.329787,0.373961,0.151568,0.123274,0.068891,0.067756,0.799669,0.376420,0.646128,0.585136,0.416615,0.462819,0.462819
0.705882,0.500000,0.438644,0.937704,1.000000,1.000000,1.000000,0.545364,0.329787,0.278737,0.088543,0.017391,0.012132,0.030634,0.946015,0.594748,0.766185,0.886259,0.927160,0.756463,0.756463
0.705882,0.500000,0.720065,0.758749,1.000000,0.466667,1.000000,0.739217,0.170213,0.451268,0.190306,0.129923,0.016898,0.072441,0.988826,0.258973,0.752283,0.606150,0.387896,0.439993,0.439993
0.705882,0.500000,0.658250,0.803080,1.000000,0.466667,1.000000,0.703520,0.404255,0.426564,0.193084,0.131458,0.030763,0.071961,0.777311,0.415097,0.697436,0.582409,0.408568,0.461952,0.461952
0.705882,0.500000,0.710710,0.781381,1.000000,0.466667,1.000000,0.863163,0.244681,0.470544,0.144582,0.041944,0.010399,0.062830,0.979919,0.101486,0.801961,0.767101,0.660291,0.518335,0.518335
0.705882,0.500000,0.642878,0.823612,1.000000,0.466667,1.000000,0.753594,0.234043,0.449701,0.207843,0.145780,0.035529,0.073642,0.870098,0.198129,0.702376,0.580094,0.391276,0.458289,0.458289
0.705882,0.500000,0.687625,0.774848,1.000000,0.466667,1.000000,0.862667,0.319149,0.503608,0.221307,0.137084,0.167678,0.070639,0.946015,0.146887,0.467720,0.464961,0.384118,0.462558,0.462558
0.705882,0.500000,0.693649,0.695754,0.733333,0.466667,1.000000,0.858205,0.127660,0.401888,0.189453,0.165217,0.032929,0.101874,0.892495,0.148889,0.639846,0.525330,0.351949,0.374221,0.374221
0.705882,0.500000,0.602826,0.857676,1.000000,0.733333,1.000000,0.980664,0.234043,0.262606,0.093513,0.094629,0.012132,0.060067,0.806421,0.359524,0.738446,0.742228,0.511162,0.572727,0.572727
0.705882,0.500000,0.589212,0.884741,1.000000,0.733333,1.000000,0.385721,0.446809,0.117698,0.090665,0.125831,0.024263,0.068717,0.692959,0.894040,0.733289,0.663449,0.418555,0.532998,0.532998
0.705882,0.500000,0.767486,0.702520,0.733333,0.466667,1.000000,0.781358,0.085106,0.446487,0.287960,0.211765,0.262132,0.164584,0.950514,0.504560,0.471414,0.342911,0.250428,0.274405,0.274405
0.705882,0.500000,0.663943,0.720252,0.733333,0.466667,1.000000,0.878037,0.319149,0.765693,0.688819,0.644501,0.514731,0.530634,0.790334,0.206746,0.213974,0.103816,0.063977,0.074729,0.074729
0.705882,0.500000,0.754084,0.694120,0.733333,0.466667,1.000000,0.905305,0.308511,0.654595,0.393734,0.222506,0.214905,0.267540,1.000000,0.155619,0.566222,0.343709,0.250972,0.188483,0.188483
0.705882,0.500000,0.581555,0.828978,1.000000,0.733333,1.000000,0.952900,0.404255,0.845752,0.642470,0.494629,0.380849,0.603075,0.777311,0.323550,0.515213,0.218979,0.089147,0.070708,0.070708
0.705882,0.500000,0.750654,0.724452,0.733333,0.200000,1.000000,0.784333,0.287234,0.401701,0.129276,0.095652,0.008666,0.064512,0.822573,0.183188,0.756988,0.709765,0.521348,0.499377,0.499377
0.705882,0.500000,0.502738,0.857909,1.000000,0.733333,1.000000,0.736738,0.202128,0.335860,0.129106,0.105882,0.018631,0.062830,0.799669,0.475156,0.685977,0.667153,0.478982,0.561597,0.561597
0.705882,0.500000,0.828355,0.737051,1.000000,0.466667,1.000000,0.800694,0.425532,0.409611,0.166489,0.116624,0.024263,0.070038,0.692959,0.187723,0.683453,0.608092,0.459828,0.436825,0.436825
0.705882,0.500000,0.528230,0.885441,1.000000,0.733333,1.000000,0.978681,0.393617,0.415827,0.164221,0.126854,0.051560,0.068116,0.713320,0.058473,0.651413,0.595684,0.440122,0.521108,0.521108
0.705882,0.500000,0.490636,0.927671,1.000000,1.000000,1.000000,0.879524,0.393617,0.379139,0.171821,0.120205,0.050260,0.072441,0.799669,0.294588,0.698352,0.619162,0.458015,0.508744,0.508744
0.705882,0.500000,0.587492,0.880775,1.000000,0.733333,1.000000,0.972732,0.170213,0.561876,0.211915,0.113043,0.020797,0.070159,0.988826,0.023729,0.774752,0.663056,0.463458,0.520328,0.520328
0.705882,0.500000,0.617874,0.887774,1.000000,0.933333,1.000000,0.896877,0.223404,0.533218,0.238351,0.155499,0.122184,0.075565,0.894763,0.138515,0.696057,0.553290,0.381711,0.417207,0.417207
0.705882,0.500000,0.696208,0.833644,1.000000,0.733333,1.000000,0.935548,0.170213,0.469975,0.235089,0.166752,0.120884,0.097429,1.000000,0.238494,0.674399,0.523047,0.357973,0.381425,0.381425
0.705882,0.500000,0.621938,0.859309,1.000000,0.733333,1.000000,0.961329,0.500000,0.630070,0.263115,0.102813,0.034662,0.129745,0.597723,0.137206,0.781448,0.614557,0.452705,0.346264,0.346264
0.705882,0.500000,0.660025,0.662156,0.733333,0.466667,1.000000,0.765493,0.191489,0.419542,0.166186,0.115601,0.061525,0.063311,0.734154,0.228764,0.560625,0.556224,0.438818,0.472149,0.472149
0.705882,0.500000,0.427291,0.946804,1.000000,1.000000,1.000000,0.505702,0.393617,0.273253,0.139834,0.113043,0.013865,0.068957,0.799669,0.667250,0.779591,0.684151,0.459204,0.560269,0.560269
0.705882,0.500000,0.647401,0.781148,1.000000,0.466667,1.000000,0.783837,0.202128,0.299385,0.140085,0.122762,0.072357,0.068717,0.893414,0.223625,0.566168,0.565260,0.428672,0.516511,0.516511
0.705882,0.500000,0.765016,0.728651,1.000000,0.466667,1.000000,0.873575,0.180851,0.334074,0.116872,0.102302,0.013432,0.063431,0.736072,0.173108,0.750515,0.689886,0.453887,0.507624,0.507624
0.705882,0.500000,0.751371,0.747783,1.000000,0.466667,1.000000,0.980169,0.148936,0.291715,0.100016,0.084399,0.010399,0.045891,0.736072,0.006001,0.765840,0.751843,0.540516,0.578953,0.578953
0.705882,0.500000,0.752492,0.529631,0.466667,0.200000,1.000000,0.929103,0.212766,0.275929,0.092805,0.092072,0.018631,0.027991,0.822573,0.102381,0.597691,0.631964,0.478479,0.590764,0.590764
0.705882,0.500000,0.656277,0.895007,1.000000,1.000000,1.000000,0.673773,0.510638,0.242745,0.086808,0.090026,0.006932,0.023426,0.579892,0.350560,0.718480,0.777723,0.550967,0.791676,0.791676
0.705882,0.500000,0.789956,0.741951,1.000000,0.466667,1.000000,0.861676,0.489362,0.298483,0.097289,0.094118,0.010399,0.025108,0.615942,0.076204,0.720457,0.712143,0.511830,0.618346,0.618346
0.705882,0.500000,0.575025,0.787914,0.733333,0.466667,1.000000,0.508676,0.489362,0.152359,0.070067,0.096164,0.044194,0.023546,0.545343,0.738367,0.512502,0.661435,0.499925,0.692481,0.692481
0.705882,0.500000,0.559044,0.833878,1.000000,0.733333,1.000000,0.327714,0.489362,0.025531,0.043804,0.089003,0.008666,0.021144,0.615942,0.333904,0.608009,0.755634,0.539729,0.783738,0.783738
0.705882,0.500000,0.560521,0.885908,1.000000,0.733333,1.000000,0.755578,0.446809,0.225575,0.061282,0.073657,0.005199,0.018621,0.692959,0.492758,0.686720,0.861061,0.607927,0.855115,0.855115
0.705882,0.500000,0.717397,0.814979,1.000000,0.466667,1.000000,0.964799,0.510638,0.526745,0.161258,0.095652,0.020797,0.024868,0.579892,0.318166,0.617379,0.677388,0.533481,0.691989,0.691989
0.705882,0.500000,0.594718,0.866076,1.000000,0.733333,1.000000,0.998017,0.446809,0.378048,0.107361,0.070588,0.008666,0.021024,0.545343,0.188731,0.727989,0.820765,0.607927,0.772769,0.772769
0.705882,0.500000,0.578435,0.891041,1.000000,0.733333,1.000000,0.768468,0.521277,0.444921,0.159328,0.093606,0.012132,0.026069,0.562436,0.480725,0.714449,0.712704,0.529635,0.657040,0.657040
0.705882,0.500000,0.608863,0.886374,1.000000,0.733333,1.000000,0.871096,0.361702,0.379098,0.096540,0.034783,0.006932,0.018140,0.799669,0.269772,0.740231,0.882276,0.735125,0.849137,0.849137
0.705882,0.500000,0.533719,0.771815,0.733333,0.733333,1.000000,0.898860,0.414894,0.514366,0.165890,0.021483,0.005199,0.023186,0.562436,0.037046,0.769913,0.823990,0.819325,0.703005,0.703005
0.705882,0.500000,0.699264,0.722818,0.733333,0.466667,1.000000,0.988101,0.500000,0.567220,0.266334,0.100256,0.136915,0.172994,0.597723,0.043552,0.586467,0.517788,0.474897,0.273034,0.273034
0.705882,0.500000,0.673422,0.813812,1.000000,0.733333,1.000000,0.553793,0.500000,0.333902,0.120478,0.070588,0.005199,0.024507,0.597723,0.196446,0.833926,0.805580,0.578641,0.658760,0.658760
0.705882,0.500000,0.699548,0.781615,1.000000,0.466667,1.000000,0.975706,0.489362,0.386353,0.156771,0.095652,0.012132,0.055022,0.615942,0.007651,0.690521,0.669919,0.516915,0.534787,0.534787
0.705882,0.500000,0.579081,0.856276,1.000000,0.666667,1.000000,0.973228,0.404255,0.218841,0.054478,0.042455,0.005199,0.019582,0.579892,0.220970,0.652433,0.853948,0.653144,0.859390,0.859390
0.705882,0.500000,0.617154,0.857909,1.000000,0.733333,1.000000,0.684184,0.457447,0.367802,0.143618,0.096675,0.022530,0.026309,0.634562,0.420447,0.700602,0.691932,0.513998,0.655487,0.655487
0.705882,0.500000,0.716832,0.768549,1.000000,0.466667,1.000000,0.972236,0.478723,0.307666,0.112245,0.100256,0.058925,0.072561,0.597723,0.326152,0.644076,0.636658,0.477702,0.537104,0.537104
0.705882,0.500000,0.691707,0.676855,0.733333,0.466667,1.000000,0.816063,0.468085,0.270049,0.087592,0.094629,0.011698,0.024027,0.653595,0.427554,0.673248,0.692105,0.486146,0.647337,0.647337
0.705882,0.500000,0.816051,0.730751,1.000000,0.200000,1.000000,0.778880,0.468085,0.302238,0.072767,0.002046,0.003466,0.015978,0.562436,0.581272,0.735446,0.876841,0.793727,0.746040,0.746040
0.705882,0.500000,0.625035,0.832711,1.000000,0.466667,1.000000,0.922162,0.425532,0.313126,0.088733,0.084910,0.008666,0.021985,0.734154,0.120899,0.649262,0.764733,0.549341,0.772897,0.772897
0.705882,0.500000,0.537037,0.889407,1.000000,0.733333,1.000000,0.964799,0.308511,0.388641,0.093769,0.073146,0.005199,0.020543,1.000000,0.224843,0.732748,0.837530,0.604093,0.810381,0.810381
0.705882,0.500000,0.708800,0.799813,1.000000,0.466667,1.000000,0.896877,0.319149,0.393008,0.115393,0.053708,0.003466,0.021985,0.790334,0.167492,0.773398,0.816884,0.632156,0.770131,0.770131
0.705882,0.500000,0.679664,0.811013,1.000000,0.466667,1.000000,0.995538,0.489362,0.421694,0.137226,0.093606,0.058059,0.031475,0.615942,0.090569,0.675496,0.672997,0.518388,0.572249,0.572249
0.705882,0.500000,0.571383,0.859076,1.000000,0.733333,1.000000,0.998513,0.319149,0.821835,0.838091,0.732992,0.983536,0.715401,0.972652,0.209510,0.194840,0.069502,0.053367,0.051086,0.051086
0.705882,0.500000,0.676242,0.837378,1.000000,0.666667,1.000000,0.956371,0.500000,0.810301,0.923676,0.965729,0.983102,0.791326,0.597723,0.038419,0.101528,0.030521,0.023023,0.038517,0.038517
0.705882,0.500000,0.813284,0.765282,1.000000,0.466667,1.000000,0.918691,1.000000,0.810535,0.924820,1.000000,0.968804,0.765978,0.035014,0.098365,0.000000,0.020988,0.015071,0.040099,0.040099
0.705882,0.500000,0.561610,0.891741,1.000000,0.733333,1.000000,0.910759,0.510638,0.486708,0.202080,0.106905,0.008666,0.105478,0.579892,0.250324,0.810760,0.655050,0.488955,0.383875,0.383875
0.705882,0.500000,0.398524,0.933971,1.000000,0.733333,1.000000,0.746653,0.372340,0.006128,0.000000,0.003069,0.005199,0.014897,0.846042,0.602750,0.631363,0.995717,0.962804,0.871160,0.871160
0.705882,0.500000,0.575444,0.877858,1.000000,0.733333,1.000000,0.487357,0.170213,0.069253,0.054887,0.097698,0.124783,0.022465,0.765338,0.347086,0.543068,0.691609,0.517242,0.761701,0.761701
0.705882,0.500000,0.809788,0.751283,1.000000,0.200000,1.000000,0.724839,0.436170,0.146668,0.053053,0.081841,0.010399,0.021024,0.713320,0.305731,0.592023,0.755275,0.559251,0.817383,0.817383
0.705882,0.500000,0.706009,0.675922,0.733333,0.466667,1.000000,0.514626,0.521277,0.107758,0.052415,0.076726,0.003466,0.025949,0.528603,0.330001,0.643444,0.737445,0.566030,0.675385,0.675385
0.705882,0.500000,0.677000,0.801913,1.000000,0.466667,1.000000,0.897868,0.425532,0.440976,0.133536,0.090026,0.027730,0.021504,0.734154,0.131353,0.579428,0.696292,0.541307,0.786645,0.786645
0.705882,0.500000,0.719421,0.823845,1.000000,0.466667,1.000000,0.659395,0.510638,0.202594,0.092879,0.091049,0.010399,0.022105,0.579892,0.566439,0.692645,0.727848,0.532214,0.709477,0.709477
0.705882,0.500000,0.766327,0.785114,1.000000,0.466667,1.000000,0.692117,0.351064,0.370591,0.125581,0.093095,0.009965,0.023546,0.894763,0.126462,0.723240,0.729891,0.538167,0.657890,0.657890
0.705882,0.500000,0.614298,0.877508,1.000000,0.733333,1.000000,0.973723,0.500000,0.218439,0.058770,0.074169,0.005199,0.020183,0.597723,0.463437,0.673102,0.834869,0.592590,0.826269,0.826269
0.705882,0.500000,0.669544,0.871442,1.000000,1.000000,1.000000,0.983639,0.478723,0.415729,0.141776,0.084910,0.008666,0.022946,0.545343,0.095365,0.696149,0.743960,0.554254,0.810381,0.810381
0.705882,0.500000,0.545679,0.917172,1.000000,1.000000,1.000000,0.968765,0.500000,0.224480,0.072481,0.070588,0.005199,0.020543,0.597723,0.466202,0.766542,0.860397,0.629925,0.735766,0.735766
0.705882,0.500000,0.924728,0.588427,0.466667,0.200000,1.000000,0.961329,0.191489,0.647892,0.257771,0.093606,0.016898,0.113047,0.545343,0.056225,0.787456,0.609869,0.468387,0.355912,0.355912
0.705882,0.500000,0.568558,0.223985,0.200000,0.000000,0.200000,0.942985,0.361702,0.607504,0.296576,0.132481,0.068024,0.194858,0.449827,0.112105,0.563037,0.404406,0.306063,0.177722,0.177722
0.705882,0.500000,0.812886,0.713719,1.000000,0.400000,1.000000,0.000000,0.393617,0.072121,0.075264,0.098210,0.064125,0.030154,0.653595,1.000000,0.604694,0.636835,0.484438,0.572249,0.572249
0.705882,0.500000,1.000000,0.515049,0.216667,0.000000,1.000000,0.859693,0.095745,0.441588,0.169543,0.091560,0.013865,0.053700,0.811052,0.052772,0.704436,0.618097,0.480415,0.470493,0.470493
0.705882,0.500000,0.846443,0.613392,0.733333,0.200000,1.000000,0.978681,0.351064,0.491022,0.178930,0.100767,0.027296,0.098030,0.870098,0.140026,0.689505,0.599265,0.475919,0.364307,0.364307
0.705882,0.500000,0.807168,0.314629,0.200000,0.000000,0.466667,0.983639,0.404255,0.758278,0.357811,0.135038,0.114818,0.166146,0.496138,0.017493,0.614814,0.410000,0.295439,0.209598,0.209598
0.000000,0.500000,0.045482,0.008633,0.000000,0.000000,0.000000,0.947942,0.393617,0.779386,0.393793,0.213811,0.129116,0.182244,0.205993,0.038812,0.450853,0.306346,0.176829,0.183238,0.183238
0.000000,0.500000,0.100760,0.027298,0.000000,0.000000,0.000000,0.927119,0.457447,0.501431,0.178533,0.085934,0.003466,0.074604,0.100061,0.026018,0.480074,0.496192,0.376522,0.341926,0.341926
0.705882,0.500000,0.163942,0.032898,0.000000,0.000000,0.000000,0.599901,0.170213,0.379519,0.142762,0.086957,0.006932,0.026430,0.765338,0.172083,0.452393,0.477120,0.357942,0.524376,0.524376
0.235294,0.500000,0.090715,0.017266,0.000000,0.000000,0.000000,0.776401,0.063830,0.496389,0.185608,0.084910,0.005199,0.072802,0.920060,0.088030,0.500522,0.481410,0.363999,0.346574,0.346574
0.235294,0.500000,0.128612,0.035464,0.000000,0.000000,0.000000,0.799703,0.319149,0.479149,0.155255,0.077238,0.003033,0.024507,0.288958,0.149268,0.479945,0.528186,0.380568,0.532949,0.532949
0.470588,0.500000,0.304078,0.090761,0.000000,0.000000,0.200000,0.956371,0.074468,0.638273,0.287679,0.110486,0.056759,0.165185,0.979919,0.014873,0.548253,0.400169,0.312722,0.205138,0.205138
0.235294,0.500000,0.164170,0.050163,0.000000,0.000000,0.000000,0.996034,0.106383,0.565338,0.235528,0.098721,0.064125,0.107160,0.777311,0.000181,0.434673,0.409711,0.345139,0.272887,0.272887
0.352941,0.500000,0.179314,0.068245,0.000000,0.000000,0.200000,0.701041,0.202128,0.473790,0.146238,0.065473,0.003033,0.019582,0.680241,0.122252,0.485202,0.569281,0.453110,0.579800,0.579800
0.705882,0.500000,0.725166,0.267382,0.000000,0.000000,0.466667,0.656420,0.478723,0.279936,0.100366,0.069565,0.005199,0.021624,0.496138,0.143654,0.655646,0.639941,0.456807,0.553025,0.553025
0.705882,0.500000,0.871298,0.412039,0.200000,0.000000,0.733333,0.318294,0.319149,0.073813,0.060609,0.087980,0.033795,0.026910,0.870098,0.395507,0.565262,0.594910,0.432010,0.557360,0.557360
0.235294,0.500000,0.216662,0.050163,0.000000,0.000000,0.000000,0.801686,0.085106,0.273932,0.077098,0.030691,0.000000,0.014416,0.846042,0.077055,0.470901,0.604133,0.537376,0.599136,0.599136
0.235294,0.500000,0.150807,0.025898,0.000000,0.000000,0.000000,0.761031,0.117021,0.621729,0.227090,0.089514,0.006499,0.100553,0.744754,0.094823,0.516736,0.474891,0.346268,0.284950,0.284950
0.000000,0.500000,0.100760,0.027298,0.000000,0.000000,0.000000,0.885473,0.340426,0.534783,0.211846,0.094629,0.006932,0.101033,0.387129,0.132843,0.480042,0.453709,0.347410,0.287744,0.287744
0.705882,0.500000,0.495862,0.110126,0.000000,0.000000,0.000000,0.869113,0.074468,0.512308,0.155354,0.032225,0.000000,0.047093,0.882353,0.048942,0.563527,0.586364,0.540516,0.434172,0.434172
0.000000,0.500000,0.103738,0.028698,0.000000,0.000000,0.000000,0.874070,0.489362,0.326008,0.115277,0.088491,0.003466,0.024387,0.064706,0.046939,0.436490,0.504086,0.367265,0.533617,0.533617
0.411765,0.500000,0.165609,0.053896,0.000000,0.000000,0.200000,0.992563,0.361702,0.578994,0.191963,0.092072,0.022530,0.027150,0.551711,0.001447,0.450390,0.465655,0.355117,0.521786,0.521786
0.705882,0.500000,0.934945,0.336211,0.000000,0.000000,1.000000,0.910759,0.404255,0.436949,0.168426,0.094629,0.034662,0.064632,0.777311,0.032371,0.576085,0.512862,0.352025,0.519902,0.519902
0.705882,0.500000,0.387512,0.982968,1.000000,1.000000,1.000000,0.823500,0.340426,0.377246,0.182586,0.116624,0.070191,0.066675,0.920060,0.552526,0.714301,0.623173,0.478479,0.545045,0.545045
0.705882,0.500000,0.871656,0.805646,1.000000,0.733333,1.000000,0.567675,0.372340,0.173297,0.032258,0.000000,0.001733,0.000000,0.777311,0.588922,0.706206,1.000000,0.979094,1.000000,1.000000
0.705882,0.500000,0.930128,0.731451,1.000000,0.200000,1.000000,0.926128,0.308511,0.358821,0.136020,0.090537,0.015165,0.062110,0.822573,0.287548,0.728372,0.673745,0.522835,0.542164,0.542164
0.705882,0.500000,0.959687,0.650957,1.000000,0.000000,1.000000,0.701041,0.042553,0.446940,0.155763,0.075192,0.005199,0.056583,1.000000,0.224752,0.888609,0.761640,0.552611,0.535640,0.535640
0.705882,0.500000,0.339768,0.069995,0.000000,0.000000,0.000000,0.946455,0.446809,0.947850,0.463242,0.250128,0.157279,0.166386,0.142235,0.018621,0.387556,0.272322,0.159013,0.199571,0.199571
0.235294,0.500000,0.244758,0.069295,0.000000,0.000000,0.200000,0.902826,0.468085,0.842850,0.395613,0.161637,0.069324,0.160620,0.270726,0.035483,0.459914,0.334666,0.240481,0.201502,0.201502
0.117647,0.500000,0.131064,0.043164,0.000000,0.000000,0.000000,0.923153,0.276596,0.352599,0.093101,0.054220,0.005199,0.020543,0.364924,0.027550,0.434802,0.567958,0.440112,0.566937,0.566937
0.000000,0.500000,0.091739,0.023565,0.000000,0.000000,0.000000,0.938027,0.542553,0.532449,0.227228,0.107928,0.153813,0.097790,0.000000,0.021831,0.211817,0.312938,0.316631,0.290197,0.290197
0.000000,0.500000,0.096079,0.025198,0.000000,0.000000,0.000000,0.842340,0.170213,0.544368,0.189313,0.082864,0.005199,0.037602,0.597723,0.059909,0.478818,0.502039,0.370460,0.465899,0.465899
0.470588,0.500000,0.275876,0.136724,0.200000,0.000000,0.200000,0.980664,0.148936,0.475685,0.167748,0.085934,0.008666,0.031115,0.826797,0.005818,0.527142,0.539718,0.397388,0.529016,0.529016
0.000000,0.500000,0.063307,0.013299,0.000000,0.000000,0.000000,0.839861,0.319149,0.348979,0.130878,0.080818,0.008666,0.059587,0.288958,0.060937,0.430983,0.484898,0.370230,0.416133,0.416133
0.235294,0.500000,0.108848,0.019132,0.000000,0.000000,0.000000,0.929598,0.106383,0.513980,0.173822,0.073657,0.005199,0.073763,0.777311,0.025063,0.489568,0.502749,0.388012,0.349669,0.349669
0.235294,0.500000,0.155074,0.055763,0.000000,0.000000,0.200000,0.788299,0.351064,0.315779,0.097351,0.043478,0.006932,0.020183,0.368578,0.082835,0.462362,0.571292,0.481718,0.558080,0.558080
0.000000,0.500000,0.166774,0.095194,0.000000,0.000000,0.200000,0.736738,0.223404,0.327415,0.130449,0.098210,0.048094,0.026430,0.627744,0.105752,0.412143,0.458169,0.347617,0.535640,0.535640
0.235294,0.500000,0.159659,0.060663,0.000000,0.000000,0.200000,0.938027,0.287234,0.612361,0.209785,0.095652,0.048094,0.026309,0.487510,0.021831,0.416374,0.453275,0.348552,0.525021,0.525021
0.705882,0.500000,0.413947,0.097527,0.000000,0.000000,0.000000,0.617253,0.319149,0.315779,0.112072,0.077749,0.003466,0.024387,0.496138,0.163192,0.474653,0.548836,0.405486,0.546652,0.546652
0.000000,0.500000,0.080252,0.018899,0.000000,0.000000,0.000000,0.995538,0.436170,0.547596,0.198604,0.089514,0.005199,0.086136,0.116069,0.053177,0.464823,0.467892,0.352025,0.314404,0.314404
0.000000,0.500000,0.102263,0.027998,0.000000,0.000000,0.000000,0.902330,0.361702,0.423853,0.152398,0.091049,0.008666,0.070759,0.220588,0.035678,0.451597,0.472280,0.359897,0.354593,0.354593
0.000000,0.500000,0.039315,0.007000,0.000000,0.000000,0.000000,0.909767,0.042553,0.541260,0.195303,0.055243,0.001733,0.103676,1.000000,0.032759,0.537067,0.516202,0.437113,0.279124,0.279124
0.000000,0.500000,0.096079,0.025198,0.000000,0.000000,0.000000,0.750620,0.202128,0.430780,0.177631,0.084399,0.005199,0.084575,0.520362,0.099477,0.512178,0.488272,0.367960,0.317903,0.317903
0.000000,0.500000,0.110723,0.032198,0.000000,0.000000,0.000000,0.844323,0.500000,0.527012,0.211153,0.093095,0.064558,0.071600,0.076253,0.059088,0.392158,0.414191,0.344623,0.349739,0.349739
0.235294,0.500000,0.092531,0.017965,0.000000,0.000000,0.000000,0.932573,0.457447,0.362779,0.148595,0.092072,0.011698,0.065834,0.137672,0.023920,0.437095,0.460644,0.347410,0.365745,0.365745
0.705882,0.500000,0.373089,0.110826,0.000000,0.000000,0.200000,0.887952,0.053191,0.496379,0.174885,0.073657,0.003033,0.037001,0.959246,0.041373,0.575114,0.563954,0.467141,0.486220,0.486220
0.000000,0.500000,0.091120,0.023098,0.000000,0.000000,0.000000,0.939018,0.319149,0.450747,0.175602,0.093606,0.060225,0.060908,0.425697,0.021452,0.405184,0.428729,0.341168,0.380309,0.380309
0.000000,0.500000,0.077082,0.017965,0.000000,0.000000,0.000000,0.965295,0.234043,0.501222,0.160294,0.080818,0.001733,0.024988,0.449827,0.011525,0.477357,0.518731,0.376641,0.527640,0.527640
0.000000,0.500000,0.065610,0.013999,0.000000,0.000000,0.000000,0.813089,0.085106,0.251035,0.095859,0.080818,0.008666,0.022105,0.846042,0.072184,0.421636,0.502663,0.369000,0.546652,0.546652
0.000000,0.500000,0.102263,0.027998,0.000000,0.000000,0.000000,0.968765,0.297872,0.420414,0.164719,0.095141,0.025130,0.072802,0.325914,0.010230,0.429787,0.443998,0.337965,0.353949,0.353949
0.000000,0.500000,0.085855,0.020999,0.000000,0.000000,0.000000,0.794249,0.500000,0.488541,0.202718,0.098210,0.068891,0.120735,0.088035,0.080257,0.404563,0.399197,0.328825,0.250650,0.250650
0.000000,0.500000,0.100760,0.027298,0.000000,0.000000,0.000000,0.973723,0.074468,0.314313,0.104238,0.079284,0.003466,0.026430,0.882353,0.008386,0.491557,0.524668,0.374173,0.520491,0.520491
0.235294,0.500000,0.112089,0.029631,0.000000,0.000000,0.000000,0.871591,0.223404,0.444920,0.175474,0.094118,0.008666,0.070159,0.472637,0.047939,0.469732,0.458343,0.337368,0.353629,0.353629
0.000000,0.500000,0.058515,0.011899,0.000000,0.000000,0.000000,0.830937,0.053191,0.507891,0.185199,0.078772,0.005199,0.048775,0.959246,0.064657,0.503979,0.492291,0.371501,0.421055,0.421055
0.000000,0.500000,0.053449,0.010499,0.000000,0.000000,0.000000,0.913237,0.393617,0.342020,0.141384,0.092072,0.010399,0.067756,0.173636,0.031403,0.449271,0.466234,0.339559,0.370265,0.370265
0.000000,0.500000,0.060944,0.012599,0.000000,0.000000,0.000000,0.676748,0.372340,0.395478,0.136760,0.086957,0.003466,0.023546,0.204551,0.133795,0.440430,0.502929,0.363999,0.536314,0.536314
0.352941,0.500000,0.097846,0.020299,0.000000,0.000000,0.000000,0.868121,0.276596,0.410872,0.145711,0.036317,0.001733,0.022105,0.364924,0.049344,0.497830,0.544571,0.506127,0.543861,0.543861
0.000000,0.500000,0.084027,0.020299,0.000000,0.000000,0.000000,0.718394,0.425532,0.285965,0.087227,0.029156,0.001733,0.019582,0.137672,0.160428,0.458873,0.582184,0.539725,0.561004,0.561004
0.000000,0.500000,0.050802,0.009799,0.000000,0.000000,0.000000,0.805652,0.382979,0.406605,0.117670,0.020972,0.000000,0.016819,0.188905,0.075355,0.467150,0.602712,0.577359,0.585304,0.585304
0.235294,0.500000,0.202502,0.138357,0.200000,0.000000,0.200000,0.339613,0.329787,0.000000,0.032810,0.084910,0.005199,0.018621,0.271199,0.325817,0.422990,0.577039,0.380328,0.604980,0.604980
0.764706,0.000000,0.190519,0.053546,0.000000,0.000000,0.200000,0.690134,0.021277,0.278266,0.102767,0.041944,0.001733,0.025949,0.870098,0.127403,0.499716,0.560680,0.501915,0.530283,0.530283
0.000000,0.500000,0.148397,0.059496,0.000000,0.000000,0.200000,0.609321,0.393617,0.265130,0.086305,0.078772,0.006932,0.022465,0.298842,0.186359,0.451741,0.544377,0.375342,0.549469,0.549469
0.000000,0.500000,0.060944,0.012599,0.000000,0.000000,0.000000,0.956867,0.170213,0.425786,0.110938,0.072634,0.000000,0.019582,0.597723,0.014686,0.441815,0.557998,0.393277,0.563956,0.563956
0.000000,0.500000,0.130357,0.044097,0.000000,0.000000,0.000000,0.964799,0.170213,0.530082,0.160592,0.071100,0.000000,0.024988,0.597723,0.011711,0.500867,0.550797,0.425442,0.544592,0.544592
0.000000,0.500000,0.115880,0.034998,0.000000,0.000000,0.000000,0.908775,0.255319,0.421492,0.156875,0.093606,0.030763,0.085175,0.406162,0.033147,0.419505,0.447590,0.352025,0.332042,0.332042
0.000000,0.500000,0.027501,0.004666,0.000000,0.000000,0.000000,0.972732,0.404255,0.385012,0.148523,0.091049,0.006932,0.072681,0.158730,0.008755,0.443075,0.463596,0.344009,0.346885,0.346885
0.000000,0.500000,0.070044,0.015399,0.000000,0.000000,0.000000,0.991076,0.425532,0.758252,0.406829,0.184143,0.060659,0.189813,0.129959,0.001991,0.480623,0.326848,0.215810,0.172321,0.172321
0.000000,0.500000,0.022254,0.003500,0.000000,0.000000,0.000000,0.763014,0.457447,0.607638,0.324949,0.118159,0.055459,0.176838,0.089227,0.093941,0.482762,0.352856,0.290765,0.184248,0.184248
0.235294,0.500000,0.129182,0.039431,0.000000,0.000000,0.000000,0.960337,0.425532,0.390418,0.113564,0.055243,0.003466,0.021144,0.164109,0.013382,0.463147,0.554965,0.443269,0.549469,0.549469
0.352941,0.500000,0.092623,0.018199,0.000000,0.000000,0.000000,0.871096,0.106383,0.373052,0.133356,0.092583,0.012132,0.025469,0.777311,0.048140,0.448489,0.474565,0.339559,0.525021,0.525021
0.235294,0.500000,0.176091,0.078395,0.000000,0.000000,0.200000,0.988101,0.393617,0.544689,0.188349,0.093606,0.006932,0.069318,0.298842,0.071973,0.496829,0.474878,0.337368,0.361243,0.361243
0.235294,0.500000,0.260057,0.064862,0.000000,0.000000,0.000000,0.781854,0.180851,0.449647,0.167507,0.049616,0.006499,0.029313,0.571117,0.184378,0.526176,0.545515,0.457017,0.515287,0.515287
0.470588,0.500000,0.173543,0.065096,0.000000,0.000000,0.200000,0.918691,0.478723,0.263564,0.089788,0.080818,0.000000,0.022465,0.137672,0.122380,0.460922,0.555210,0.382862,0.558080,0.558080
0.235294,0.500000,0.147729,0.044797,0.000000,0.000000,0.000000,0.461577,0.276596,0.290905,0.124984,0.087980,0.010399,0.042528,0.364924,0.248645,0.444430,0.476864,0.356738,0.495599,0.495599
0.000000,0.500000,0.089401,0.022399,0.000000,0.000000,0.000000,0.874070,0.074468,0.451150,0.146687,0.077749,0.005199,0.021624,0.882353,0.046939,0.480965,0.518501,0.372888,0.549469,0.549469
0.705882,0.500000,0.266839,0.080495,0.000000,0.000000,0.200000,0.991076,0.148936,0.625615,0.215874,0.095141,0.003466,0.093705,0.653595,0.035483,0.516637,0.476032,0.359103,0.314212,0.314212
0.470588,0.500000,0.177595,0.044564,0.000000,0.000000,0.000000,0.468518,0.414894,0.475846,0.233504,0.122251,0.133449,0.140918,0.144175,0.244544,0.379069,0.332217,0.286491,0.225352,0.225352
0.705882,0.500000,0.430345,0.181055,0.200000,0.000000,0.200000,0.808627,0.414894,0.382287,0.157748,0.108440,0.127816,0.075444,0.266436,0.171664,0.392237,0.427710,0.342583,0.356563,0.356563
0.705882,0.500000,0.516519,0.108493,0.000000,0.000000,0.000000,0.916708,0.457447,0.647893,0.291266,0.195396,0.133016,0.146444,0.229425,0.030051,0.414821,0.336470,0.249362,0.225047,0.225047
0.000000,0.500000,0.000000,0.000000,0.000000,0.000000,0.000000,0.993555,0.457447,0.695242,0.297448,0.112532,0.055026,0.138155,0.089227,0.001085,0.453462,0.374050,0.299616,0.226137,0.226137
0.235294,0.500000,0.152046,0.048297,0.000000,0.000000,0.000000,0.642538,0.329787,0.528689,0.260053,0.112532,0.065425,0.161221,0.406162,0.150496,0.448660,0.362298,0.307962,0.200593,0.200593
0.705882,0.500000,0.968582,0.463836,0.200000,0.000000,1.000000,0.894398,0.138298,0.583403,0.265888,0.100256,0.015598,0.148847,0.701707,0.038812,0.776673,0.572543,0.464235,0.266752,0.266752
0.705882,0.500000,0.492383,0.927905,1.000000,1.000000,1.000000,0.754090,0.531915,0.255534,0.095931,0.089514,0.010399,0.064512,0.545343,0.597739,0.667915,0.747629,0.562623,0.560775,0.560775
0.705882,0.500000,0.862816,0.744750,1.000000,0.200000,1.000000,0.909767,0.329787,0.424102,0.163834,0.100767,0.015598,0.079169,0.946015,0.239604,0.827758,0.678969,0.502658,0.379375,0.379375
0.705882,0.500000,0.624187,0.850443,1.000000,0.733333,1.000000,0.942489,0.372340,0.603627,0.256607,0.134527,0.118284,0.092744,0.822573,0.020128,0.714427,0.557409,0.382337,0.407985,0.407985
0.705882,0.500000,0.602970,0.801680,1.000000,0.466667,1.000000,0.766981,0.308511,0.509660,0.228446,0.122251,0.038128,0.095026,0.777311,0.509370,0.777328,0.600244,0.423954,0.391163,0.391163
0.705882,0.500000,0.949982,0.585161,0.466667,0.200000,1.000000,0.997521,0.297872,0.417365,0.189757,0.151918,0.050260,0.085416,1.000000,0.209955,0.590985,0.513108,0.365229,0.400872,0.400872
