90.000000,60.000000,10.791644,68.696000,66.000000,60.000000,74.000000,0.004960,0.000060,0.000962,0.000691,0.000228,0.000182,0.000705,1000000.000000,12096.774193,240408.340976,305785.405383,281690.140845,92795.232936,92795.232936
100.000000,60.000000,11.652446,80.364000,86.000000,66.000000,90.000000,0.004870,0.000066,0.000721,0.000416,0.000204,0.000142,0.000268,1034482.758620,12557.555463,234028.493030,425439.990115,420560.747664,290331.585967,290331.585967
90.000000,60.000000,9.278814,84.704000,90.000000,82.000000,90.000000,0.004349,0.000079,0.000636,0.000374,0.000200,0.000107,0.000302,1139240.506330,13796.275006,287942.537560,495542.954149,447761.194030,272316.538883,272316.538883
90.000000,60.000000,10.648967,79.748000,82.000000,74.000000,90.000000,0.004469,0.000088,0.000473,0.000309,0.000200,0.000108,0.000283,1022727.272730,13425.822332,260685.374109,468644.516474,411901.470403,278409.631674,278409.631674
100.000000,60.000000,9.693420,66.840000,60.000000,60.000000,66.000000,0.004932,0.000055,0.001131,0.000765,0.000278,0.000197,0.000626,1090909.090910,12165.450122,213714.069165,272019.758569,234458.999016,102380.595417,102380.595417
82.000000,60.000000,5.180573,63.608000,60.000000,60.000000,66.000000,0.004886,0.000053,0.000883,0.000581,0.000269,0.000190,0.000502,1132075.471700,12279.983627,194184.213654,276432.416437,234458.999016,123803.800279,123803.800279
82.000000,60.000000,4.729964,63.538000,60.000000,60.000000,66.000000,0.004979,0.000055,0.000787,0.000488,0.000262,0.000151,0.000390,1200000.000000,12050.612573,215031.507412,310032.388342,250475.285171,164803.126143,164803.126143
90.000000,60.000000,4.663074,62.912000,60.000000,60.000000,66.000000,0.004749,0.000077,0.001143,0.000831,0.000300,0.000199,0.000695,779220.779221,12634.238787,175756.747230,231482.942389,208860.759494,86385.997723,86385.997723
90.000000,60.000000,11.926588,79.364000,82.000000,66.000000,90.000000,0.004894,0.000067,0.000672,0.000401,0.000221,0.000158,0.000305,1188405.797100,12259.910094,243678.030318,402035.359820,354042.119565,231236.462944,231236.462944
90.000000,60.000000,10.359503,83.552000,90.000000,82.000000,90.000000,0.004866,0.000094,0.000584,0.000325,0.000199,0.000109,0.000224,947368.421053,13455.931823,255623.789139,490673.270451,430622.009569,329111.154332,329111.154332
90.000000,60.000000,3.059684,61.344000,60.000000,60.000000,60.000000,0.004794,0.000073,0.001129,0.000922,0.000350,0.000201,0.001250,904109.589041,12515.644556,184034.777559,211057.813915,174209.860936,48018.235012,48018.235012
66.000000,60.000000,2.479545,61.316000,60.000000,60.000000,60.000000,0.004953,0.000058,0.000987,0.000675,0.000287,0.000196,0.000559,1034482.758620,12113.870382,164288.450836,233057.182348,215827.338129,108548.766157,108548.766157
66.000000,60.000000,1.977489,60.744000,60.000000,60.000000,60.000000,0.004619,0.000055,0.000953,0.000727,0.000298,0.000200,0.000637,1200000.000000,12989.824637,165930.859376,217110.457069,204429.894825,95737.431859,95737.431859
80.000000,60.000000,3.784042,61.968000,60.000000,60.000000,66.000000,0.004860,0.000056,0.000977,0.000665,0.000291,0.000197,0.000555,1071428.571430,12345.679012,192568.434936,246548.537006,212834.591627,109886.688134,109886.688134
74.000000,60.000000,2.794326,61.088000,60.000000,60.000000,60.000000,0.004603,0.000063,0.000876,0.000600,0.000281,0.000198,0.000504,1047619.047620,13034.977189,179218.132348,250896.846557,216606.498195,124148.174035,124148.174035
78.000000,60.000000,2.688556,60.892000,60.000000,60.000000,60.000000,0.004965,0.000075,0.001007,0.000700,0.000295,0.000195,0.000580,800000.000000,12084.592145,183933.489619,239877.532877,204429.894825,106242.260498,106242.260498
90.000000,60.000000,4.774767,63.240000,60.000000,60.000000,66.000000,0.004900,0.000065,0.000861,0.000531,0.000271,0.000195,0.000431,1015384.615380,13280.212483,187217.710710,274785.206950,232394.366197,145802.754883,145802.754883
92.000000,54.000000,12.901326,76.714000,74.000000,60.000000,90.000000,0.004992,0.000046,0.000514,0.000365,0.000252,0.000157,0.000313,1200000.000000,12019.230769,265558.495272,390517.970980,315897.512736,216411.708179,216411.708179
90.000000,60.000000,10.021617,75.428000,74.000000,66.000000,82.000000,0.004927,0.000075,0.001062,0.001037,0.000685,0.000278,0.001393,1125000.000000,13787.340714,255259.713149,218502.963117,109386.608165,54497.120071,54497.120071
90.000000,60.000000,11.140197,69.800000,66.000000,60.000000,74.000000,0.004957,0.000084,0.001177,0.001439,0.000924,0.000634,0.002069,1058823.529410,12150.668287,114990.453084,97806.088225,76149.815591,32550.406905,32550.406905
90.000000,60.000000,10.157237,80.388000,82.000000,74.000000,90.000000,0.004886,0.000099,0.001080,0.001105,0.000686,0.000341,0.001519,833333.333333,12386.457473,151098.615096,163882.976870,119009.511089,55153.282255,55153.282255
90.000000,60.000000,7.149685,64.300000,60.000000,60.000000,66.000000,0.004872,0.000059,0.001040,0.000821,0.000357,0.000185,0.000906,1031250.000000,12315.270936,220227.944402,244202.465710,176761.541132,67415.985096,67415.985096
90.000000,60.000000,10.872645,79.840000,82.000000,66.000000,90.000000,0.004975,0.000092,0.000736,0.000443,0.000205,0.000107,0.000396,978260.869565,12897.678418,291994.636201,442999.148355,401960.784314,186854.643721,186854.643721
90.000000,60.000000,12.313090,75.732000,74.000000,60.000000,90.000000,0.004999,0.000065,0.001123,0.001019,0.000589,0.000283,0.001255,1138461.538460,12053.033347,180270.863237,195780.466658,128422.488816,55109.455754,55109.455754
90.000000,60.000000,10.906911,80.536000,82.000000,74.000000,90.000000,0.004994,0.000082,0.000634,0.000400,0.000205,0.000109,0.000315,1097560.975610,15856.236787,260597.237448,438729.697436,394669.473205,250194.606617,250194.606617
90.000000,60.000000,7.387016,86.200000,90.000000,82.000000,90.000000,0.004840,0.000077,0.000612,0.000361,0.000179,0.000104,0.000301,1168831.168830,14947.683109,301474.834090,539598.400853,501396.648045,280829.515312,280829.515312
90.000000,60.000000,9.265398,83.580000,90.000000,82.000000,90.000000,0.004887,0.000067,0.000703,0.000402,0.000196,0.000105,0.000308,1153846.153850,12277.470841,296350.256610,499447.911382,452261.306533,264234.539970,264234.539970
90.000000,60.000000,11.626450,80.392000,90.000000,66.000000,90.000000,0.004988,0.000068,0.000866,0.000565,0.000271,0.000184,0.000466,1011235.955060,12028.869286,275806.941485,374275.782547,296541.167275,167543.847272,167543.847272
90.000000,60.000000,11.310846,78.766000,82.000000,66.000000,90.000000,0.004642,0.000068,0.000556,0.000402,0.000231,0.000162,0.000318,1011235.955060,13901.760890,250746.407051,388037.157845,337078.651685,216915.485830,216915.485830
90.000000,60.000000,10.985415,80.716000,90.000000,74.000000,90.000000,0.004947,0.000081,0.000723,0.000436,0.000220,0.000113,0.000314,1111111.111110,12128.562765,272637.755425,428513.494241,351971.726190,233473.557692,233473.557692
90.000000,60.000000,11.030071,77.744000,74.000000,66.000000,90.000000,0.004849,0.000069,0.000721,0.000411,0.000201,0.000104,0.000308,1125000.000000,12373.685296,272068.635464,451029.728729,393617.021277,233218.399237,233218.399237
90.000000,60.000000,10.572401,82.156000,90.000000,74.000000,90.000000,0.004748,0.000057,0.000610,0.000402,0.000229,0.000187,0.000313,1157894.736840,14572.753367,226452.304796,386495.427877,339042.089985,246579.253818,246579.253818
90.000000,60.000000,10.107151,82.752000,90.000000,74.000000,90.000000,0.004571,0.000079,0.000670,0.000390,0.000196,0.000107,0.000305,1139240.506330,13126.230584,279957.899634,477238.635691,443360.512522,274018.952062,274018.952062
90.000000,60.000000,9.718017,81.988000,90.000000,74.000000,90.000000,0.004934,0.000068,0.000501,0.000313,0.000196,0.000104,0.000292,1071428.571430,15416.238438,298079.830835,510445.717432,423802.612482,255425.959910,255425.959910
90.000000,60.000000,10.010391,82.008000,90.000000,74.000000,90.000000,0.004545,0.000056,0.000609,0.000371,0.000201,0.000110,0.000300,1178571.428570,13537.906137,267203.189000,458928.093130,407960.199005,266668.774970,266668.774970
90.000000,60.000000,11.019691,79.920000,82.000000,66.000000,90.000000,0.004883,0.000067,0.000616,0.000403,0.000243,0.000136,0.000325,1108108.108110,12287.528159,229489.789060,386559.084667,333333.333333,225911.525389,225911.525389
90.000000,60.000000,9.779721,82.584000,90.000000,74.000000,90.000000,0.004559,0.000076,0.000690,0.000421,0.000205,0.000107,0.000310,1184210.526320,13892.104654,292206.061380,462922.893721,400000.000000,235609.243697,235609.243697
90.000000,60.000000,10.719232,79.492000,82.000000,66.000000,90.000000,0.004338,0.000069,0.000453,0.000342,0.000219,0.000131,0.000310,937500.000000,15214.384509,229471.676740,405581.902977,355509.889545,241437.484085,241437.484085
90.000000,60.000000,10.747157,77.432000,74.000000,66.000000,90.000000,0.004516,0.000062,0.000576,0.000398,0.000246,0.000146,0.000318,1125000.000000,14958.863126,258004.615107,385833.920960,307692.307692,216980.571917,216980.571917
90.000000,60.000000,10.977017,78.348000,82.000000,66.000000,90.000000,0.004999,0.000056,0.000722,0.000474,0.000260,0.000127,0.000394,1178571.428570,13683.010262,260730.656428,383635.262675,302806.664430,189208.716259,189208.716259
90.000000,60.000000,9.651823,81.048000,82.000000,74.000000,90.000000,0.004661,0.000055,0.000572,0.000354,0.000207,0.000120,0.000307,1200000.000000,15868.817773,264278.058346,441594.401062,376275.510204,262194.749695,262194.749695
90.000000,60.000000,9.944547,82.728000,90.000000,74.000000,90.000000,0.004783,0.000065,0.000629,0.000369,0.000204,0.000118,0.000300,1138888.888890,13859.722806,269412.113770,456832.199453,399921.983356,263431.677019,263431.677019
90.000000,60.000000,10.632384,80.620000,82.000000,74.000000,90.000000,0.004790,0.000063,0.000618,0.000386,0.000206,0.000122,0.000308,1051282.051280,15448.851775,262695.108981,430474.650445,383419.689119,240000.000000,240000.000000
90.000000,60.000000,9.832819,83.108000,90.000000,74.000000,90.000000,0.004949,0.000085,0.000649,0.000437,0.000254,0.000184,0.000321,1058823.529410,13410.818060,251625.488191,389425.418815,330276.341306,217893.702203,217893.702203
90.000000,60.000000,10.222250,82.040000,90.000000,74.000000,90.000000,0.004566,0.000079,0.000767,0.000464,0.000211,0.000112,0.000319,1139240.506330,14624.418347,275715.431890,441063.510252,384622.408912,236986.125385,236986.125385
90.000000,60.000000,9.492316,82.544000,90.000000,74.000000,90.000000,0.004456,0.000065,0.000585,0.000358,0.000200,0.000104,0.000302,1138461.538460,13464.991023,284309.202187,490165.818571,415404.040404,280709.896300,280709.896300
90.000000,60.000000,10.302990,81.420000,90.000000,74.000000,90.000000,0.004896,0.000091,0.000615,0.000344,0.000143,0.000102,0.000274,967741.935484,15842.432027,268997.664022,515549.670064,505633.936180,298797.946240,298797.946240
90.000000,60.000000,10.599925,78.640000,82.000000,66.000000,90.000000,0.004935,0.000062,0.000699,0.000435,0.000257,0.000165,0.000322,1064516.129030,16196.319018,240905.180340,376240.355198,319148.936170,223925.061425,223925.061425
90.000000,60.000000,10.408108,80.464000,82.000000,74.000000,90.000000,0.004037,0.000085,0.000611,0.000416,0.000235,0.000126,0.000349,1058823.529410,14862.521675,265864.203653,409566.968257,333952.912020,211271.081859,211271.081859
90.000000,60.000000,10.969528,80.884000,90.000000,66.000000,90.000000,0.004940,0.000058,0.000784,0.000454,0.000205,0.000105,0.000318,1168831.168830,13434.841021,302200.523015,463590.307882,373894.416805,215336.134454,215336.134454
90.000000,60.000000,10.647332,80.518000,82.000000,74.000000,90.000000,0.004896,0.000068,0.000763,0.000458,0.000219,0.000134,0.000319,1088235.294120,12254.901961,254326.101915,405451.197096,377243.589744,209009.614961,209009.614961
90.000000,60.000000,10.816450,80.304000,82.000000,66.000000,90.000000,0.004998,0.000069,0.000805,0.000551,0.000272,0.000199,0.000460,1188405.797100,12914.334912,202887.021532,319021.454531,304568.527919,168153.170359,168153.170359
90.000000,60.000000,10.655245,80.412000,82.000000,74.000000,90.000000,0.004711,0.000064,0.000377,0.000282,0.000198,0.000107,0.000289,1156250.000000,19104.224156,256230.932032,473777.135379,423183.599638,280665.391156,280665.391156
90.000000,60.000000,11.198860,79.256000,82.000000,66.000000,90.000000,0.004718,0.000066,0.000402,0.000301,0.000206,0.000109,0.000308,1088235.294120,12717.253073,265668.906533,449587.888058,381443.298969,240000.000000,240000.000000
90.000000,60.000000,10.722295,81.820000,90.000000,74.000000,90.000000,0.004998,0.000093,0.000779,0.000468,0.000230,0.000108,0.000332,967741.935484,13205.282113,301106.091162,445039.413178,335025.380711,213248.837137,213248.837137
90.000000,60.000000,8.664014,84.692000,90.000000,82.000000,90.000000,0.004837,0.000092,0.000513,0.000337,0.000203,0.000108,0.000302,978260.869565,15298.738888,276994.544939,482816.232965,420560.747664,278533.094812,278533.094812
90.000000,60.000000,10.477602,79.684000,82.000000,74.000000,90.000000,0.004705,0.000068,0.000708,0.000455,0.000231,0.000127,0.000326,1022727.272730,14366.565085,260382.367115,401461.125464,338461.538462,216574.875707,216574.875707
98.000000,60.000000,10.125665,82.770000,90.000000,74.000000,90.000000,0.004260,0.000067,0.000625,0.000416,0.000226,0.000163,0.000317,1071428.571430,17216.642755,250149.343775,405870.012837,377715.602370,222222.222222,222222.222222
90.000000,60.000000,10.584520,82.456000,90.000000,74.000000,90.000000,0.004850,0.000088,0.000771,0.000450,0.000217,0.000117,0.000317,1022727.272730,13695.503310,267018.218690,430576.677651,388770.712047,239718.614719,239718.614719
90.000000,60.000000,10.056858,83.940000,90.000000,82.000000,90.000000,0.004924,0.000082,0.000588,0.000337,0.000190,0.000104,0.000282,1097560.975610,12185.215272,301967.505770,532954.959408,465119.384648,288681.859026,288681.859026
90.000000,60.000000,10.070119,82.552000,90.000000,74.000000,90.000000,0.004447,0.000068,0.000590,0.000405,0.000229,0.000192,0.000321,1088235.294120,15323.891340,230040.586588,383713.943607,341968.911917,232369.429039,232369.429039
90.000000,60.000000,10.644510,80.320000,82.000000,74.000000,90.000000,0.004789,0.000057,0.000556,0.000358,0.000207,0.000122,0.000311,1156250.000000,18330.443399,268052.970880,430834.688378,377060.029033,237751.463435,237751.463435
90.000000,60.000000,9.947944,80.196000,82.000000,74.000000,90.000000,0.004491,0.000075,0.000673,0.000425,0.000210,0.000121,0.000318,1200000.000000,14696.058784,260309.867354,420957.276515,377360.149081,230607.287449,230607.287449
90.000000,60.000000,10.656435,81.620000,90.000000,74.000000,90.000000,0.004970,0.000064,0.000526,0.000330,0.000201,0.000107,0.000307,1184210.526320,13452.914798,281462.580207,468561.706884,392158.724131,269124.793890,269124.793890
90.000000,60.000000,11.047241,80.408000,82.000000,74.000000,90.000000,0.004552,0.000085,0.000577,0.000331,0.000199,0.000142,0.000223,1034482.758620,13623.978202,226555.108127,440931.360302,419558.735838,302649.611695,302649.611695
90.000000,60.000000,9.660016,83.064000,90.000000,82.000000,90.000000,0.004941,0.000073,0.000643,0.000336,0.000197,0.000110,0.000218,1123287.671230,12744.265081,249334.797547,493687.875606,430622.009569,362810.168315,362810.168315
90.000000,60.000000,11.794355,80.928000,90.000000,66.000000,90.000000,0.004887,0.000067,0.000703,0.000362,0.000191,0.000105,0.000218,985074.626866,12450.715916,270692.545009,505170.209910,450274.725275,326783.992285,326783.992285
90.000000,60.000000,10.321069,76.244000,74.000000,66.000000,90.000000,0.004587,0.000076,0.000627,0.000359,0.000199,0.000114,0.000226,1184210.526320,13080.444735,244890.417327,439272.409772,396135.265700,297297.297297,297297.297297
90.000000,60.000000,10.880047,80.976000,90.000000,74.000000,90.000000,0.004860,0.000076,0.000555,0.000334,0.000192,0.000107,0.000224,1184210.526320,12578.616352,252749.131978,480460.893611,440100.430416,319238.630557,319238.630557
90.000000,60.000000,9.835410,78.552000,82.000000,74.000000,90.000000,0.004776,0.000087,0.000732,0.000412,0.000193,0.000106,0.000227,942528.735632,12562.814070,266959.817693,464373.879721,421547.979466,305203.533026,305203.533026
90.000000,60.000000,10.701371,82.716000,90.000000,74.000000,90.000000,0.004975,0.000094,0.000724,0.000425,0.000194,0.000105,0.000227,957446.808511,14874.371859,277933.562448,486629.675956,452261.306533,301510.067114,301510.067114
90.000000,60.000000,10.909372,80.960000,90.000000,74.000000,90.000000,0.004890,0.000085,0.000700,0.000403,0.000203,0.000125,0.000234,1058823.529410,13496.932515,244959.058249,442178.983028,423531.756577,305203.533026,305203.533026
90.000000,60.000000,11.135623,77.852000,74.000000,66.000000,90.000000,0.004988,0.000081,0.000750,0.000398,0.000186,0.000105,0.000227,1011235.955060,13616.670105,245399.516518,468289.576718,459183.673469,309497.169936,309497.169936
90.000000,60.000000,11.241364,81.088000,90.000000,66.000000,90.000000,0.003867,0.000091,0.000542,0.000348,0.000193,0.000105,0.000279,947368.421053,17067.494181,264943.618403,481823.147512,448370.392933,289389.067524,289389.067524
90.000000,60.000000,9.659380,84.872000,90.000000,82.000000,90.000000,0.004980,0.000093,0.000769,0.000425,0.000198,0.000112,0.000226,937500.000000,12432.656444,269185.963729,478016.959090,443349.753695,311699.960136,311699.960136
90.000000,60.000000,10.299747,82.596000,90.000000,74.000000,90.000000,0.004448,0.000079,0.000594,0.000376,0.000200,0.000118,0.000228,1139240.506330,13489.208633,265060.501625,462468.288804,420512.820513,298426.051560,298426.051560
90.000000,60.000000,10.653826,81.200000,90.000000,74.000000,90.000000,0.004947,0.000058,0.000628,0.000361,0.000194,0.000107,0.000226,1137931.034480,13155.009866,263359.634081,484457.454840,434322.521279,304183.971697,304183.971697
90.000000,60.000000,10.767901,80.548000,82.000000,66.000000,90.000000,0.004368,0.000080,0.000538,0.000326,0.000188,0.000106,0.000220,967741.935484,18772.893773,267390.848382,494781.635261,430622.009569,312722.156398,312722.156398
90.000000,60.000000,10.635558,80.946000,82.000000,74.000000,90.000000,0.004553,0.000073,0.000638,0.000357,0.000187,0.000104,0.000220,1097560.975610,13178.124314,281030.053901,511302.659907,454545.454545,325123.152709,325123.152709
90.000000,60.000000,10.460024,81.648000,90.000000,74.000000,90.000000,0.004914,0.000083,0.000704,0.000411,0.000200,0.000118,0.000299,1084337.349400,14460.999124,252894.491832,442836.845838,418604.651163,279201.404125,279201.404125
90.000000,60.000000,9.386288,82.640000,90.000000,74.000000,90.000000,0.004652,0.000087,0.000476,0.000303,0.000191,0.000108,0.000272,1034482.758620,14018.691589,265737.505757,500091.081032,451130.653266,305610.029416,305610.029416
90.000000,60.000000,7.739461,85.856000,90.000000,82.000000,90.000000,0.004074,0.000085,0.000486,0.000313,0.000191,0.000107,0.000311,1058823.529410,14727.540501,265724.306935,504705.265860,451130.653266,285263.632267,285263.632267
90.000000,60.000000,10.011996,78.456000,82.000000,66.000000,90.000000,0.004989,0.000061,0.000534,0.000323,0.000201,0.000113,0.000329,1139240.506330,13767.783387,252006.124298,435739.862327,379469.987229,237395.135647,237395.135647
90.000000,60.000000,9.163898,79.176000,82.000000,74.000000,90.000000,0.004973,0.000094,0.000491,0.000295,0.000182,0.000104,0.000223,947368.421053,15428.130625,252356.566467,493236.162977,447924.312862,320761.712167,320761.712167
90.000000,60.000000,10.457227,79.520000,82.000000,74.000000,90.000000,0.004940,0.000059,0.000743,0.000420,0.000207,0.000143,0.000353,1118644.067800,12765.957447,243658.608119,413702.407648,385841.380544,215968.137955,215968.137955
90.000000,60.000000,6.158819,63.212000,60.000000,60.000000,66.000000,0.004906,0.000056,0.001188,0.000981,0.000400,0.000218,0.001190,1071428.571430,12229.922544,204112.766608,213594.115317,152902.003153,50761.855847,50761.855847
90.000000,60.000000,11.288266,78.916000,82.000000,66.000000,90.000000,0.004856,0.000068,0.000581,0.000381,0.000258,0.000143,0.000319,1153846.153850,13591.433278,249027.124647,391202.224460,320957.473899,223654.920796,223654.920796
90.000000,60.000000,11.797938,78.716000,82.000000,66.000000,90.000000,0.004934,0.000075,0.000878,0.000520,0.000267,0.000190,0.000412,1125000.000000,12160.518849,215607.278340,344512.596366,312981.658727,183417.225951,183417.225951
90.000000,60.000000,9.963842,79.816000,82.000000,74.000000,90.000000,0.004891,0.000055,0.000684,0.000417,0.000265,0.000168,0.000323,1200000.000000,13425.822332,226863.237743,373944.898794,310157.395640,236962.425183,236962.425183
90.000000,60.000000,11.063236,78.396000,82.000000,66.000000,90.000000,0.004967,0.000057,0.000498,0.000303,0.000192,0.000110,0.000294,1157894.736840,13658.940397,248357.093238,456132.500796,421620.580017,271584.498406,271584.498406
90.000000,60.000000,7.870959,86.000000,90.000000,82.000000,90.000000,0.004852,0.000069,0.000689,0.000397,0.000212,0.000114,0.000307,1200000.000000,12366.034625,281846.498468,474982.940599,399115.044248,286624.203822,286624.203822
90.000000,60.000000,11.161201,79.328000,82.000000,74.000000,90.000000,0.004970,0.000066,0.000781,0.000448,0.000219,0.000112,0.000322,1093333.333330,12072.434608,270735.690049,428755.143563,375890.653379,222841.800909,222841.800909
90.000000,60.000000,10.958601,82.584000,90.000000,74.000000,90.000000,0.004790,0.000067,0.000626,0.000407,0.000237,0.000139,0.000316,1071428.571430,14520.813166,259827.236774,413772.162177,337078.651685,241000.737060,241000.737060
90.000000,60.000000,10.602985,78.448000,82.000000,66.000000,90.000000,0.004918,0.000057,0.000821,0.000506,0.000241,0.000156,0.000353,1157894.736840,12505.210504,254525.053121,376898.606699,323442.555999,203547.008547,203547.008547
90.000000,60.000000,8.791418,83.176000,90.000000,82.000000,90.000000,0.004903,0.000055,0.000588,0.000359,0.000217,0.000114,0.000305,1200000.000000,15092.800326,265818.200572,459450.878286,396475.770925,275920.310161,275920.310161
90.000000,60.000000,9.236552,83.510000,90.000000,74.000000,90.000000,0.004875,0.000066,0.000541,0.000338,0.000208,0.000112,0.000306,1125000.000000,13639.463514,272172.346878,467837.157449,388702.359347,268782.467532,268782.467532
90.000000,60.000000,8.713461,82.740000,90.000000,74.000000,90.000000,0.004921,0.000065,0.000645,0.000437,0.000302,0.000193,0.000385,1200000.000000,14448.336252,217851.991484,348339.926318,287082.069962,220743.144140,220743.144140
90.000000,60.000000,9.245989,84.236000,90.000000,82.000000,90.000000,0.004879,0.000064,0.000582,0.000343,0.000207,0.000119,0.000305,1168831.168830,15302.218822,265327.468324,472975.844331,422535.211268,280373.831776,280373.831776
90.000000,60.000000,6.521099,87.208000,90.000000,90.000000,90.000000,0.004881,0.000078,0.000414,0.000250,0.000143,0.000105,0.000219,1125000.000000,18438.844499,259792.840346,582627.799969,594065.876612,403587.443946,403587.443946
90.000000,60.000000,9.062538,84.280000,90.000000,82.000000,90.000000,0.004094,0.000079,0.000574,0.000357,0.000196,0.000131,0.000219,1139240.506330,18075.232047,249618.150939,472660.575319,439024.390244,339332.365747,339332.365747
90.000000,60.000000,11.470240,81.160000,90.000000,74.000000,90.000000,0.004490,0.000068,0.000640,0.000408,0.000212,0.000133,0.000317,1153846.153850,13363.028953,243449.046573,409997.199847,366709.183673,248447.559472,248447.559472
90.000000,60.000000,9.873209,80.088000,82.000000,74.000000,90.000000,0.004912,0.000065,0.000456,0.000352,0.000255,0.000191,0.000320,1138461.538460,15065.146580,214588.510618,368721.543435,317808.883969,233087.761406,233087.761406
90.000000,60.000000,9.050613,81.520000,82.000000,74.000000,90.000000,0.004759,0.000081,0.000786,0.000597,0.000313,0.000162,0.000631,1034482.758620,15251.652262,263800.185397,337092.591354,257864.185200,130224.197735,130224.197735
90.000000,60.000000,9.158449,84.104000,90.000000,82.000000,90.000000,0.004628,0.000066,0.000700,0.000535,0.000314,0.000206,0.000515,1071428.571430,16143.106457,205853.970334,313607.572847,277777.777778,159081.702605,159081.702605
90.000000,60.000000,9.068856,84.316000,90.000000,82.000000,90.000000,0.004983,0.000065,0.000561,0.000380,0.000228,0.000149,0.000315,1138461.538460,14850.491672,241217.483708,417134.549449,368856.502242,268866.892705,268866.892705
90.000000,60.000000,9.158603,84.600000,90.000000,82.000000,90.000000,0.004749,0.000079,0.000613,0.000384,0.000228,0.000129,0.000313,1071428.571430,13895.321908,251456.105802,428149.134560,378949.047974,265856.218498,265856.218498
90.000000,60.000000,8.494765,85.824000,90.000000,90.000000,90.000000,0.004596,0.000075,0.000751,0.000419,0.000195,0.000107,0.000313,1125000.000000,13979.496738,293602.928612,507527.254236,459819.510099,270477.432117,270477.432117
92.000000,54.000000,9.436781,84.966000,90.000000,82.000000,90.000000,0.004998,0.000062,0.000583,0.000383,0.000225,0.000134,0.000311,1125000.000000,13848.090642,248910.701546,428227.398777,387361.743656,284810.126582,284810.126582
90.000000,60.000000,9.338492,85.024000,90.000000,90.000000,90.000000,0.004835,0.000076,0.000644,0.000391,0.000201,0.000108,0.000313,1184210.526320,13745.704467,300349.382163,496096.458195,432692.307692,265820.940567,265820.940567
90.000000,60.000000,8.741144,85.020000,90.000000,82.000000,90.000000,0.004806,0.000058,0.000627,0.000400,0.000213,0.000110,0.000314,1200000.000000,15397.419892,285798.186268,468417.636577,382978.723404,281911.246082,281911.246082
90.000000,60.000000,7.719067,86.000000,90.000000,82.000000,90.000000,0.004684,0.000075,0.000720,0.000438,0.000229,0.000136,0.000322,1139240.506330,12987.012987,271006.465000,429973.472946,375797.621953,247703.404758,247703.404758
90.000000,60.000000,10.112092,79.960000,82.000000,74.000000,90.000000,0.004952,0.000073,0.000775,0.000450,0.000229,0.000153,0.000317,1153846.153850,13853.904282,230676.943140,389325.209379,354522.670312,228395.061728,228395.061728
90.000000,60.000000,9.164596,80.776000,82.000000,74.000000,90.000000,0.004994,0.000060,0.000601,0.000367,0.000206,0.000113,0.000306,1184210.526320,14817.781338,265656.901824,450171.070702,386266.094421,260986.491926,260986.491926
90.000000,60.000000,10.045417,83.240000,90.000000,74.000000,90.000000,0.004842,0.000077,0.000610,0.000370,0.000216,0.000114,0.000310,1084337.349400,17036.654621,267657.072619,453535.618864,403764.165323,250243.002945,250243.002945
90.000000,60.000000,8.622444,85.116000,90.000000,82.000000,90.000000,0.004473,0.000077,0.000697,0.000405,0.000191,0.000108,0.000307,1168831.168830,15471.167370,297659.531001,508113.940402,453403.380539,269466.810683,269466.810683
90.000000,60.000000,8.873165,83.712000,90.000000,82.000000,90.000000,0.004401,0.000062,0.000614,0.000379,0.000200,0.000106,0.000313,1193548.387100,17552.182163,280878.009287,481828.842226,412452.169102,272439.900525,272439.900525
90.000000,60.000000,10.070849,81.900000,90.000000,74.000000,90.000000,0.004723,0.000068,0.000772,0.000463,0.000231,0.000113,0.000318,1188405.797100,13371.963450,271862.363010,431402.489011,362824.161923,236421.725240,236421.725240
90.000000,60.000000,9.590845,82.764000,90.000000,74.000000,90.000000,0.004722,0.000058,0.000744,0.000476,0.000248,0.000190,0.000322,1168831.168830,13977.128336,228409.205697,371021.192948,333952.912020,237576.561862,237576.561862
90.000000,60.000000,9.742978,81.372000,82.000000,74.000000,90.000000,0.004960,0.000068,0.000557,0.000358,0.000226,0.000112,0.000320,1088235.294120,14003.819223,262977.843014,435385.774426,355303.970223,253674.081718,253674.081718
90.000000,60.000000,9.865298,83.352000,90.000000,74.000000,90.000000,0.004558,0.000054,0.000623,0.000459,0.000279,0.000183,0.000387,1171428.571430,18744.674808,269481.202339,380635.699498,292011.369414,202573.475114,202573.475114
90.000000,60.000000,9.470813,80.764000,82.000000,74.000000,90.000000,0.004753,0.000075,0.000992,0.000899,0.000497,0.000291,0.001039,1200000.000000,14775.016790,208628.434721,219591.823277,162546.118142,76753.708909,76753.708909
90.000000,60.000000,9.620748,83.096000,90.000000,74.000000,90.000000,0.004904,0.000082,0.001059,0.000900,0.000437,0.000229,0.001127,1097560.975610,14093.529789,281422.994795,285276.458895,177466.894263,70165.953858,70165.953858
90.000000,60.000000,9.323103,82.088000,82.000000,74.000000,90.000000,0.004564,0.000065,0.000662,0.000387,0.000218,0.000112,0.000310,1084337.349400,14460.999124,255869.487546,443645.230043,395606.306515,258258.278686,258258.278686
90.000000,60.000000,9.983907,83.240000,90.000000,82.000000,90.000000,0.004956,0.000083,0.000686,0.000406,0.000214,0.000114,0.000313,1034482.758620,14521.452145,265629.923523,448661.219987,405405.405405,247963.135263,247963.135263
90.000000,60.000000,7.761933,86.380000,90.000000,90.000000,90.000000,0.004756,0.000083,0.000639,0.000412,0.000229,0.000133,0.000317,1084337.349400,12798.634812,261945.456813,432633.987064,386529.273625,267538.833715,267538.833715
90.000000,60.000000,9.017738,84.780000,90.000000,82.000000,90.000000,0.004944,0.000062,0.000870,0.000532,0.000243,0.000144,0.000329,1193548.387100,12335.526316,268544.919941,408781.158730,350878.526265,219945.054945,219945.054945
90.000000,60.000000,9.873971,83.552000,90.000000,74.000000,90.000000,0.004921,0.000062,0.000841,0.000558,0.000266,0.000181,0.000465,1200000.000000,13848.090642,257045.374344,374610.524908,322584.789311,171755.725191,171755.725191
90.000000,60.000000,9.278676,82.224000,82.000000,74.000000,90.000000,0.004640,0.000064,0.000673,0.000393,0.000202,0.000110,0.000295,1046511.627910,15068.493151,267470.686641,463905.258456,412452.169102,272912.439047,272912.439047
90.000000,60.000000,8.276892,84.584000,90.000000,82.000000,90.000000,0.004563,0.000065,0.000579,0.000392,0.000230,0.000139,0.000315,1138461.538460,15000.000000,249153.041846,418619.036186,359611.650485,265620.540726,265620.540726
90.000000,60.000000,10.984273,81.412000,90.000000,74.000000,90.000000,0.004959,0.000060,0.000600,0.000340,0.000197,0.000107,0.000303,1047619.047620,12099.213551,284301.030519,492315.718909,428571.428571,261077.263916,261077.263916
90.000000,60.000000,10.690655,79.148000,82.000000,74.000000,90.000000,0.004856,0.000066,0.000507,0.000296,0.000187,0.000105,0.000221,1097560.975610,13383.894713,263302.544171,500782.227431,436531.708325,328358.208955,328358.208955
90.000000,60.000000,11.018460,82.256000,90.000000,74.000000,90.000000,0.004720,0.000092,0.000596,0.000341,0.000197,0.000107,0.000223,978260.869565,13034.977189,259867.769796,476795.540580,430622.009569,311210.773292,311210.773292
90.000000,60.000000,8.570628,82.844000,82.000000,74.000000,90.000000,0.004008,0.000092,0.000406,0.000283,0.000200,0.000129,0.000221,978260.869565,16469.942355,221223.005728,464015.566748,425287.356322,344186.046512,344186.046512
90.000000,60.000000,8.659773,84.156000,90.000000,82.000000,90.000000,0.004928,0.000088,0.000551,0.000290,0.000175,0.000103,0.000211,1022727.272730,18262.987013,260013.980341,558616.727756,501396.648045,411784.952158,411784.952158
90.000000,60.000000,8.726650,85.172000,90.000000,82.000000,90.000000,0.004995,0.000088,0.000713,0.000364,0.000188,0.000106,0.000218,957446.808511,14534.883721,259968.008209,520221.737558,461538.461538,386844.916856,386844.916856
90.000000,60.000000,8.058438,85.828000,90.000000,82.000000,90.000000,0.004532,0.000080,0.000697,0.000376,0.000186,0.000106,0.000220,1025000.000000,15957.446809,273765.284997,526642.304409,466321.243523,378758.919470,378758.919470
90.000000,60.000000,8.700907,82.668000,82.000000,82.000000,90.000000,0.004975,0.000083,0.000728,0.000383,0.000147,0.000104,0.000215,1084337.349400,12513.034411,278568.495556,541981.675935,553897.180763,349001.755156,349001.755156
90.000000,60.000000,9.863481,81.912000,90.000000,74.000000,90.000000,0.004762,0.000093,0.000769,0.000475,0.000198,0.000107,0.000364,967741.935484,12599.748005,289888.266593,462587.509109,420560.747664,224476.038730,224476.038730
90.000000,60.000000,9.056688,83.620000,90.000000,74.000000,90.000000,0.004950,0.000092,0.000575,0.000327,0.000179,0.000103,0.000217,978260.869565,12121.212121,265842.376285,528345.660344,489130.434783,376176.778243,376176.778243
90.000000,60.000000,8.928158,84.400000,90.000000,82.000000,90.000000,0.004362,0.000084,0.000638,0.000371,0.000198,0.000115,0.000223,989010.989011,17223.382046,257553.213362,479971.774745,443349.753695,333333.333333,333333.333333
90.000000,60.000000,10.157930,79.908000,82.000000,74.000000,90.000000,0.004943,0.000090,0.000569,0.000329,0.000200,0.000109,0.000313,1000000.000000,16366.612111,253605.383759,455060.584337,394483.805668,283018.867925,283018.867925
90.000000,60.000000,10.819889,82.100000,90.000000,74.000000,90.000000,0.004842,0.000086,0.000595,0.000301,0.000143,0.000103,0.000210,1046511.627910,13630.731103,268687.663188,555380.895723,543219.076006,368693.693694,368693.693694
90.000000,60.000000,9.205629,83.180000,90.000000,74.000000,90.000000,0.004928,0.000075,0.000645,0.000323,0.000178,0.000103,0.000216,1200000.000000,15016.233766,261205.796290,539460.846339,487808.460635,396006.144393,396006.144393
90.000000,60.000000,8.864790,84.748000,90.000000,82.000000,90.000000,0.004990,0.000089,0.000689,0.000365,0.000191,0.000106,0.000225,1011235.955060,13226.452906,282615.891383,514105.516773,456852.791878,332089.552239,332089.552239
90.000000,60.000000,7.673097,85.328000,90.000000,82.000000,90.000000,0.004996,0.000076,0.001073,0.001381,0.000898,0.000677,0.001744,1184210.526320,14811.849480,118260.012311,112170.907383,93408.356969,49660.856598,49660.856598
90.000000,60.000000,11.019961,83.092000,90.000000,74.000000,90.000000,0.004835,0.000094,0.001105,0.001305,0.000864,0.000571,0.001632,957446.808511,12531.328321,141746.580415,134593.706921,89776.655383,47353.411112,47353.411112
90.000000,60.000000,7.607553,85.444000,90.000000,82.000000,90.000000,0.004819,0.000081,0.000412,0.000235,0.000111,0.000103,0.000213,1111111.111110,15355.882963,271397.464313,608579.691927,680484.693878,403852.526011,403852.526011
90.000000,60.000000,10.549148,82.074000,90.000000,74.000000,90.000000,0.003965,0.000062,0.000382,0.000264,0.000195,0.000108,0.000216,1064516.129030,16094.420601,229119.653417,491885.270224,445544.554455,369678.770950,369678.770950
90.000000,60.000000,9.767685,81.844000,90.000000,74.000000,90.000000,0.004444,0.000086,0.000413,0.000264,0.000190,0.000104,0.000221,1046511.627910,16417.910448,244064.393297,509579.645361,461106.309421,364510.125889,364510.125889
90.000000,60.000000,9.834825,83.832000,90.000000,74.000000,90.000000,0.004793,0.000092,0.000642,0.000362,0.000196,0.000111,0.000218,957446.808511,13770.081369,249557.441320,483831.791784,450000.000000,370977.172200,370977.172200
90.000000,60.000000,10.065172,83.452000,90.000000,74.000000,90.000000,0.004946,0.000079,0.000628,0.000344,0.000195,0.000106,0.000218,1139240.506330,13704.888077,258517.391401,503889.548268,452261.306533,362745.098039,362745.098039
90.000000,60.000000,9.066385,85.716000,90.000000,90.000000,90.000000,0.004966,0.000091,0.000603,0.000330,0.000178,0.000103,0.000215,967741.935484,13290.374547,277901.695184,555324.060508,502808.988764,405405.405405,405405.405405
90.000000,60.000000,11.907279,80.448000,90.000000,66.000000,90.000000,0.004936,0.000064,0.000784,0.000436,0.000190,0.000105,0.000304,937500.000000,12768.674186,290216.882108,484567.157623,436893.203883,266568.047337,266568.047337
90.000000,60.000000,11.289507,71.532000,66.000000,60.000000,82.000000,0.004884,0.000080,0.000728,0.000469,0.000207,0.000141,0.000405,927835.051546,13513.513514,238451.509572,365274.471485,346621.325143,171863.261955,171863.261955
90.000000,60.000000,12.993120,78.406000,82.000000,64.500000,90.000000,0.004716,0.000055,0.000605,0.000371,0.000197,0.000108,0.000272,1090909.090910,12722.646310,258969.060180,450513.517403,418604.651163,278117.516250,278117.516250
90.000000,60.000000,11.962164,71.238000,66.000000,60.000000,82.000000,0.004966,0.000079,0.000982,0.000612,0.000215,0.000141,0.000487,1125000.000000,12252.399428,254226.675944,347151.542844,310391.762339,133914.988409,133914.988409
66.000000,60.000000,1.978003,60.748000,60.000000,60.000000,60.000000,0.004894,0.000083,0.000955,0.000607,0.000212,0.000134,0.000496,741573.033708,12366.034625,201722.004654,293493.085055,293400.286944,120846.288379,120846.288379
90.000000,60.000000,2.420483,60.708000,60.000000,60.000000,60.000000,0.004548,0.000062,0.000687,0.000382,0.000179,0.000102,0.000226,1064516.129030,13192.612137,205296.148202,377900.286581,338983.050847,267857.142857,267857.142857
74.000000,60.000000,2.418234,60.988000,60.000000,60.000000,60.000000,0.004595,0.000052,0.000784,0.000445,0.000193,0.000102,0.000320,1153846.153850,14008.872286,208470.018032,361435.672878,323926.868045,187500.000000,187500.000000
82.000000,60.000000,3.966925,61.748000,60.000000,60.000000,60.000000,0.004991,0.000053,0.000921,0.000583,0.000212,0.000130,0.000504,1188405.797100,12021.638950,217633.655843,312572.072913,291262.135922,121187.323315,121187.323315
78.000000,60.000000,3.289384,62.366000,60.000000,60.000000,66.000000,0.004396,0.000056,0.000730,0.000399,0.000188,0.000104,0.000215,1071428.571430,13648.771611,200031.535310,379031.415271,335880.037294,283018.867925,283018.867925
90.000000,60.000000,11.739233,71.480000,66.000000,60.000000,82.000000,0.003624,0.000076,0.000360,0.000268,0.000182,0.000105,0.000218,1125000.000000,17291.066282,245350.769622,452612.224253,406916.612799,287774.725275,287774.725275
74.000000,60.000000,3.518225,61.436000,60.000000,60.000000,60.000000,0.004599,0.000054,0.000715,0.000383,0.000180,0.000101,0.000218,1111111.111110,13046.314416,211423.708519,394550.195007,338983.050847,278746.770026,278746.770026
66.000000,60.000000,2.030945,60.792000,60.000000,60.000000,60.000000,0.004768,0.000053,0.000801,0.000451,0.000188,0.000102,0.000322,1132075.471700,13407.821229,212435.504144,362857.636344,324324.324324,186058.475521,186058.475521
90.000000,60.000000,5.887558,62.284000,60.000000,60.000000,60.000000,0.004745,0.000073,0.000715,0.000382,0.000179,0.000101,0.000230,1000000.000000,12644.889357,211516.501561,389953.540544,372804.314330,263157.894737,263157.894737
82.000000,60.000000,3.028927,61.440000,60.000000,60.000000,60.000000,0.004984,0.000080,0.000773,0.000419,0.000195,0.000122,0.000226,941176.470588,12038.523274,185292.659343,341385.748341,315789.473684,267559.523810,267559.523810
90.000000,60.000000,7.652371,86.904000,90.000000,90.000000,90.000000,0.004643,0.000078,0.000699,0.000439,0.000210,0.000118,0.000311,1153846.153850,18000.486500,287675.799207,464131.195959,411901.470403,275019.579324,275019.579324
90.000000,60.000000,12.723503,81.908000,90.000000,74.000000,90.000000,0.004850,0.000075,0.000537,0.000296,0.000119,0.000103,0.000251,1097560.975610,15852.047556,279532.452650,565555.209799,594059.405941,320362.436513,320362.436513
90.000000,60.000000,13.503235,72.216000,66.000000,60.000000,90.000000,0.004827,0.000050,0.000927,0.000542,0.000204,0.000106,0.000437,1200000.000000,12430.080796,299295.992047,409602.114502,323452.484743,149532.884207,149532.884207
74.000000,60.000000,3.597179,61.548000,60.000000,60.000000,60.000000,0.004891,0.000072,0.001108,0.000694,0.000222,0.000124,0.000488,833333.333333,12267.429973,207969.344531,292454.465090,277777.777778,123456.790123,123456.790123
70.000000,60.000000,2.476501,61.288000,60.000000,60.000000,60.000000,0.004874,0.000092,0.000740,0.000424,0.000202,0.000170,0.000291,717391.304348,12310.217481,173704.767906,317146.198432,304568.527919,206041.044417,206041.044417
82.000000,60.000000,3.443171,61.976000,60.000000,60.000000,66.000000,0.004960,0.000062,0.000827,0.000456,0.000186,0.000104,0.000262,967741.935484,12096.774193,214736.844904,379493.968852,341968.911917,228804.770547,228804.770547
82.000000,60.000000,3.009773,61.292000,60.000000,60.000000,60.000000,0.004676,0.000060,0.000606,0.000355,0.000180,0.000105,0.000229,1100000.000000,12831.479897,198427.706319,376313.054296,343398.249062,262008.733624,262008.733624
74.000000,60.000000,2.778417,61.380000,60.000000,60.000000,60.000000,0.004857,0.000056,0.000716,0.000382,0.000177,0.000105,0.000223,1071428.571430,12353.304509,203954.175845,383841.406061,349880.992860,269058.295964,269058.295964
74.000000,60.000000,3.047622,62.600000,60.000000,60.000000,66.000000,0.004874,0.000067,0.000738,0.000413,0.000200,0.000128,0.000226,985074.626866,12310.217481,186466.427973,342123.844098,314136.125654,269967.276694,269967.276694
90.000000,60.000000,5.054030,61.972000,60.000000,60.000000,60.000000,0.004990,0.000076,0.000730,0.000414,0.000187,0.000102,0.000264,909090.909091,13198.416190,208222.456475,372789.793809,335018.579843,227282.436878,227282.436878
66.000000,60.000000,2.177132,60.936000,60.000000,60.000000,60.000000,0.004802,0.000080,0.000731,0.000402,0.000190,0.000104,0.000313,750000.000000,12494.793836,194254.069778,356054.092745,322580.645161,193238.213400,193238.213400
66.000000,60.000000,1.921350,60.696000,60.000000,60.000000,60.000000,0.004817,0.000050,0.000757,0.000426,0.000179,0.000102,0.000333,1200000.000000,12455.885406,216917.443718,375316.835462,337078.651685,181408.681409,181408.681409
74.000000,60.000000,2.109100,60.764000,60.000000,60.000000,60.000000,0.004863,0.000084,0.000792,0.000470,0.000195,0.000118,0.000320,714285.714286,12338.062924,189703.203395,332393.203863,316548.582996,187353.971963,187353.971963
90.000000,60.000000,4.718798,62.212000,60.000000,60.000000,60.000000,0.004773,0.000051,0.000700,0.000418,0.000185,0.000102,0.000326,1176470.588240,12570.710245,222215.707019,377941.759736,335110.455718,185758.513932,185758.513932
66.000000,60.000000,1.847026,60.636000,60.000000,60.000000,60.000000,0.004929,0.000068,0.000745,0.000410,0.000189,0.000103,0.000224,882352.941176,12172.854534,198590.599596,359758.957331,321718.130067,267857.142857,267857.142857
66.000000,60.000000,1.926755,60.704000,60.000000,60.000000,60.000000,0.004936,0.000054,0.000670,0.000377,0.000187,0.000105,0.000225,1111111.111110,12155.591572,192637.833777,359091.589674,324324.324324,266666.666667,266666.666667
66.000000,60.000000,2.043914,60.804000,60.000000,60.000000,60.000000,0.004584,0.000074,0.000701,0.000438,0.000200,0.000138,0.000385,810810.810811,13089.005236,185025.277285,315372.738774,301507.537688,159809.092606,159809.092606
74.000000,60.000000,2.076859,60.784000,60.000000,60.000000,60.000000,0.004946,0.000053,0.000655,0.000380,0.000198,0.000106,0.000312,1132075.471700,12131.014962,199412.501246,350673.531161,306907.378336,192154.091914,192154.091914
66.000000,60.000000,1.991096,60.756000,60.000000,60.000000,60.000000,0.004824,0.000051,0.000755,0.000441,0.000187,0.000104,0.000341,1176470.588240,12437.810945,214390.708175,360537.045275,323452.484743,176084.719602,176084.719602
66.000000,60.000000,1.489693,60.396000,60.000000,60.000000,60.000000,0.004347,0.000081,0.000631,0.000360,0.000183,0.000103,0.000223,740740.740741,13802.622498,195918.369996,374853.356558,327868.852459,269058.295964,269058.295964
78.000000,60.000000,2.183209,60.840000,60.000000,60.000000,60.000000,0.004733,0.000072,0.000648,0.000358,0.000136,0.000102,0.000213,833333.333333,12676.949081,206106.848537,405852.296806,447761.194030,281690.140845,281690.140845
74.000000,60.000000,2.522221,61.120000,60.000000,60.000000,60.000000,0.004607,0.000082,0.000590,0.000323,0.000175,0.000100,0.000214,731707.317073,13023.659648,194082.185395,404101.281610,370786.516854,292682.926829,292682.926829
92.000000,54.000000,3.550646,62.554000,60.000000,60.000000,66.000000,0.004374,0.000048,0.000481,0.000290,0.000150,0.000102,0.000213,1125000.000000,13717.421125,208295.925797,421096.203117,422535.211268,294117.647059,294117.647059
66.000000,60.000000,2.443849,61.260000,60.000000,60.000000,60.000000,0.004912,0.000062,0.000651,0.000344,0.000184,0.000104,0.000218,967741.935484,12214.983713,196391.447809,383810.229987,329670.329670,277777.777778,277777.777778
66.000000,60.000000,2.555155,61.428000,60.000000,60.000000,60.000000,0.004928,0.000062,0.000773,0.000394,0.000161,0.000100,0.000223,967741.935484,12175.324675,208538.854374,399228.758993,383376.623377,277140.672783,277140.672783
66.000000,60.000000,1.389123,60.344000,60.000000,60.000000,60.000000,0.004944,0.000070,0.000634,0.000377,0.000195,0.000105,0.000317,857142.857143,12135.922330,189839.317604,344146.274887,314136.125654,189125.647283,189125.647283
66.000000,60.000000,1.530882,60.420000,60.000000,60.000000,60.000000,0.004981,0.000086,0.000959,0.000693,0.000255,0.000133,0.000549,697674.418605,12045.773941,206369.083490,274811.790391,235757.295044,111163.217384,111163.217384
74.000000,60.000000,2.275051,60.988000,60.000000,60.000000,60.000000,0.004919,0.000086,0.000742,0.000411,0.000180,0.000103,0.000245,717391.304348,12197.601138,204884.803479,373314.303214,338030.851266,256788.665880,256788.665880
78.000000,60.000000,2.857680,61.608000,60.000000,60.000000,66.000000,0.004975,0.000056,0.000756,0.000421,0.000198,0.000107,0.000310,1071428.571430,12660.898924,205206.813560,348641.826956,305062.041737,197707.921218,197707.921218
74.000000,60.000000,3.632606,61.724000,60.000000,60.000000,60.000000,0.004559,0.000063,0.000625,0.000364,0.000142,0.000101,0.000220,952380.952381,14476.858960,215695.758453,406286.404483,430157.261795,273661.270237,273661.270237
82.000000,60.000000,2.883376,61.488000,60.000000,60.000000,60.000000,0.004835,0.000060,0.000601,0.000358,0.000189,0.000107,0.000224,1000000.000000,13650.465357,189672.884775,358675.386263,324324.324324,271493.212670,271493.212670
90.000000,60.000000,3.694257,61.908000,60.000000,60.000000,66.000000,0.004981,0.000053,0.000861,0.000460,0.000191,0.000103,0.000351,1132075.471700,12492.192380,214649.243225,364886.582302,327868.852459,177383.882285,177383.882285
82.000000,60.000000,3.753305,62.448000,60.000000,60.000000,66.000000,0.003927,0.000085,0.000666,0.000447,0.000215,0.000176,0.000421,776470.588235,15278.838808,177197.754824,293495.238688,289032.339725,152187.881514,152187.881514
90.000000,60.000000,7.502665,63.496000,60.000000,60.000000,66.000000,0.004985,0.000089,0.000911,0.000559,0.000221,0.000140,0.000467,773584.905660,12036.108325,193919.742210,293707.408016,275863.526825,135921.719817,135921.719817
74.000000,60.000000,2.357799,60.972000,60.000000,60.000000,60.000000,0.004986,0.000077,0.000885,0.000577,0.000215,0.000134,0.000501,857142.857143,12033.694344,197908.242856,289052.382740,280373.831776,120240.480962,120240.480962
90.000000,60.000000,13.250407,78.948000,90.000000,66.000000,90.000000,0.004786,0.000059,0.000780,0.000485,0.000209,0.000109,0.000380,1027777.777780,12536.564981,275207.371502,431804.038956,412844.036697,193861.234705,193861.234705
90.000000,60.000000,10.346388,82.984000,90.000000,82.000000,90.000000,0.004880,0.000077,0.000712,0.000404,0.000204,0.000108,0.000321,1168831.168830,15212.981744,286531.519445,475602.531320,430622.009569,234701.114488,234701.114488
90.000000,60.000000,9.162947,83.380000,90.000000,74.000000,90.000000,0.004883,0.000075,0.000799,0.000508,0.000225,0.000124,0.000364,1097560.975610,12287.528159,282153.834664,422973.528837,376465.581445,210110.013355,210110.013355
