0.980664353,0.212765957447,0.798131403479,0.456891982833,0.220460358056,0.139948006932,0.363647284959,0.705882352941,0.5,0.518858042517,0.165888940737,0.0,0.0,0.2,0.554621848739,0.00581751152074,0.61755142884,0.335412987388,0.176405839024,0.0870489234024,0.386698777257
0.860188398612,0.148936170213,0.432649173237,0.195877406839,0.107416879795,0.137781629116,0.0529793368573,0.764705882353,0.5,0.902957416067,0.593327111526,0.733333333333,0.2,1.0,0.653594771242,0.0525697325782,0.573857930281,0.534743796203,0.47362879561,0.429109922052,0.484791838659
0.936043629152,0.212765957447,0.551779372205,0.199338373592,0.0997442455243,0.0827556325823,0.0450504565113,1.0,0.5,0.865673337681,0.638824078395,0.733333333333,0.2,1.0,0.713319810683,0.0403865335167,0.608175593908,0.580591086704,0.476292599582,0.488360543553,0.552890312384
0.607337630144,0.36170212766,0.316551636704,0.140635052888,0.104347826087,0.051993067591,0.06379144642,0.705882352941,0.5,0.705865587194,0.797013532431,1.0,0.466666666667,1.0,0.870098039216,0.168254270094,0.653202499171,0.621109063168,0.478479116852,0.530329975228,0.691286442826
0.677739216658,0.351063829787,0.329857093718,0.121979357453,0.0910485933504,0.00866551126516,0.0575444497838,0.705882352941,0.5,0.566468735592,0.919972001867,1.0,1.0,1.0,0.894762968479,0.133318529711,0.826486401093,0.782846120419,0.552610530275,0.558668582932,0.957672530974
0.625185919683,0.446808510638,0.143467188004,0.0624551664296,0.0557544757033,0.0051993067591,0.0480538202787,0.705882352941,0.5,0.655597459012,0.747083527765,0.733333333333,0.733333333333,1.0,0.692959001783,0.159176054678,0.737732044582,0.793519736965,0.612807983083,0.599156550779,0.901883151627
0.737233515121,0.5,0.315316796599,0.140262826407,0.124808184143,0.161178509532,0.0663142719846,0.705882352941,0.5,0.790975717588,0.611292580495,0.733333333333,0.2,1.0,0.579891531081,0.105526196337,0.510799344155,0.502778173358,0.355654780816,0.449509240835,0.448678200986
0.966782350025,0.0957446808511,1.0,0.568983920309,0.220460358056,0.185008665511,0.420951465642,1.0,0.5,0.576716878765,0.156556229585,0.0,0.0,0.2,0.811051693405,0.0109697601668,0.458005635893,0.253657271225,0.176701214018,0.0740919833172,0.284927309048
0.880515617253,0.0744680851064,0.514557476423,0.196562697976,0.114578005115,0.063691507799,0.0634310427679,0.470588235294,0.5,0.39870025579,0.153289780681,0.0,0.0,0.2,0.882352941176,0.0443466042155,0.458704717243,0.427985848136,0.328824513794,0.390508076023,0.477116842771
0.943976202281,0.0957446808511,0.693714925715,0.359886310693,0.194373401535,0.171143847487,0.186088419029,0.470588235294,0.5,0.178116271504,0.0720951936538,0.0,0.0,0.2,0.811051693405,0.019562364774,0.359252911469,0.26544270397,0.210183147654,0.182893859521,0.266450490857
0.834903321765,0.0957446808511,0.476006389831,0.208619384865,0.158567774936,0.042027729636,0.122537241711,0.235294117647,0.5,0.281518376038,0.114909006066,0.0,0.0,0.2,1.0,0.0630001836997,0.557619230893,0.416660483813,0.237243947762,0.264149480045,0.563630300643
0.990084283589,0.13829787234,0.548357876991,0.225029396032,0.165728900256,0.148180242634,0.0746035559827,0.470588235294,0.5,0.285083278939,0.0914605692954,0.0,0.0,0.2,0.859089398471,0.00235434539351,0.420450160367,0.363759781484,0.246236408225,0.343444921021,0.320244735967
0.86812097174,0.425531914894,0.775525277385,0.414100727937,0.181585677749,0.162478336222,0.238106679481,0.705882352941,0.5,0.344975249183,0.130191320579,0.0,0.0,0.2,0.250797993616,0.0493437566026,0.366502541978,0.279116503677,0.213546955688,0.136957743084,0.287229857479
0.947942488845,0.223404255319,0.883825428774,0.457971686137,0.194373401535,0.174610051993,0.191494473811,0.705882352941,0.5,0.714916817726,0.260149323378,0.0,0.0,0.466666666667,0.806420607459,0.0180563955864,0.471550642508,0.303590893564,0.209800877763,0.191609463436,0.360816842114
0.86762518592,0.244680851064,0.284059641111,0.10231544592,0.114578005115,0.0359618717504,0.0533397405094,0.705882352941,0.5,0.531916668485,0.888007466169,1.0,0.733333333333,1.0,0.979918537463,0.271505180534,0.637160849147,0.665825128534,0.46841996111,0.592605778743,0.785734026853
0.93406048587,0.510638297872,0.347337908215,0.115242304649,0.0997442455243,0.0259965337955,0.0267900048054,0.705882352941,0.5,0.804354532157,0.757116192254,1.0,0.466666666667,1.0,0.512204881953,0.485880570724,0.627757694817,0.656827120907,0.490981078725,0.606103242544,0.65307864823
0.851264253842,0.372340425532,0.742312172908,0.337219936549,0.10537084399,0.0168977469671,0.174315233061,0.705882352941,0.5,0.972075432747,0.634624358376,1.0,0.0,1.0,0.562435500516,0.0562252150914,0.823604457969,0.592575478515,0.48443765731,0.226959700875,0.800149325087
0.898363906792,0.287234042553,0.80068496598,0.48156492887,0.219437340153,0.171143847487,0.316914944738,0.352941176471,0.5,0.136127058894,0.0408306112926,0.0,0.0,0.0,0.487510072522,0.0372422671196,0.384698562732,0.234009701058,0.175561982666,0.101103262921,0.266964292773
0.977193852256,0.127659574468,0.743180357083,0.40090517592,0.186700767263,0.164644714038,0.204589139837,0.0,0.5,0.105185994919,0.0293980401307,0.0,0.0,0.0,0.713319810683,0.00710011248594,0.295025912219,0.235553347613,0.20396278968,0.165852719411,0.266450490857
0.902330193356,0.297872340426,0.676657605184,0.32306793503,0.186189258312,0.166377816291,0.169149447381,0.0,0.5,0.132539746212,0.0459636024265,0.0,0.0,0.0,0.325914149444,0.0356779913131,0.355031607447,0.284439393558,0.211360437321,0.192459981398,0.284066442613
0.8116013882,0.170212765957,0.712985765085,0.380994756783,0.185677749361,0.169844020797,0.194738106679,0.0,0.5,0.0840271004432,0.0202986467569,0.0,0.0,0.0,0.597722960152,0.0728165032629,0.341895383523,0.251201501215,0.203449166791,0.172449669423,0.264924813737
0.715914724839,0.0957446808511,0.618439569167,0.3928221916,0.211253196931,0.186741767764,0.244593945219,0.411764705882,0.5,0.110112857479,0.0240317312179,0.0,0.0,0.0,1.0,0.115311858498,0.306711354781,0.215455983909,0.180269862903,0.135135776962,0.243336851014
0.931085770947,0.106382978723,0.826343473396,0.41526177875,0.193350383632,0.161178509532,0.202907256127,0.235294117647,0.5,0.147638736305,0.0335977601493,0.0,0.0,0.0,0.77731092437,0.024491005291,0.387990858851,0.263855742439,0.194969148087,0.166571068897,0.275336050097
0.799206742687,0.18085106383,0.558054585737,0.269494437556,0.168286445013,0.143414211438,0.149327246516,0.235294117647,0.5,0.2858938732,0.0989267382175,0.0,0.0,0.2,0.73607220666,0.0781197835686,0.514995771237,0.368394559335,0.23678001379,0.220331547291,0.360116580255
0.803668815072,0.18085106383,0.573379593441,0.285771334617,0.182097186701,0.206239168111,0.134790965882,0.0,0.5,0.0928056550209,0.0237984134391,0.0,0.0,0.0,0.73607220666,0.0762039663573,0.311541922643,0.26238692767,0.207712342896,0.241764474819,0.224407450049
0.975706494794,0.436170212766,0.609755666486,0.321443449923,0.187723785166,0.159012131716,0.202306583373,0.352941176471,0.5,0.187523888207,0.0422305179655,0.0,0.0,0.0,0.116069416272,0.00765090909091,0.405133288588,0.293008087027,0.201915456634,0.175612568213,0.278432682359
0.983143282102,0.202127659574,0.770225380121,0.362053112528,0.182608695652,0.169844020797,0.177078327727,0.0,0.5,0.113346928237,0.0335977601493,0.0,0.0,0.0,0.6802413273,0.00490358221839,0.376899476873,0.278854152905,0.212995369369,0.183231738766,0.268505698523
0.950917203768,0.202127659574,0.690584907325,0.282879800427,0.168286445013,0.156845753899,0.0850552618933,0.705882352941,0.5,0.321240979515,0.113392440504,0.0,0.0,0.2,0.627743634767,0.103501818414,0.452574271566,0.353352178216,0.236873975101,0.336704269767,0.316691035451
0.996529499256,0.0,0.419396575328,0.219340000542,0.176982097187,0.17287694974,0.156655454109,0.764705882353,0.0,0.677417039258,0.241833877741,0.0,0.0,0.466666666667,0.954816709292,0.0,0.422509460653,0.325664318553,0.231595110692,0.23927901448,0.292174607764
0.149727317799,0.0851063829787,0.0248094708793,0.0698257437751,0.124296675192,0.0203639514731,0.0600672753484,0.705882352941,0.5,0.82921294462,0.763882407839,1.0,0.466666666667,1.0,1.0,0.771652894318,0.754305148348,0.666202425465,0.427027307705,0.48339531603,0.858350298795
0.85870104115,0.31914893617,0.683268034609,0.455020990122,0.424040920716,0.116551126516,0.364368092263,0.705882352941,0.5,0.731829397993,0.562529164722,0.466666666667,0.2,0.733333333333,0.870098039216,0.13498716852,0.784993317359,0.371710092362,0.0992590901797,0.120057185275,0.477720763826
0.969757064948,0.308510638298,0.877868805532,0.857607347899,0.783120204604,0.929376083189,0.710956271024,0.705882352941,0.5,0.666996020642,0.477834811013,0.466666666667,0.2,0.733333333333,0.815250544662,0.00986078805763,0.168169666189,0.0397714833677,0.0308055612601,0.0357235868001,0.0259185969361
0.979176995538,0.404255319149,0.923273302116,1.0,0.891560102302,1.0,1.0,0.705882352941,0.5,0.590526900621,0.213252449837,0.0,0.0,0.466666666667,0.235519495154,0.0208841390215,0.0664794055856,0.0,0.0,0.0,0.0
0.959345562717,0.414893617021,0.780841317841,0.754074154417,0.661381074169,0.699306759099,0.698942815954,0.705882352941,0.5,0.80301099054,0.751283247783,1.0,0.466666666667,1.0,0.755478662053,0.0137540312037,0.17340121461,0.0823470279185,0.049799451122,0.056602027347,0.0750836058612
0.943976202281,0.563829787234,0.848062246131,0.634066857792,0.558056265985,0.349653379549,0.626621816434,0.705882352941,0.5,0.755597744599,0.634857676155,0.466666666667,0.4,1.0,0.364923747277,0.0275503126106,0.364951807985,0.184154271123,0.086908505301,0.06278411746,0.200494839825
0.937035200793,0.244680851064,0.670977852762,0.38610732448,0.228132992327,0.156845753899,0.254685247477,0.705882352941,0.5,0.595209287607,0.207652823145,0.2,0.0,0.2,0.578289286729,0.0222097114708,0.432243409862,0.281963358627,0.200389462512,0.14367634958,0.291491224794
0.923153197819,0.13829787234,0.876636695589,0.607098925966,0.544757033248,0.205372616984,0.536761172513,0.470588235294,0.5,0.455768291638,0.139290713952,0.0,0.0,0.2,0.707720588235,0.0275503126106,0.548328323134,0.216805476601,0.0517859733696,0.0497661442621,0.233616784258
0.988101140307,0.489361702128,0.270174836271,0.0983121624387,0.0992327365729,0.0441941074523,0.0272705430082,0.705882352941,0.5,0.692416514098,0.703219785348,0.733333333333,0.466666666667,1.0,0.615942028986,0.0935607867911,0.598190002568,0.628648474691,0.476292599582,0.591610279395,0.668535748918
0.853247397124,0.489361702128,0.848101041722,0.568582112915,0.550895140665,0.0220970537262,0.461316674676,0.705882352941,0.5,0.903382734043,0.540597293514,0.466666666667,0.0,1.0,0.615942028986,0.0554104674828,1.0,0.422179009783,0.0694358465158,0.0603201373734,0.820346159646
1.0,0.202127659574,0.761081413365,0.441445816396,0.261381074169,0.218370883882,0.266218164344,0.705882352941,0.5,0.844408384017,0.713952403173,1.0,0.4,1.0,0.893413775767,0.00253595821615,0.431741374117,0.302762449503,0.231133477996,0.189199035459,0.317950659973
0.397620228061,0.382978723404,0.349134926178,0.1679850715,0.12378516624,0.0550259965338,0.0671552138395,0.705882352941,0.5,0.720573130665,0.730517965469,0.733333333333,0.466666666667,1.0,0.822572931612,0.287862277258,0.593262920911,0.568858460946,0.452609843735,0.470130549427,0.653105539699
0.997521070897,0.329787234043,0.25842150614,0.0927287652188,0.0777493606138,0.00649913344887,0.0660740028832,0.705882352941,0.5,0.774066953225,0.796780214652,1.0,0.466666666667,1.0,0.946014769544,0.31010497168,0.769621812407,0.766149866688,0.598374046079,0.550981366378,0.899800018015
0.921170054536,0.478723404255,0.43492547208,0.17835564638,0.0976982097187,0.0121317157712,0.0754444978376,0.705882352941,0.5,0.576213236308,0.849743350443,1.0,0.733333333333,1.0,0.634561516914,0.219700192184,0.817952774418,0.680131363978,0.474897290386,0.477125695926,0.904795687083
0.944471988101,0.223404255319,0.448148784861,0.12800646836,0.0076726342711,0.0051993067591,0.0419269581932,0.705882352941,0.5,0.657075500163,0.875874941671,1.0,0.733333333333,1.0,0.692959001783,0.0193738489871,0.869613735382,0.909028713664,1.0,0.610220225735,1.0
0.758552305404,0.340425531915,0.347856274203,0.155011376326,0.103836317136,0.0203639514731,0.069317635752,0.705882352941,0.5,0.592855883741,0.827578161456,1.0,0.733333333333,1.0,0.920060331825,0.328710030395,0.754689540856,0.662373340781,0.489999471019,0.480893567088,0.825004091522
0.613782845811,0.457446808511,0.501862599861,0.246310397444,0.179028132992,0.165944540728,0.131307063912,0.705882352941,0.5,0.681890614227,0.7874475035,1.0,0.466666666667,1.0,0.67305573915,0.19698176366,0.658069651402,0.483264059205,0.319800021188,0.332966263033,0.459733904239
0.994546355974,0.234042553191,0.604738192116,0.269679318259,0.119181585678,0.141681109185,0.127823161941,0.705882352941,0.5,0.934153853421,0.579211385908,0.466666666667,0.2,1.0,0.545343137255,0.000723106885096,0.72782033306,0.519021556293,0.362623261258,0.300197893184,0.498189361754
0.823004462072,0.234042553191,0.276131320314,0.171187205269,0.16010230179,0.150779896014,0.0864968765017,0.705882352941,0.5,0.746980292726,0.673121791881,0.733333333333,0.466666666667,1.0,0.602652825836,0.538929731078,0.588138055107,0.487110151159,0.352410655549,0.387372301268,0.445080594816
0.661378284581,0.372340425532,0.412846114562,0.176447677529,0.105882352941,0.0103986135182,0.0776069197501,0.705882352941,0.5,0.814385553871,0.741250583294,1.0,0.466666666667,1.0,0.846042120552,0.141232358003,0.858641052536,0.668812787849,0.427128995952,0.435575001312,0.920783543726
0.974219137333,0.531914893617,0.418622914288,0.152943177532,0.114578005115,0.0242634315425,0.0648726573763,0.705882352941,0.5,0.795997729427,0.690387307513,0.733333333333,0.4,1.0,0.496137849079,0.008202373733,0.642395009526,0.591702143339,0.409634730391,0.491415407686,0.714506110734
0.925632126921,0.436170212766,0.4452618364,0.144825682148,0.0245524296675,0.00346620450607,0.0639115809707,0.705882352941,0.5,0.764163010778,0.562762482501,0.466666666667,0.2,1.0,0.634561516914,0.0265921103026,0.78000943147,0.729843288297,0.759072244627,0.443743511797,0.817144402512
0.637580565196,0.244680851064,0.427503119083,0.191021207049,0.133503836317,0.15424610052,0.0700384430562,0.705882352941,0.5,0.820503224508,0.708819412039,1.0,0.2,1.0,0.870098039216,0.300250390998,0.537483141289,0.492876427894,0.374483377384,0.447932657455,0.472003203735
0.875557759048,0.117021276596,0.324000478782,0.1386383413,0.106393861893,0.067157712305,0.0658337337818,0.705882352941,0.5,0.699790182552,0.783714419039,1.0,0.733333333333,1.0,0.927072583419,0.351796634443,0.616772285086,0.596744153595,0.456240953491,0.536570975698,0.627530400718
0.787803668815,0.393617021277,0.444328417491,0.199397535417,0.166240409207,0.15424610052,0.0819317635752,0.705882352941,0.5,0.785593103345,0.690153989734,0.733333333333,0.2,1.0,0.634561516914,0.0830500359409,0.505395609965,0.475556944223,0.350576443108,0.400580599372,0.472003203735
0.695587506197,0.351063829787,0.285060666628,0.0970032070639,0.0424552429668,0.00693240901213,0.0538202787122,0.705882352941,0.5,0.594178626506,0.888007466169,1.0,1.0,1.0,0.894762968479,0.400282423651,0.789814928749,0.816242018412,0.639988731437,0.623233738487,0.967954911422
0.55676747645,0.340425531915,0.12984662755,0.0707353568321,0.0143222506394,0.0051993067591,0.05862566074,0.705882352941,0.5,0.657118785315,0.779048063462,1.0,0.466666666667,1.0,0.77731092437,0.743118009396,0.880675574839,0.840160060615,0.889110830611,0.477494905425,0.978433146735
0.967773921666,0.106382978723,0.394429849194,0.154025345912,0.108439897698,0.0918544194107,0.0657135992311,0.705882352941,0.5,0.757138024866,0.70671955203,0.733333333333,0.466666666667,1.0,0.962885154062,0.254852444575,0.661558238377,0.576967680186,0.40989238085,0.476124132962,0.590402599281
0.774913237481,0.170212765957,0.314024530545,0.140420591273,0.116112531969,0.0710571923744,0.0663142719846,0.705882352941,0.5,0.713838280259,0.730051329911,0.733333333333,0.466666666667,1.0,0.615942028986,0.113935018051,0.572369294386,0.569304476598,0.436781637469,0.519490750628,0.550256171781
0.942488844819,0.223404255319,0.299139338378,0.101938289287,0.0971867007673,0.0121317157712,0.0585055261893,0.705882352941,0.5,0.653544084402,0.846710219319,1.0,0.733333333333,1.0,0.67305573915,0.0201283754132,0.72298455283,0.710595249431,0.502106571364,0.56668469705,0.858180482907
0.549330689142,0.297872340426,0.313800096262,0.161114904589,0.158567774936,0.0346620450607,0.0777270543008,0.705882352941,0.5,0.799969128278,0.644657022865,0.733333333333,0.2,1.0,0.840840840841,0.539156338289,0.605766018406,0.534268126524,0.36373530467,0.397467037296,0.632040567479
0.781854238969,0.31914893617,0.420559194001,0.165036840561,0.10179028133,0.00996533795494,0.062590100913,0.705882352941,0.5,0.690813319515,0.786280914606,1.0,0.466666666667,1.0,0.972652218782,0.140507921807,0.789621899703,0.674584970135,0.477577039678,0.524949949566,0.826638444501
0.614774417452,0.244680851064,0.335383263942,0.152326908523,0.115089514066,0.0476603119584,0.0685968284479,0.705882352941,0.5,0.729650656466,0.78348110126,1.0,0.466666666667,1.0,0.972652218782,0.16445286594,0.731445871764,0.619270443727,0.430415565003,0.453897554551,0.739695238977
0.672285572633,0.446808510638,0.151425777178,0.0834970554667,0.101278772379,0.0168977469671,0.0630706391158,0.705882352941,0.5,0.702485901969,0.579328044797,0.466666666667,0.2,1.0,0.545343137255,0.239708832247,0.587520369814,0.607982973949,0.421628456868,0.516622065937,0.714506110734
0.195339613287,0.489361702128,0.209077341076,0.16686592698,0.168797953964,0.155979202773,0.103796251802,0.705882352941,0.5,0.822109976598,0.666122258516,0.733333333333,0.2,1.0,0.597722960152,0.536878783728,0.593669410533,0.475126349289,0.32472948599,0.377487846278,0.472790004516
0.760535448686,0.170212765957,0.344691072746,0.151607106321,0.131457800512,0.0632582322357,0.0678760211437,0.705882352941,0.5,0.736509359991,0.634857676155,0.733333333333,0.466666666667,1.0,0.870098039216,0.220538946469,0.701911980702,0.558122565081,0.349705301042,0.423906039428,0.662524747125
0.507684680218,0.468085106383,0.357921698341,0.206400816433,0.173913043478,0.138648180243,0.116890917828,0.705882352941,0.5,0.768801862071,0.670088660756,0.733333333333,0.466666666667,1.0,0.653594771242,0.221939661936,0.704976050664,0.499909699813,0.312726571647,0.324850986776,0.483011882019
1.0,0.106382978723,0.425503342277,0.164282527295,0.116624040921,0.0398613518198,0.0679961556944,0.705882352941,0.5,0.744959733242,0.689454036398,0.733333333333,0.466666666667,1.0,0.962885154062,0.12482111093,0.57783122886,0.571874343607,0.460677929474,0.525125876156,0.637700767393
0.832424392662,0.351063829787,0.287029085919,0.109907880109,0.0987212276215,0.00866551126516,0.065353195579,0.705882352941,0.5,0.681156573612,0.733784414372,0.733333333333,0.466666666667,1.0,0.597722960152,0.340271064238,0.79482507147,0.691730756904,0.446631211163,0.479604358534,0.922412800517
0.879524045612,0.0957446808511,0.34601665143,0.124794474286,0.0982097186701,0.013431542461,0.0601874098991,0.705882352941,0.5,0.762338127696,0.720951936538,1.0,0.466666666667,1.0,1.0,0.265584813168,0.703893078871,0.645645379491,0.459828292922,0.519135585672,0.738651354632
0.892910262766,0.202127659574,0.404944572074,0.158196254563,0.114578005115,0.0528596187175,0.0687169629986,0.705882352941,0.5,0.698035158651,0.788380774615,1.0,0.466666666667,1.0,0.894153957879,0.138078550429,0.695211232274,0.606756809267,0.435940424746,0.491018608719,0.633410982478
0.89638076351,0.191489361702,0.400738117119,0.159805949215,0.109462915601,0.0303292894281,0.0663142719846,0.705882352941,0.5,0.76732519641,0.732384507699,1.0,0.466666666667,1.0,0.707720588235,0.257299182821,0.765798310901,0.614507338355,0.383980480409,0.446915359338,0.800904356638
0.149231531978,0.18085106383,0.25024374643,0.141919357503,0.104859335038,0.127816291161,0.0679961556944,0.705882352941,0.5,0.724271776854,0.742883807746,1.0,0.466666666667,1.0,0.74241662477,0.633013881448,0.563102713519,0.559392153417,0.464681830484,0.494860199293,0.47696744593
0.975210708974,0.489361702128,0.451009040432,0.198653082454,0.16368286445,0.141681109185,0.0774867851994,0.705882352941,0.5,0.751195453252,0.718385440971,0.733333333333,0.466666666667,1.0,0.528603193855,0.104400536433,0.618074414748,0.506028377303,0.352410655549,0.378716496291,0.495706790651
0.785324739712,0.351063829787,0.348891522959,0.163575050472,0.109974424552,0.0225303292894,0.0664344065353,0.705882352941,0.5,0.654919933071,0.844377041531,1.0,0.466666666667,1.0,0.894762968479,0.195448020006,0.714805676133,0.633514177736,0.46470344886,0.535521750675,0.733575838809
0.719385225583,0.36170212766,0.533666665024,0.211008043543,0.119693094629,0.0155979202773,0.0730418068236,0.705882352941,0.5,0.719760027933,0.777181521232,1.0,0.466666666667,1.0,0.696895424837,0.215247926267,0.785420082102,0.640960722616,0.412154082459,0.438150110896,0.836324285319
0.697570649479,0.202127659574,0.269658438571,0.126660536844,0.117647058824,0.0446273830156,0.0648726573763,0.705882352941,0.5,0.597993217242,0.790013999067,0.733333333333,0.666666666667,1.0,0.893413775767,0.123885558051,0.637423432891,0.609238241052,0.446072111249,0.530329975228,0.700961123432
0.730788299455,0.468085106383,0.365237787716,0.13192347418,0.0219948849105,0.00346620450607,0.0624699663623,0.705882352941,0.5,0.687384581913,0.842277181521,1.0,0.733333333333,1.0,0.634561516914,0.108464734547,0.862575170649,0.821429593411,0.781850780858,0.58253746531,0.989112886573
0.948934060486,0.5,0.338026434106,0.110206154309,0.0429667519182,0.00346620450607,0.0493753003364,0.705882352941,0.5,0.71964154956,0.789080727951,1.0,0.466666666667,1.0,0.597722960152,0.354792156863,0.721102712443,0.771535855644,0.58641192316,0.625954736613,0.833572625996
0.837382250868,0.170212765957,0.304152110948,0.114704918073,0.0884910485934,0.0051993067591,0.0600672753484,0.705882352941,0.5,0.695842678246,0.541063929071,0.466666666667,0.2,0.733333333333,0.765338393422,0.286826607946,0.702663376308,0.665798918195,0.469892714887,0.495851363586,0.78317190336
0.968269707486,0.510638297872,0.479402812645,0.206605417744,0.172378516624,0.166377816291,0.0706391158097,0.705882352941,0.5,0.753536224905,0.668222118525,0.733333333333,0.2,1.0,0.545343137255,0.313376140228,0.468484199453,0.439165572649,0.335266350956,0.440082070366,0.390966241215
0.475458601884,0.414893617021,0.304761825842,0.167908654142,0.138618925831,0.131282495667,0.0885391638635,0.705882352941,0.5,0.804325157227,0.723518432105,1.0,0.2,1.0,0.755478662053,0.386395361974,0.639725788657,0.529979855836,0.370689915409,0.39527864262,0.486548035389
0.910262766485,0.127659574468,0.460385995604,0.210182243071,0.142199488491,0.0203639514731,0.125300336377,0.705882352941,0.5,0.737875063545,0.595893607093,0.466666666667,0.2,1.0,0.713319810683,0.106202802124,0.723607784595,0.53945882867,0.351634795623,0.346714790396,0.700767793564
0.970748636589,0.329787234043,0.432021271644,0.154355666101,0.0843989769821,0.00693240901213,0.0623498318116,0.705882352941,0.5,0.606252552271,0.890107326178,1.0,1.0,1.0,0.946014769544,0.22805260771,0.878182472917,0.774820388042,0.566137148704,0.531760730177,0.989112886573
0.948934060486,0.234042553191,0.544136962246,0.215087744381,0.124296675192,0.0580589254766,0.101633829889,0.705882352941,0.5,0.766323136493,0.671488567429,0.733333333333,0.2,1.0,0.806420607459,0.0176806722689,0.649660321981,0.543720724865,0.406099383047,0.361242947687,0.56558170195
0.871095686663,0.382978723404,0.471074438181,0.178720477633,0.10179028133,0.0381282495667,0.0663142719846,0.705882352941,0.5,0.736216210713,0.70660289314,0.733333333333,0.466666666667,1.0,0.67305573915,0.10282883285,0.709560017078,0.617868477482,0.453877012124,0.430505471194,0.746284370229
0.999504214179,0.244680851064,0.666144396843,0.349168160092,0.177493606138,0.181542461005,0.192936088419,0.705882352941,0.5,0.746063300562,0.731217918805,0.733333333333,0.466666666667,1.0,0.979918537463,0.0671530656171,0.480448823337,0.380609153016,0.323315908318,0.233421354661,0.386063577044
0.615270203272,0.191489361702,0.202120499823,0.125953060022,0.157544757033,0.139081455806,0.0720807304181,0.705882352941,0.5,0.845584232284,0.610125991601,0.6,0.2,1.0,0.924223856209,0.555893452206,0.474990561261,0.489581927388,0.361807765031,0.445757013218,0.478403254322
0.857213683689,0.340425531915,0.111540719451,0.0785471827879,0.101278772379,0.0190641247834,0.0606679481019,0.705882352941,0.5,0.712153491748,0.685954269715,0.733333333333,0.466666666667,1.0,0.77731092437,0.531534827304,0.631114117432,0.629434435406,0.442521307962,0.508699621397,0.716623025502
0.860684184432,0.212765957447,0.0822537945603,0.054586643725,0.0910485933504,0.0121317157712,0.0504565112926,0.705882352941,0.5,0.842712164172,0.681521231918,0.733333333333,0.2,1.0,0.806420607459,0.0523674680555,0.72679008886,0.718131410662,0.535027238166,0.481526506408,0.879704885119
0.466534457115,0.223404255319,0.099842999106,0.0794124244762,0.102813299233,0.0121317157712,0.0658337337818,0.705882352941,0.5,0.693154213551,0.768315445637,1.0,0.466666666667,1.0,0.755478662053,0.245713120425,0.728568419448,0.682482389549,0.461718393486,0.518618191727,0.836324285319
0.999504214179,0.5,0.544699255485,0.227903674689,0.164705882353,0.0415944540728,0.102835175396,0.705882352941,0.5,0.756542464158,0.738450769949,1.0,0.4,1.0,0.597722960152,0.0889806894186,0.758085929696,0.563134014887,0.351634795623,0.357543899934,0.716605262477
0.601883986118,0.510638297872,0.379856222162,0.157769796409,0.10537084399,0.00866551126516,0.0671552138395,0.705882352941,0.5,0.682498146141,0.848810079328,1.0,0.733333333333,1.0,0.579891531081,0.441172860552,0.856749411422,0.712775312047,0.477222258205,0.456151930194,0.978433146735
0.919682697075,0.489361702128,0.288391777513,0.117732031445,0.100255754476,0.0103986135182,0.0645122537242,0.705882352941,0.5,0.690530826331,0.764115725618,1.0,0.466666666667,1.0,0.615942028986,0.246037319472,0.784980851456,0.696720013328,0.48088711015,0.478147264516,0.913747904306
0.760039662866,0.234042553191,0.214389110322,0.110642472767,0.100255754476,0.0238301559792,0.0624699663623,0.705882352941,0.5,0.602360215923,0.923471768549,1.0,1.0,1.0,0.692959001783,0.19496201234,0.735546387074,0.692971126991,0.513998405552,0.555819971425,0.877518327374
0.854238968765,0.446808510638,0.502795888332,0.227896279461,0.143734015345,0.0801559792028,0.0904613166747,0.705882352941,0.5,0.650414210728,0.565328978068,0.466666666667,0.2,0.733333333333,0.692959001783,0.176103190497,0.578905936678,0.488093075625,0.335210907774,0.384699797953,0.546719416397
0.42488844819,0.425531914894,0.190465284328,0.106949788866,0.101278772379,0.053726169844,0.0628303700144,0.941176470588,0.5,0.671430768906,0.870858609426,1.0,0.733333333333,1.0,0.734154126767,0.389923508916,0.639910268493,0.649057813077,0.504009300396,0.570700013602,0.719001218403
0.693604362915,0.223404255319,0.503271264856,0.256387628276,0.180562659847,0.172443674177,0.143200384431,0.705882352941,0.5,0.709404178603,0.72841810546,0.733333333333,0.466666666667,1.0,0.77731092437,0.125758372192,0.584257360526,0.44587432262,0.314668180502,0.317125843168,0.439420394902
0.926127912742,0.446808510638,0.540769426316,0.202291534682,0.116112531969,0.0779896013865,0.0711196540125,0.705882352941,0.5,0.814789138587,0.722818478768,1.0,0.466666666667,1.0,0.692959001783,0.131418079281,0.656679718496,0.565620731035,0.435268009396,0.452480724568,0.53836344546
0.800198314328,0.382978723404,0.272723883566,0.0827895786446,0.0337595907928,0.00693240901213,0.0466122056704,0.705882352941,0.5,0.64460351989,0.894773681755,1.0,1.0,1.0,0.822572931612,0.161180097824,0.799071206637,0.840802807678,0.723090917351,0.616216918653,0.978433146735
0.962816063461,0.468085106383,0.346667997063,0.122849529294,0.0910485933504,0.00693240901213,0.0538202787122,0.705882352941,0.5,0.722040851426,0.796546896874,1.0,0.466666666667,1.0,0.562435500516,0.0124525937101,0.847220221975,0.769209460753,0.541307205407,0.563356243355,0.989112886573
0.72632622707,0.234042553191,0.392682611971,0.181276761482,0.121739130435,0.162911611785,0.0747236905334,0.705882352941,0.5,0.613169595382,0.856742883808,1.0,0.733333333333,1.0,0.806420607459,0.247924322531,0.526582905509,0.519736896438,0.451533449562,0.452256838256,0.463517118823
0.446207238473,0.393617021277,0.195526969753,0.131068092795,0.136572890026,0.0840554592721,0.0740028832292,0.705882352941,0.5,0.783695199425,0.623425104993,0.466666666667,0.2,1.0,0.545343137255,0.528392492824,0.646258805681,0.528273770207,0.350723763285,0.401431303144,0.516746298334
0.89588497769,0.117021276596,0.318971581296,0.123872535848,0.0982097186701,0.0407279029463,0.0639115809707,0.705882352941,0.5,0.694047863585,0.784881007933,1.0,0.733333333333,1.0,0.744754041968,0.473483760926,0.676473164874,0.63158837883,0.474897290386,0.525208358897,0.645225263784
0.748140803173,0.191489361702,0.295988083098,0.140593146596,0.117135549872,0.0498266897747,0.0681162902451,0.705882352941,0.5,0.754403464299,0.689220718619,0.733333333333,0.466666666667,1.0,0.924223856209,0.200822673919,0.654666955336,0.575977688091,0.434373495869,0.449256790885,0.582247161586
0.639067922657,0.308510638298,0.41703674983,0.177201990795,0.103324808184,0.0168977469671,0.070518981259,0.705882352941,0.5,0.694036473847,0.703453103126,0.733333333333,0.466666666667,1.0,1.0,0.205086234149,0.759316866454,0.624601573319,0.418879811192,0.448233310681,0.847554536037
0.985622211205,0.191489361702,0.199175941075,0.11222012143,0.128900255754,0.0762564991334,0.0671552138395,0.705882352941,0.5,0.686161703509,0.734017732151,0.733333333333,0.466666666667,1.0,0.972652218782,0.456844380569,0.658236512441,0.579571727997,0.390967554279,0.493188414232,0.542804807959
0.953891918691,0.234042553191,0.208588952583,0.0643902511173,0.0890025575448,0.00693240901213,0.0222248918789,0.705882352941,0.5,0.805544758868,0.737284181055,1.0,0.466666666667,1.0,0.545343137255,0.107558744395,0.733956264143,0.773103191634,0.532289053761,0.615326600514,0.91978269429
0.778383738225,0.414893617021,0.307097198439,0.109782161231,0.0961636828645,0.0606585788562,0.0272705430082,0.705882352941,0.5,0.777365969362,0.706019598693,0.733333333333,0.466666666667,1.0,0.713319810683,0.46099423522,0.593291974075,0.630929232821,0.495703771698,0.592875794923,0.639803142381
0.944471988101,0.287234042553,0.453504213723,0.152045889855,0.0992327365729,0.1143847487,0.0249879865449,0.705882352941,0.5,0.804319190323,0.763415772282,1.0,0.733333333333,1.0,0.867132241024,0.0543939798519,0.577462237132,0.61660182244,0.502844173682,0.602538634744,0.538064062352
0.97124442241,0.521276595745,0.308082685636,0.0791659168727,0.090537084399,0.0103986135182,0.0215040845747,0.705882352941,0.5,0.629216964323,0.835044330378,1.0,0.733333333333,1.0,0.545343137255,0.285301860167,0.657975983763,0.768846168727,0.524336539987,0.747073239282,0.891915157253
0.944471988101,0.5,0.509424352879,0.156744324779,0.0787723785166,0.00866551126516,0.0216242191254,0.705882352941,0.5,0.67489142096,0.856042930471,1.0,0.733333333333,1.0,0.597722960152,0.343130214918,0.801159340305,0.802200399822,0.571203154722,0.705519257059,0.978433146735
0.910758552305,0.223404255319,0.295323021989,0.0938848858793,0.0920716112532,0.00996533795494,0.0239067755887,0.705882352941,0.5,0.865218767825,0.566495566962,0.466666666667,0.2,1.0,0.627743634767,0.0323711499125,0.63696112903,0.656862984764,0.47757257395,0.615719376028,0.670594475776
0.795736241943,0.31914893617,0.38341746716,0.13296127119,0.0971867007673,0.0324956672444,0.0296732340221,0.705882352941,0.5,0.73981095241,0.620625291647,0.733333333333,0.2,1.0,0.972652218782,0.0796150611978,0.591172244918,0.620858828693,0.495579164871,0.598387134536,0.661092305829
0.931085770947,0.31914893617,0.296929945057,0.0914518558325,0.0879795396419,0.0103986135182,0.0230658337338,0.705882352941,0.5,0.704706460851,0.430471301913,0.2,0.2,0.733333333333,0.972652218782,0.0419665768194,0.557641768795,0.629998590279,0.47696899334,0.610512156322,0.67456432266
0.38671294001,0.542553191489,0.239942312397,0.113797770092,0.0915601023018,0.0138648180243,0.0267900048054,0.705882352941,0.5,0.535229060794,0.897106859543,1.0,0.733333333333,1.0,0.528603193855,0.756987391694,0.709998486894,0.722465732268,0.544494764537,0.687280970864,0.912047087741
0.889439762023,0.436170212766,0.357940787445,0.11431543606,0.074168797954,0.00866551126516,0.0229456991831,0.705882352941,0.5,0.690997015426,0.782081194587,1.0,0.466666666667,1.0,0.55405303884,0.0407810480976,0.750758384138,0.781507214208,0.564192798468,0.677171674751,0.91978269429
0.692117005454,0.531914893617,0.449269908033,0.156261169876,0.079283887468,0.00866551126516,0.025348390197,0.705882352941,0.5,0.685430422887,0.641623891741,0.466666666667,0.466666666667,1.0,0.528603193855,0.366370345233,0.769536916398,0.711710707223,0.509928610191,0.616284980899,0.873108815917
0.988101140307,0.510638297872,0.570969527323,0.25498006986,0.107416879795,0.119584055459,0.119053339741,0.705882352941,0.5,0.813065843995,0.710219318712,1.0,0.466666666667,1.0,0.579891531081,0.214200189519,0.657950359496,0.550382022633,0.483000068143,0.322333485691,0.50889496891
0.836886465047,0.414893617021,0.425504561704,0.171162554509,0.106393861893,0.0914211438475,0.0326765977895,0.705882352941,0.5,0.820559097786,0.709286047597,1.0,0.2,1.0,0.755478662053,0.144383254208,0.56026783357,0.579717224978,0.495629668396,0.598165939905,0.552970826141
0.945959345563,0.5,0.37161958173,0.119800230238,0.0900255754476,0.011698440208,0.0230658337338,0.705882352941,0.5,0.729964421962,0.765515632291,1.0,0.466666666667,1.0,0.562435500516,0.110861069238,0.64895881408,0.716583597408,0.542900984972,0.697051549574,0.763906783879
0.970748636589,0.457446808511,0.518294369537,0.174845378106,0.090537084399,0.00866551126516,0.0484142239308,0.705882352941,0.5,0.835048260698,0.590293980401,0.466666666667,0.2,1.0,0.67305573915,0.119844097969,0.622178436775,0.634627163122,0.522849490438,0.529014358394,0.698064054284
0.994546355974,0.372340425532,0.285424111472,0.0746572928042,0.0291560102302,0.00693240901213,0.0211436809226,0.705882352941,0.5,0.687995806261,0.787914139057,1.0,0.466666666667,1.0,0.545343137255,0.451941803185,0.678022106242,0.831545685549,0.700776335686,0.801464148437,0.909128266396
0.438770451165,0.478723404255,0.332717570014,0.145449346385,0.0982097186701,0.011698440208,0.0736424795771,0.705882352941,0.5,0.816963404613,0.62202519832,0.733333333333,0.2,1.0,0.562435500516,0.378733990912,0.60825036326,0.613000396228,0.497068651125,0.51048059366,0.692076141899
0.99058006941,0.553191489362,0.366544068206,0.145577530339,0.0925831202046,0.0103986135182,0.0358000961076,0.705882352941,0.5,0.669566576838,0.875874941671,1.0,1.0,1.0,0.512204881953,0.424945812808,0.754478374211,0.71714274339,0.544494764537,0.612737903941,0.930378771066
0.914229053049,0.5,0.541735958041,0.190989161061,0.100255754476,0.0688908145581,0.0269101393561,0.705882352941,0.5,0.750966141339,0.825011665889,1.0,0.733333333333,1.0,0.545343137255,0.0310162808596,0.670621173805,0.645476778616,0.502605426157,0.599210778866,0.612409335917
0.72682201289,0.351063829787,0.365401462236,0.155928384611,0.0982097186701,0.0346620450607,0.0329168668909,0.705882352941,0.5,0.726728949568,0.784414372375,1.0,0.466666666667,1.0,0.894762968479,0.110281603289,0.71980407601,0.65204173425,0.488954851768,0.586696263556,0.779025018333
0.78284581061,0.425531914894,0.299592376575,0.123214360547,0.0987212276215,0.0428942807626,0.0254685247477,0.705882352941,0.5,0.814417163855,0.731684554363,1.0,0.2,1.0,0.480392156863,0.0852091333354,0.66097902874,0.648692875281,0.491634408963,0.5783704276,0.725260490571
0.974219137333,0.127659574468,0.337874151161,0.107381177172,0.0721227621483,0.00866551126516,0.0219846227775,0.705882352941,0.5,0.739343952942,0.766448903406,1.0,0.466666666667,1.0,0.892494929006,0.0991940396777,0.70020792435,0.775314317855,0.58182716391,0.739625850353,0.857418732703
0.687159147248,0.393617021277,0.255708920557,0.110425546076,0.0997442455243,0.0155979202773,0.0659538683325,0.705882352941,0.5,0.777692272303,0.663789080728,0.733333333333,0.2,1.0,0.496137849079,0.50667755102,0.652885093117,0.637874196969,0.475919168116,0.55302511551,0.716623025502
0.625185919683,0.36170212766,0.273397720615,0.101516761285,0.0746803069054,0.0103986135182,0.0229456991831,0.705882352941,0.5,0.683767509313,0.785814279048,1.0,0.466666666667,1.0,0.597722960152,0.685839192777,0.737381944267,0.767456812836,0.547714684674,0.677902831715,0.937005064193
0.778879524046,0.287234042553,0.382421717431,0.132034402601,0.0849104859335,0.00866551126516,0.0249879865449,0.705882352941,0.5,0.80621472042,0.668572095194,0.733333333333,0.2,1.0,0.822572931612,0.086943239936,0.791760128024,0.724171399771,0.506830419103,0.597168113576,0.88943531475
0.892910262766,0.510638297872,0.37923188501,0.145804317334,0.0946291560102,0.0103986135182,0.026549735704,0.705882352941,0.5,0.735191524074,0.750349976668,1.0,0.466666666667,1.0,0.545343137255,0.153209012689,0.691327921117,0.676382249039,0.511123034562,0.59676431056,0.789757742927
0.957858205255,0.393617021277,0.430945600771,0.146077940774,0.0941176470588,0.0103986135182,0.0354396924556,0.705882352941,0.5,0.556639312081,0.853243117126,1.0,0.733333333333,1.0,0.799669265296,0.183187880305,0.68905734054,0.706209117662,0.516915448585,0.585658854343,0.870158048501
0.827962320278,0.446808510638,0.293804108135,0.13878131571,0.10895140665,0.0710571923744,0.0683565593465,0.705882352941,0.5,0.775169489385,0.712785814279,0.733333333333,0.466666666667,1.0,0.464958260532,0.219700192184,0.596821529183,0.575613881916,0.443689827085,0.456151930194,0.608443201473
0.643529995042,0.436170212766,0.142042365702,0.0469153271033,0.0705882352941,0.00693240901213,0.0205430081691,0.705882352941,0.5,0.655828325948,0.799113392441,1.0,0.466666666667,1.0,0.713319810683,0.150004806409,0.712213974984,0.835515991518,0.60987623227,0.752510492748,0.927947103863
0.466534457115,0.425531914894,0.116787876231,0.0507583806423,0.0675191815857,0.00866551126516,0.0215040845747,0.705882352941,0.5,0.381195509932,0.952403173122,1.0,1.0,1.0,0.692959001783,0.819426823495,0.698049907447,0.850463879208,0.629925431812,0.813395621846,0.957672530974
0.918195339613,0.414893617021,0.27886643369,0.130599728349,0.10895140665,0.129549393414,0.0827727054301,0.705882352941,0.5,0.705453971588,0.758982734484,1.0,0.466666666667,1.0,0.755478662053,0.1846704888,0.537941962227,0.555437088442,0.465905917312,0.467681483304,0.494744284386
0.995042141795,0.159574468085,0.244910166688,0.0941042776464,0.102301790281,0.0121317157712,0.0913022585296,0.705882352941,0.5,0.712301174169,0.625524965002,0.466666666667,0.2,1.0,0.894762968479,0.131181013571,0.696038983005,0.62518619025,0.427267037209,0.441409254037,0.714374799844
0.717897868121,0.510638297872,0.239091537495,0.0805488245285,0.0787723785166,0.00866551126516,0.0249879865449,0.705882352941,0.5,0.679550569701,0.593793747084,0.466666666667,0.2,0.733333333333,0.480392156863,0.255744627705,0.632795128499,0.692277316812,0.503373808995,0.613514371399,0.789757742927
0.987109568666,0.521276595745,0.21164781156,0.0792965659026,0.079283887468,0.00693240901213,0.0267900048054,0.705882352941,0.5,0.586987534402,0.751516565562,0.733333333333,0.466666666667,1.0,0.562435500516,0.376090484793,0.691998916087,0.734614576804,0.55200745621,0.608099875238,0.819109324764
0.970748636589,0.340425531915,0.43403002954,0.145392649636,0.0987212276215,0.0641247833622,0.0730418068236,0.705882352941,0.5,0.743454160939,0.691787214186,0.733333333333,0.466666666667,1.0,0.615942028986,0.0884655898435,0.630634497092,0.615509254157,0.463202896831,0.482143027138,0.689027239007
0.851760039663,0.13829787234,0.663120563296,0.366460668479,0.181074168798,0.161178509532,0.234742912062,0.705882352941,0.5,0.837866928795,0.467102193187,0.2,0.0,0.733333333333,0.859089398471,0.0560213981763,0.609651570194,0.385372544305,0.266687923075,0.163079415988,0.417847557493
0.953891918691,0.106382978723,0.985353829154,0.582312586432,0.297698209719,0.15554592721,0.464440172994,0.235294117647,0.5,0.165212277735,0.0618292113859,0.0,0.0,0.2,0.77731092437,0.0158066507484,0.529710707878,0.258221624243,0.127388930229,0.0555477191674,0.286878801071
0.929102627665,0.287234042553,0.579571506187,0.235328483707,0.164705882353,0.0207972270364,0.105358000961,0.705882352941,0.5,0.917554953848,0.562295846944,0.466666666667,0.2,1.0,0.480392156863,0.025444872738,0.77495260385,0.557236528604,0.333211121407,0.330997629739,0.798186998457
0.673772930094,0.234042553191,0.271717407309,0.156132985922,0.170332480818,0.178076256499,0.0716001922153,0.705882352941,0.5,0.799916384409,0.625291647224,0.733333333333,0.2,1.0,0.920060331825,0.135225984796,0.443190830583,0.431131620895,0.326051970641,0.412399834254,0.38116592913
0.813088745662,0.36170212766,0.316668137743,0.145392649636,0.141176470588,0.153812824957,0.0736424795771,0.705882352941,0.5,0.729270960079,0.826878208119,1.0,0.733333333333,1.0,0.870098039216,0.0785465405674,0.504917056789,0.526328979736,0.408575984328,0.43589696675,0.481544198474
0.967773921666,0.0957446808511,0.703507596181,0.288448407191,0.179028132992,0.164211438475,0.141158097069,0.705882352941,0.5,0.630526202325,0.401073261783,0.466666666667,0.2,0.466666666667,1.0,0.0105998031154,0.457547158592,0.380944669243,0.281069500489,0.284417925044,0.373990827662
0.946455131383,0.510638297872,0.454152421803,0.179824831697,0.157033248082,0.0372616984402,0.0736424795771,0.705882352941,0.5,0.678410884403,0.774615025665,1.0,0.466666666667,1.0,0.579891531081,0.105526196337,0.636422211438,0.56722837796,0.37130558308,0.46367676282,0.698939230938
0.92464055528,0.117021276596,0.219222071031,0.0841848116805,0.10537084399,0.0173310225303,0.0658337337818,0.705882352941,0.5,0.717659851132,0.573028464769,0.466666666667,0.2,1.0,0.927072583419,0.173061812769,0.519929313401,0.590443635817,0.426523359717,0.524559614103,0.682248361889
0.984134853743,0.234042553191,0.340707060277,0.119154380317,0.102301790281,0.0428942807626,0.0621095627102,0.705882352941,0.5,0.798818181436,0.723985067662,1.0,0.2,1.0,0.920060331825,0.123015326395,0.712513290732,0.637626025412,0.450371726489,0.488554747709,0.678777446442
0.927119484383,0.308510638298,0.347834129439,0.131516736634,0.113043478261,0.0311958405546,0.0640317155214,0.705882352941,0.5,0.522292339923,0.914839010733,1.0,0.733333333333,1.0,1.0,0.0260181368508,0.734732678317,0.681084983215,0.46470344886,0.568979925001,0.815892716027
0.860684184432,0.212765957447,0.548820906452,0.215060628545,0.124296675192,0.0311958405546,0.0709995194618,0.705882352941,0.5,0.783819936278,0.754549696687,1.0,0.466666666667,1.0,0.846042120552,0.156975790342,0.755650960308,0.594624331364,0.389971758373,0.429436315436,0.77236118558
0.985622211205,0.265957446809,0.490651324442,0.177280873229,0.108439897698,0.0207972270364,0.0722008649688,0.705882352941,0.5,0.759077080504,0.614792347177,0.466666666667,0.4,1.0,0.726778974501,0.00399149180799,0.65563821263,0.590015140419,0.445237806713,0.440855463738,0.733575838809
0.744174516609,0.308510638298,0.373194792871,0.154210226614,0.124808184143,0.0272963604853,0.0696780394041,0.705882352941,0.5,0.709454156433,0.858376108259,1.0,1.0,1.0,0.815250544662,0.187675286959,0.762608353402,0.649410873959,0.438998967145,0.48881788281,0.848514364335
0.89638076351,0.223404255319,0.331672552402,0.153290753253,0.128388746803,0.0463604852686,0.0691975012013,0.705882352941,0.5,0.760277006954,0.797713485768,1.0,0.466666666667,1.0,0.692959001783,0.257299182821,0.713471784573,0.604135073167,0.393261409232,0.476042905934,0.747949858206
0.900347050074,0.117021276596,0.558114622579,0.229136212706,0.151406649616,0.0688908145581,0.0789283998078,0.705882352941,0.5,0.749252819137,0.624825011666,0.466666666667,0.2,1.0,0.927072583419,0.0364594771631,0.708380700295,0.524083454032,0.348896582601,0.390613685057,0.54034806105
0.959841348537,0.287234042553,0.480031504482,0.211187994094,0.120716112532,0.0311958405546,0.0937049495435,0.705882352941,0.5,0.736568599219,0.670555296314,0.733333333333,0.466666666667,1.0,0.677321156773,0.228282562298,0.674719264645,0.561369047876,0.43393075685,0.380174879154,0.713251022927
0.95240456123,0.0957446808511,0.308466135491,0.117510174601,0.116624040921,0.0290294627383,0.0643921191735,0.705882352941,0.5,0.62469470703,0.813812412506,1.0,0.733333333333,1.0,1.0,0.230587267271,0.701676474871,0.655390873347,0.456251276379,0.531016427634,0.78223987882
0.938522558255,0.36170212766,0.321864156896,0.125509346336,0.118158567775,0.0415944540728,0.0666746756367,0.705882352941,0.5,0.635386513463,0.779281381241,0.733333333333,0.466666666667,1.0,0.870098039216,0.158176864341,0.683286732696,0.623250922868,0.421918072657,0.52351925529,0.747230018585
0.702528507685,0.212765957447,0.184119644697,0.088269442671,0.0961636828645,0.0190641247834,0.0605478135512,0.705882352941,0.5,0.571817883006,0.88975734951,1.0,0.733333333333,1.0,0.67305573915,0.121554119443,0.729616249766,0.71632976419,0.514814868919,0.56668469705,0.909014837786
0.961328705999,0.202127659574,0.302973839234,0.149181471502,0.174936061381,0.065424610052,0.0892599711677,0.705882352941,0.5,0.623910342749,0.672188520765,0.733333333333,0.466666666667,1.0,1.0,0.182237878409,0.615200451368,0.519399206493,0.313369625862,0.431607681489,0.63567473061
0.940505701537,0.414893617021,0.397178612155,0.173494516438,0.180051150895,0.157279029463,0.0921432003844,0.705882352941,1.0,0.27345577024,0.995800279981,1.0,1.0,1.0,0.755478662053,0.482183351389,0.598429799198,0.534775136429,0.349318067032,0.467307919394,0.478330564993
0.652949925632,0.191489361702,0.312767530168,0.137272689176,0.120716112532,0.0827556325823,0.0711196540125,0.705882352941,0.5,0.73912565137,0.72445170322,0.733333333333,0.466666666667,1.0,0.946014769544,0.246298393267,0.602100948474,0.565601188743,0.404382482782,0.482661677769,0.547746314458
0.91522062469,0.340425531915,0.180360393541,0.0604658500691,0.0859335038363,0.00866551126516,0.0254685247477,0.705882352941,1.0,0.244461247296,1.0,1.0,1.0,1.0,0.870098039216,0.496801988401,0.699812423482,0.837022719355,0.574700682008,0.805804571386,0.942672199701
0.941497273178,0.404255319149,0.146742566367,0.0375233874089,0.0102301790281,0.00693240901213,0.0210235463719,0.705882352941,0.5,0.521491215175,0.913672421839,1.0,1.0,1.0,0.734154126767,0.481616296426,0.681866763902,0.914477412595,0.817915226726,0.84668363742,0.978433146735
0.551313832424,0.5,0.374101094153,0.150690098036,0.0925831202046,0.0675909878683,0.0245074483421,0.705882352941,0.5,0.73856854841,0.785814279048,1.0,0.466666666667,1.0,0.579891531081,0.454337134483,0.644660078052,0.642494691866,0.510837534464,0.619858066237,0.634995197202
0.291026276648,0.351063829787,0.124314611831,0.074223439422,0.0992327365729,0.0641247833622,0.022585295531,0.705882352941,0.5,0.509099368254,0.914839010733,1.0,0.733333333333,1.0,0.894762968479,0.990142416843,0.582278322644,0.703797276927,0.530402451043,0.806010495308,0.689027239007
0.747645017353,0.340425531915,0.450498255155,0.200447657808,0.145268542199,0.0428942807626,0.0740028832292,0.705882352941,0.5,0.879252623299,0.688287447503,1.0,0.2,1.0,0.920060331825,0.100815272033,0.695050212595,0.562026378444,0.37022985605,0.396380263674,0.639451859871
0.521566683193,0.234042553191,0.1707638046,0.122366374391,0.148849104859,0.15554592721,0.0716001922153,0.705882352941,0.5,0.710313236526,0.706952869809,0.733333333333,0.466666666667,1.0,0.870098039216,0.474506466464,0.476683146739,0.488828329676,0.347234865116,0.457827553278,0.428426545069
0.956866633614,0.202127659574,0.205733981693,0.117584126882,0.152941176471,0.113951473137,0.0725612686209,0.705882352941,0.5,0.681207908663,0.705319645357,0.733333333333,0.466666666667,1.0,0.893413775767,0.228512610517,0.553236285658,0.529312192433,0.366813992439,0.449685997585,0.511804505919
0.596430342092,0.372340425532,0.213417980687,0.118274348172,0.109974424552,0.0168977469671,0.0714800576646,0.705882352941,0.5,0.591322588213,0.749416705553,0.733333333333,0.466666666667,1.0,0.674977810054,0.568263143881,0.70769131513,0.638038017044,0.433076562494,0.450051404774,0.798709369523
0.881011403074,0.393617021277,0.704689080713,0.595135911967,0.538618925831,0.431109185442,0.491470446901,0.705882352941,0.5,0.624361388908,0.802613159123,1.0,0.733333333333,1.0,0.713319810683,0.242504757063,0.213767398809,0.139738829776,0.0948891551092,0.0898129286731,0.165437463805
0.573128408528,0.404255319149,0.184980249807,0.16064160999,0.206138107417,0.187175043328,0.121696299856,0.705882352941,0.5,0.459388810361,0.936070928605,1.0,1.0,1.0,0.77731092437,0.730000690465,0.455923266891,0.44483179395,0.313369625862,0.391250039812,0.403642011213
0.992067426872,0.212765957447,0.392786445205,0.154333480416,0.112531969309,0.0277296360485,0.0701585776069,0.705882352941,0.5,0.711067686268,0.80121325245,1.0,0.466666666667,1.0,0.67305573915,0.212408635074,0.655193231416,0.627115696188,0.465640332882,0.503349337326,0.675328360651
0.524045612295,0.202127659574,0.20900322991,0.122716415188,0.126854219949,0.136048526863,0.0667948101874,0.705882352941,0.5,0.73193221222,0.769248716752,1.0,0.466666666667,1.0,0.893413775767,0.212759028048,0.515207917716,0.541591327478,0.413236055261,0.53028259928,0.468888446002
0.828458106098,0.351063829787,0.278817218981,0.127478942088,0.123273657289,0.0450606585789,0.067755886593,0.705882352941,0.5,0.713908806243,0.797480167989,1.0,0.466666666667,1.0,0.755478662053,0.140749288692,0.614488635207,0.599349766221,0.441235048274,0.507727965973,0.693990182106
0.876053544869,0.404255319149,0.44474257246,0.176524094886,0.124296675192,0.053726169844,0.0716001922153,0.705882352941,0.5,0.498228113128,0.929304713019,1.0,1.0,1.0,0.77731092437,0.279744431946,0.714861982963,0.621114673279,0.45863599935,0.479995914247,0.754404543073
0.683688646505,0.308510638298,0.44621842012,0.150470706269,0.0895140664962,0.0121317157712,0.0567035079289,0.705882352941,0.5,0.538659453297,0.949603359776,1.0,1.0,1.0,0.870098039216,0.147064305685,0.802765175754,0.788398977236,0.555913607407,0.610441729374,0.957672530974
0.800198314328,0.425531914894,0.239571702135,0.106338450009,0.0997442455243,0.0173310225303,0.0658337337818,0.705882352941,0.5,0.565453745975,0.881007932804,1.0,0.733333333333,1.0,0.734154126767,0.175634166356,0.719337964124,0.700831350895,0.50424804792,0.570700013602,0.837220715056
0.999504214179,0.170212765957,0.429619829982,0.189128028654,0.129411764706,0.13301559792,0.0726814031716,0.764705882353,0.0,0.759975858885,0.819062062529,1.0,0.733333333333,1.0,0.870098039216,0.137205874948,0.616042098511,0.544840783528,0.431902207164,0.452759989119,0.499855881678
0.918691125434,0.31914893617,0.29260437086,0.0989506171318,0.079283887468,0.0121317157712,0.0585055261893,0.705882352941,0.5,0.67225662805,0.856742883808,1.0,0.733333333333,1.0,0.972652218782,0.494777249224,0.817265592952,0.794426209371,0.566061789611,0.576820447569,0.957672530974
0.904313336639,0.127659574468,0.463884133265,0.217996534103,0.139130434783,0.0290294627383,0.126261412782,0.705882352941,0.5,0.69245777964,0.828044797014,1.0,0.466666666667,1.0,0.892494929006,0.129524594993,0.783343635517,0.592292032138,0.388344246515,0.322214697772,0.779374662529
0.700545364403,0.308510638298,0.287201648857,0.124032765791,0.0869565217391,0.0121317157712,0.0666746756367,0.705882352941,0.5,0.609626986747,0.871675221652,1.0,0.733333333333,1.0,0.692959001783,0.634585275475,0.798562022716,0.741647279261,0.504538935708,0.570294490112,0.939543818861
0.834903321765,0.308510638298,0.387155874835,0.169217609517,0.124296675192,0.0801559792028,0.0681162902451,0.705882352941,1.0,0.339593380363,0.972001866542,1.0,1.0,1.0,1.0,0.545357418407,0.728785752084,0.632781611818,0.459828292922,0.537895946916,0.62793266718
0.843827466534,0.351063829787,0.468094381316,0.193616932114,0.129923273657,0.0693240901213,0.0766458433445,0.705882352941,0.5,0.5977845472,0.886140923938,1.0,0.733333333333,1.0,0.894762968479,0.0726055658627,0.711706158478,0.582558580393,0.395097929478,0.451511476532,0.643963112712
0.883490332176,0.287234042553,0.399151252697,0.158073000762,0.120716112532,0.0649913344887,0.0706391158097,0.705882352941,0.5,0.723788832725,0.593793747084,0.466666666667,0.2,1.0,0.653594771242,0.137642029507,0.553351233091,0.536320461229,0.392236552399,0.416385098537,0.594521362769
0.976698066435,0.340425531915,0.53515107109,0.210754140711,0.142199488491,0.164644714038,0.0691975012013,0.705882352941,0.5,0.580960469091,0.772048530098,0.733333333333,0.466666666667,1.0,0.920060331825,0.357168824101,0.538287457091,0.502394013172,0.382057442918,0.475235996948,0.43722643036
0.997521070897,0.148936170213,0.321681920469,0.128521669251,0.108439897698,0.0324956672444,0.0640317155214,0.705882352941,0.5,0.692473407279,0.684087727485,0.733333333333,0.466666666667,1.0,0.972652218782,0.20995461983,0.648415329868,0.610972538534,0.425857285314,0.506060247136,0.71370517466
0.922161626177,0.329787234043,0.285901524105,0.102505256775,0.0480818414322,0.0121317157712,0.0545410860163,0.705882352941,0.5,0.548952610589,0.900373308446,1.0,1.0,1.0,0.946014769544,0.492758364312,0.804312518531,0.813078568295,0.683077537229,0.583060890046,0.937673772673
0.723351512147,0.329787234043,0.373960930146,0.151567665105,0.123273657289,0.0688908145581,0.067755886593,0.705882352941,0.5,0.759735320872,0.760382641157,1.0,0.466666666667,1.0,0.799669265296,0.376420325983,0.646128392633,0.585135677253,0.416615041838,0.462819000994,0.631234143311
0.545364402578,0.329787234043,0.278737218884,0.0885430661109,0.0173913043478,0.0121317157712,0.0306343104277,0.705882352941,0.5,0.438644471645,0.937704153056,1.0,1.0,1.0,0.946014769544,0.594747720365,0.766185316572,0.886258630272,0.927160485732,0.756462709629,0.957672530974
0.739216658404,0.170212765957,0.451267928911,0.190306334999,0.129923273657,0.0168977469671,0.0724411340702,0.705882352941,0.5,0.720065209566,0.758749416706,1.0,0.466666666667,1.0,0.988825637782,0.258973357444,0.752283264228,0.606149651317,0.387895961148,0.43999267667,0.706204484193
0.703520079326,0.404255319149,0.426564225061,0.193084475691,0.131457800512,0.0307625649913,0.0719605958674,0.705882352941,0.5,0.658250462017,0.80307979468,1.0,0.466666666667,1.0,0.77731092437,0.415096557333,0.697435883385,0.582408620825,0.408568135918,0.46195175233,0.716854419865
0.863163113535,0.244680851064,0.470544296433,0.144581639621,0.0419437340153,0.0103986135182,0.0628303700144,0.705882352941,0.5,0.710710271443,0.781381241251,1.0,0.466666666667,1.0,0.979918537463,0.101485561463,0.801960507381,0.767101085704,0.66029055465,0.518335071769,0.94758056498
0.753594447199,0.234042553191,0.449701208374,0.207842885914,0.145780051151,0.0355285961872,0.0736424795771,0.705882352941,0.5,0.642877955344,0.823611759216,1.0,0.466666666667,1.0,0.870098039216,0.198128780859,0.702376061029,0.580094127588,0.391275839208,0.458289139924,0.707861528226
0.862667327714,0.31914893617,0.503608341827,0.221307131218,0.137084398977,0.167677642981,0.0706391158097,0.705882352941,0.5,0.687625490782,0.774848343444,1.0,0.466666666667,1.0,0.946014769544,0.146886621891,0.467719722966,0.464961286233,0.384118440455,0.462557910614,0.418594151462
0.85820525533,0.127659574468,0.401888369899,0.189453418691,0.165217391304,0.0329289428076,0.101874098991,0.705882352941,0.5,0.693648945703,0.695753616426,0.733333333333,0.466666666667,1.0,0.892494929006,0.148889042466,0.639846093895,0.525329551254,0.351949400382,0.374221124857,0.648824731655
0.980664353,0.234042553191,0.262606090483,0.093512659398,0.0946291560102,0.0121317157712,0.0600672753484,0.705882352941,0.5,0.602826414892,0.857676154923,1.0,0.733333333333,1.0,0.806420607459,0.359523515991,0.738446335309,0.742227936323,0.511162269644,0.572727038356,0.937673772673
0.385721368369,0.446808510638,0.117697693695,0.0906654965772,0.125831202046,0.0242634315425,0.0687169629986,0.705882352941,0.5,0.58921161566,0.884741017266,1.0,0.733333333333,1.0,0.692959001783,0.894040121581,0.733288962446,0.663448524663,0.418555156981,0.532998344854,0.890746861747
0.781358453148,0.0851063829787,0.446486793591,0.287960322136,0.211764705882,0.262131715771,0.164584334455,0.705882352941,0.5,0.767486257635,0.702519832011,0.733333333333,0.466666666667,1.0,0.950513538749,0.504560490121,0.47141377362,0.342911434652,0.250428391973,0.274405363916,0.283138376149
0.878036688151,0.31914893617,0.765692690012,0.688818661612,0.644501278772,0.514731369151,0.530634310428,0.705882352941,0.5,0.663942704588,0.720251983201,0.733333333333,0.466666666667,1.0,0.790333677331,0.206746311043,0.213974451618,0.103815526181,0.0639773585017,0.0747286394928,0.126695578645
0.90530490828,0.308510638298,0.654594711498,0.393734269734,0.222506393862,0.214904679376,0.267539644402,0.705882352941,0.5,0.754084446468,0.694120391974,0.733333333333,0.466666666667,1.0,1.0,0.155619364876,0.566222024196,0.343709473035,0.250971586292,0.188482535041,0.328273921273
0.95290034705,0.404255319149,0.845752004548,0.642470301996,0.49462915601,0.380849220104,0.603075444498,0.705882352941,0.5,0.581554842315,0.828978068129,1.0,0.733333333333,1.0,0.77731092437,0.323550449286,0.515213108266,0.218978634037,0.0891467760196,0.0707077550489,0.224658227002
0.784333168071,0.287234042553,0.401701493297,0.129275982518,0.095652173913,0.00866551126516,0.0645122537242,0.705882352941,0.5,0.75065425847,0.72445170322,0.733333333333,0.2,1.0,0.822572931612,0.183187880305,0.756988227278,0.709765425282,0.521347861973,0.49937688857,0.83592200951
0.736737729301,0.202127659574,0.335859586757,0.129105892271,0.105882352941,0.0186308492201,0.0628303700144,0.705882352941,0.5,0.502738433873,0.857909472702,1.0,0.733333333333,1.0,0.799669265296,0.475155799974,0.685976745442,0.667153350378,0.478981766819,0.561597471963,0.851594755076
0.800694100149,0.425531914894,0.409611257506,0.166488770346,0.116624040921,0.0242634315425,0.0700384430562,0.705882352941,0.5,0.828355054375,0.737050863276,1.0,0.466666666667,1.0,0.692959001783,0.187723224894,0.683453211312,0.608092311657,0.459828292922,0.436825448213,0.647008486399
0.978681209717,0.393617021277,0.41582716587,0.164220900394,0.126854219949,0.0515597920277,0.0681162902451,0.705882352941,0.5,0.528230309199,0.885440970602,1.0,0.733333333333,1.0,0.713319810683,0.0584729400293,0.651412776329,0.595684050473,0.44012172518,0.521108372377,0.711491243726
0.879524045612,0.393617021277,0.379138888333,0.17182072981,0.120204603581,0.050259965338,0.0724411340702,0.705882352941,0.5,0.490635538954,0.927671488567,1.0,1.0,1.0,0.799669265296,0.294587595347,0.698352329814,0.619162165764,0.458015151409,0.50874378409,0.725260490571
0.972731779871,0.170212765957,0.561876228065,0.211915191524,0.113043478261,0.0207972270364,0.0701585776069,0.705882352941,0.5,0.587491625438,0.880774615026,1.0,0.733333333333,1.0,0.988825637782,0.0237293233083,0.774751718851,0.663055575851,0.463457743657,0.520328306867,0.827179691267
0.896876549331,0.223404255319,0.533217528238,0.238350666926,0.155498721228,0.122183708839,0.0755646323883,0.705882352941,0.5,0.617874158392,0.88777414839,1.0,0.933333333333,1.0,0.894762968479,0.138515438175,0.696056849632,0.553289993314,0.381710580708,0.417206637307,0.530434435357
0.935547843332,0.170212765957,0.469974846155,0.235089371332,0.166751918159,0.120883882149,0.0974291206151,0.705882352941,0.5,0.696207598308,0.833644423705,1.0,0.733333333333,1.0,1.0,0.238494076226,0.674399160729,0.523047207619,0.357973224154,0.381424621433,0.512959734432
0.961328705999,0.5,0.630070128016,0.263114820777,0.102813299233,0.0346620450607,0.129745314753,0.705882352941,0.5,0.621938253032,0.859309379375,1.0,0.733333333333,1.0,0.597722960152,0.137205874948,0.781447742037,0.614556976462,0.452705230843,0.346264122158,0.81044083908
0.765493306891,0.191489361702,0.419541613053,0.166185565994,0.115601023018,0.0615251299827,0.0633109082172,0.705882352941,0.5,0.660025478048,0.662155856276,0.733333333333,0.466666666667,1.0,0.734154126767,0.228763679061,0.560625133191,0.556224240784,0.438817790464,0.47214894225,0.610948786516
0.505701536936,0.393617021277,0.273253370889,0.139833903177,0.113043478261,0.0138648180243,0.0689572321,0.705882352941,0.5,0.427290966116,0.94680354643,1.0,1.0,1.0,0.799669265296,0.667249713688,0.779590841867,0.68415074198,0.459204315884,0.560268937701,0.927947103863
0.783837382251,0.202127659574,0.299384759572,0.140085340932,0.122762148338,0.0723570190641,0.0687169629986,0.705882352941,0.5,0.647400724782,0.781147923472,1.0,0.466666666667,1.0,0.893413775767,0.223625142857,0.566168290794,0.565260458465,0.428671852101,0.516510885168,0.557595053159
0.873574615766,0.18085106383,0.334073750934,0.116871719908,0.102301790281,0.013431542461,0.0634310427679,0.705882352941,0.5,0.765015781631,0.728651423238,1.0,0.466666666667,1.0,0.73607220666,0.173108473189,0.750514670563,0.689886301594,0.453887201526,0.507624281754,0.851019955893
0.980168567179,0.148936170213,0.291714978528,0.100015529979,0.0843989769821,0.0103986135182,0.0458913983662,0.705882352941,0.5,0.751371427227,0.747783481101,1.0,0.466666666667,1.0,0.73607220666,0.00600051853772,0.765839874931,0.751842614791,0.540516307277,0.578953383306,0.94758056498
0.929102627665,0.212765957447,0.275929400188,0.0928051825759,0.0920716112532,0.0186308492201,0.0279913503123,0.705882352941,0.5,0.752492370824,0.529631357909,0.466666666667,0.2,1.0,0.822572931612,0.102380676205,0.597691417823,0.631964452581,0.478479116852,0.590764364829,0.70419646089
0.673772930094,0.510638297872,0.242744719709,0.086807652582,0.0900255754476,0.00693240901213,0.0234262373859,0.705882352941,0.5,0.656277114537,0.895006999533,1.0,1.0,1.0,0.579891531081,0.350560242792,0.718479606867,0.77772346413,0.550967461138,0.791676322722,0.967954911422
0.861675756073,0.489361702128,0.298482840393,0.097289155884,0.0941176470588,0.0103986135182,0.0251081210956,0.705882352941,0.5,0.789955796608,0.741950536631,1.0,0.466666666667,1.0,0.615942028986,0.0762039663573,0.720456923847,0.712142605804,0.511829826901,0.618345921965,0.890746861747
0.508676251859,0.489361702128,0.15235932391,0.0700673212265,0.0961636828645,0.0441941074523,0.0235463719366,0.705882352941,0.5,0.57502461486,0.787914139057,0.733333333333,0.466666666667,1.0,0.545343137255,0.738366811564,0.512502056366,0.661435262443,0.499925356558,0.692480518172,0.684983022545
0.327714427367,0.489361702128,0.0255308997076,0.0438044011468,0.0890025575448,0.00866551126516,0.0211436809226,0.705882352941,0.5,0.559044048128,0.833877741484,1.0,0.733333333333,1.0,0.615942028986,0.333904082193,0.608009127193,0.755633857367,0.539729363638,0.78373782247,0.879704885119
0.755577590481,0.446808510638,0.225575286728,0.0612817902368,0.0736572890026,0.0051993067591,0.018620855358,0.705882352941,0.5,0.560521236984,0.88590760616,1.0,0.733333333333,1.0,0.692959001783,0.492758364312,0.686720434351,0.861061345309,0.607927191226,0.855115156699,0.989112886573
0.964799206743,0.510638297872,0.526745330042,0.161257878999,0.095652173913,0.0207972270364,0.0248678519942,0.705882352941,0.5,0.717397251382,0.8149790014,1.0,0.466666666667,1.0,0.579891531081,0.318165853659,0.617379423824,0.677387826878,0.533480563065,0.691989092065,0.716623025502
0.998016856718,0.446808510638,0.378047655037,0.107361456564,0.0705882352941,0.00866551126516,0.0210235463719,0.705882352941,0.5,0.594718351812,0.86607559496,1.0,0.733333333333,1.0,0.545343137255,0.18873089701,0.727988975742,0.820765132829,0.607927191226,0.772768529521,0.957672530974
0.768468021815,0.521276595745,0.444921080681,0.159327724464,0.0936061381074,0.0121317157712,0.0260691975012,0.705882352941,0.5,0.578435285548,0.891040597294,1.0,0.733333333333,1.0,0.562435500516,0.480725162119,0.71444859166,0.71270388134,0.529634841919,0.657039891321,0.826638444501
0.871095686663,0.36170212766,0.379098437286,0.0965397727693,0.0347826086957,0.00693240901213,0.0181403171552,0.705882352941,0.5,0.60886298015,0.886374241717,1.0,0.733333333333,1.0,0.799669265296,0.269772212341,0.740231469558,0.882276241277,0.735124538396,0.849137480594,0.978433146735
0.898859692613,0.414893617021,0.514366214752,0.16588975687,0.0214833759591,0.0051993067591,0.0231859682845,0.705882352941,0.5,0.533718792947,0.771815212319,0.733333333333,0.733333333333,1.0,0.562435500516,0.037046447192,0.769912746069,0.823990281378,0.819324836831,0.703004782074,0.899354684761
0.988101140307,0.5,0.567219546016,0.266334210079,0.100255754476,0.13691507799,0.172993753003,0.705882352941,0.5,0.699263576469,0.722818478768,0.733333333333,0.466666666667,1.0,0.597722960152,0.0435519289614,0.586466729719,0.517788086665,0.474897290386,0.273033693489,0.493076864949
0.553792761527,0.5,0.333901717892,0.120478126148,0.0705882352941,0.0051993067591,0.0245074483421,0.705882352941,0.5,0.673421843182,0.813812412506,1.0,0.733333333333,1.0,0.597722960152,0.196445683616,0.833926179688,0.805579901746,0.578640674116,0.658760127323,0.981103081694
0.975706494794,0.489361702128,0.386352736894,0.156771440615,0.095652173913,0.0121317157712,0.0550216242191,0.705882352941,0.5,0.699547539974,0.781614559029,1.0,0.466666666667,1.0,0.615942028986,0.00765090909091,0.690520882935,0.669919233715,0.516915448585,0.534787081065,0.76562527817
0.973227565692,0.404255319149,0.218841263965,0.0544781803795,0.0424552429668,0.0051993067591,0.0195819317636,0.705882352941,0.5,0.579080932487,0.85627624825,1.0,0.666666666667,1.0,0.579891531081,0.220970145891,0.652432900622,0.853947942814,0.65314413638,0.859390015772,0.901883151627
0.684184432325,0.457446808511,0.367801688623,0.143617794891,0.0966751918159,0.0225303292894,0.0263094666026,0.705882352941,0.5,0.617153901206,0.857909472702,1.0,0.733333333333,1.0,0.634561516914,0.420446858669,0.700601907715,0.691932268559,0.513998405552,0.655486766636,0.802500836423
0.972235994051,0.478723404255,0.307665585923,0.11224477219,0.100255754476,0.0589254766031,0.0725612686209,0.705882352941,0.5,0.716832150594,0.768548763416,1.0,0.466666666667,1.0,0.597722960152,0.326151975684,0.644076350357,0.636657995028,0.477701792451,0.537104134251,0.712832660324
0.816063460585,0.468085106383,0.270048958008,0.0875915467613,0.0946291560102,0.011698440208,0.0240269101394,0.705882352941,0.5,0.691707273389,0.676854876342,0.733333333333,0.466666666667,1.0,0.653594771242,0.427554414125,0.673248361806,0.69210548207,0.486146405623,0.647337447551,0.810332126509
0.778879524046,0.468085106383,0.302237542062,0.0727665794851,0.00204603580563,0.00346620450607,0.0159778952427,0.705882352941,0.5,0.816051470276,0.730751283248,1.0,0.2,1.0,0.562435500516,0.581272002761,0.735446321,0.876841200556,0.793726854907,0.746039602749,0.989112886573
0.922161626177,0.425531914894,0.31312587111,0.0887328769656,0.0849104859335,0.00866551126516,0.0219846227775,0.705882352941,0.5,0.625035381453,0.83271115259,1.0,0.466666666667,1.0,0.734154126767,0.120898990972,0.649261931583,0.764732660311,0.549341072906,0.772897170924,0.819517913009
0.964799206743,0.308510638298,0.388640764538,0.0937690273056,0.0731457800512,0.0051993067591,0.0205430081691,0.705882352941,0.5,0.537036513638,0.889407372842,1.0,0.733333333333,1.0,1.0,0.224843042672,0.732748051688,0.837529815089,0.60409336324,0.810380571867,0.960243126086
0.896876549331,0.31914893617,0.393007810799,0.115392674287,0.0537084398977,0.00346620450607,0.0219846227775,0.705882352941,0.5,0.708800067645,0.799813345777,1.0,0.466666666667,1.0,0.790333677331,0.167491822192,0.773397826175,0.816884200662,0.632156022641,0.770131135909,0.978433146735
0.995537927615,0.489361702128,0.421694217035,0.137225852731,0.0936061381074,0.0580589254766,0.0314752522826,0.705882352941,0.5,0.67966363855,0.81101259916,1.0,0.466666666667,1.0,0.615942028986,0.0905689779559,0.675496023458,0.672997159937,0.518388130505,0.57224939535,0.702258147826
0.998512642538,0.31914893617,0.821835018376,0.838091340927,0.732992327366,0.983535528596,0.715401249399,0.705882352941,0.5,0.571382733798,0.859076061596,1.0,0.733333333333,1.0,0.972652218782,0.209509596248,0.194840467652,0.0695017092551,0.0533670555387,0.0510857346526,0.0363311753938
0.956370847794,0.5,0.810301051856,0.923676315796,0.965728900256,0.983102253033,0.79132628544,0.705882352941,0.5,0.676242000407,0.837377508166,1.0,0.666666666667,1.0,0.597722960152,0.0384189044039,0.101528245626,0.0305214113945,0.0230234677733,0.0385171130263,0.0309942230184
0.918691125434,1.0,0.810534695088,0.924820111076,1.0,0.968804159445,0.765977895243,0.705882352941,0.5,0.813283939441,0.765282314512,1.0,0.466666666667,1.0,0.0350140056022,0.0983651886882,0.0,0.0209876815003,0.015070865211,0.0400994437334,0.034643792417
0.910758552305,0.510638297872,0.48670813825,0.202079538143,0.106905370844,0.00866551126516,0.105478135512,0.705882352941,0.5,0.561610021854,0.89174055063,1.0,0.733333333333,1.0,0.579891531081,0.250324418225,0.810760116792,0.655050220199,0.488954851768,0.383874743378,0.880241451759
0.746653445711,0.372340425532,0.00612766495404,0.0,0.00306905370844,0.0051993067591,0.0148966842864,0.705882352941,0.5,0.398523530863,0.933971068595,1.0,0.733333333333,1.0,0.846042120552,0.602750190985,0.631363001456,0.995716968015,0.962803523625,0.87115962392,0.989112886573
0.487357461577,0.170212765957,0.0692527285304,0.0548873830013,0.0976982097187,0.124783362218,0.0224651609803,0.705882352941,0.5,0.575444206133,0.87785814279,1.0,0.733333333333,1.0,0.765338393422,0.347086088993,0.543067959036,0.69160880475,0.517241600464,0.761701070224,0.538954508343
0.724838869608,0.436170212766,0.146668343737,0.0530533664311,0.0818414322251,0.0103986135182,0.0210235463719,0.705882352941,0.5,0.809787887348,0.751283247783,1.0,0.2,1.0,0.713319810683,0.305731453096,0.592023125511,0.755275001285,0.55925082555,0.817383376025,0.7414714004
0.514625681706,0.521276595745,0.10775780533,0.052414911738,0.076726342711,0.00346620450607,0.0259490629505,0.705882352941,0.5,0.706008953839,0.675921605226,0.733333333333,0.466666666667,1.0,0.528603193855,0.330000511727,0.643443608239,0.73744541796,0.566029824318,0.675385399918,0.817144402512
0.897868120972,0.425531914894,0.440976019234,0.133535633907,0.0900255754476,0.0277296360485,0.0215040845747,0.705882352941,0.5,0.676999545506,0.801913205786,1.0,0.466666666667,1.0,0.734154126767,0.131353414205,0.579428003657,0.696291930232,0.541307205407,0.786645123393,0.706204484193
0.659395141299,0.510638297872,0.202594388952,0.0928791348569,0.0910485933504,0.0103986135182,0.0221047573282,0.705882352941,0.5,0.71942098637,0.823845076995,1.0,0.466666666667,1.0,0.579891531081,0.566438915292,0.692645020393,0.727847960769,0.532213961564,0.709477255583,0.800722275827
0.692117005454,0.351063829787,0.370591331504,0.125580833541,0.093094629156,0.00996533795494,0.0235463719366,0.705882352941,0.5,0.76632745624,0.785114325712,1.0,0.466666666667,1.0,0.894762968479,0.126462442081,0.723240344907,0.729891127708,0.538167221786,0.657890315202,0.806923191737
0.973723351512,0.5,0.21843940782,0.0587698777569,0.074168797954,0.0051993067591,0.0201826045171,0.705882352941,0.5,0.614298129866,0.877508166122,1.0,0.733333333333,1.0,0.597722960152,0.463436658772,0.673101600478,0.834869288206,0.592590027189,0.826269486014,0.967954911422
0.983639067923,0.478723404255,0.415728976006,0.141776383093,0.0849104859335,0.00866551126516,0.0229456991831,0.705882352941,0.5,0.669543943319,0.871441903873,1.0,1.0,1.0,0.545343137255,0.0953645474944,0.696149191704,0.743959802281,0.554253599412,0.810380571867,0.800921354473
0.968765493307,0.5,0.22447959688,0.0724806306651,0.0705882352941,0.0051993067591,0.0205430081691,0.705882352941,0.5,0.545678722618,0.917172188521,1.0,1.0,1.0,0.597722960152,0.466202361658,0.766541500671,0.860396656094,0.629925431812,0.735765980402,0.99183466493
0.961328705999,0.191489361702,0.647891773861,0.257770535932,0.0936061381074,0.0168977469671,0.113046612206,0.705882352941,0.5,0.924728040602,0.588427438171,0.466666666667,0.2,1.0,0.545343137255,0.0562252150914,0.787456299534,0.609868539968,0.468386879007,0.355911503001,0.731612492697
0.94298463064,0.36170212766,0.607504409702,0.296575762879,0.132480818414,0.0680242634315,0.19485824123,0.705882352941,0.5,0.56855828886,0.223985067662,0.2,0.0,0.2,0.449826989619,0.112105019305,0.563037149352,0.404405933385,0.306063032812,0.177722290593,0.479291014585
0.0,0.393617021277,0.0721207469763,0.0752637015089,0.0982097186701,0.0641247833622,0.0301537722249,0.705882352941,0.5,0.812886328977,0.713719085394,1.0,0.4,1.0,0.653594771242,1.0,0.604694250655,0.636835451487,0.48443765731,0.57224939535,0.633791659957
0.859692612791,0.0957446808511,0.441588246579,0.169542999554,0.0915601023018,0.0138648180243,0.0537001441615,0.705882352941,0.5,1.0,0.515048996734,0.216666666667,0.0,1.0,0.811051693405,0.052772082879,0.704435683656,0.618096629857,0.480415068188,0.470492706589,0.70374564466
0.978681209717,0.351063829787,0.491022063544,0.178930009096,0.100767263427,0.0272963604853,0.0980297933686,0.705882352941,0.5,0.846442686999,0.613392440504,0.733333333333,0.2,1.0,0.870098039216,0.140025523192,0.689505046172,0.599265290315,0.475919168116,0.364306864582,0.670594475776
0.983639067923,0.404255319149,0.758277640155,0.357810716672,0.135038363171,0.114818024263,0.166146083614,0.705882352941,0.5,0.807168355818,0.314629024732,0.2,0.0,0.466666666667,0.496137849079,0.0174929256979,0.614813696972,0.410000254421,0.295438554849,0.209597761575,0.466576337377
0.947942488845,0.393617021277,0.779386477526,0.393793431558,0.213810741688,0.129116117851,0.182244113407,0.0,0.5,0.045481644025,0.00863275781615,0.0,0.0,0.0,0.205992509363,0.0388117724315,0.450853178216,0.306345571417,0.176829106657,0.183237947655,0.317153533171
0.927119484383,0.457446808511,0.501430741048,0.178533131854,0.0859335038363,0.00346620450607,0.0746035559827,0.0,0.5,0.100760208598,0.0272981801213,0.0,0.0,0.0,0.100060642814,0.0260181368508,0.480073900311,0.496192089721,0.376522264083,0.34192595802,0.629980458681
0.599900842836,0.170212765957,0.379518724379,0.142762413507,0.0869565217391,0.00693240901213,0.0264296011533,0.705882352941,0.5,0.163942296118,0.0328978068129,0.0,0.0,0.0,0.765338393422,0.172082878953,0.452393192388,0.477120100866,0.357941608488,0.524376027373,0.619103831638
0.776400594943,0.063829787234,0.49638936489,0.185607900076,0.0849104859335,0.0051993067591,0.0728015377222,0.235294117647,0.5,0.0907148983341,0.0172655156323,0.0,0.0,0.0,0.920060331825,0.088030154542,0.500521998543,0.481409575572,0.363999322436,0.346573523237,0.622580067855
0.799702528508,0.31914893617,0.47914879896,0.155255418853,0.0772378516624,0.00303292894281,0.0245074483421,0.235294117647,0.5,0.128612146489,0.0354643023798,0.0,0.0,0.0,0.288957688338,0.149268136486,0.479945413738,0.52818569213,0.380568268599,0.532949228788,0.6375273919
0.956370847794,0.0744680851064,0.638272956268,0.287679303468,0.110485933504,0.0567590987868,0.165185007208,0.470588235294,0.5,0.304077802465,0.0907606159589,0.0,0.0,0.2,0.979918537463,0.0148725019635,0.548252631191,0.400169381645,0.31272243625,0.205138449492,0.461240249533
0.996033713436,0.106382978723,0.56533793901,0.235528154866,0.0987212276215,0.0641247833622,0.107160019222,0.235294117647,0.5,0.164169926408,0.0501633224452,0.0,0.0,0.0,0.77731092437,0.00018066805965,0.434673171725,0.409710651996,0.345138643741,0.272887160992,0.43524754679
0.701041150223,0.202127659574,0.473790368678,0.146238170716,0.0654731457801,0.00303292894281,0.0195819317636,0.352941176471,0.5,0.179313533583,0.0682454503033,0.0,0.0,0.2,0.6802413273,0.122252437281,0.485202216285,0.569280667104,0.453110174591,0.579799734746,0.652538277741
0.656420426376,0.478723404255,0.279936242552,0.100365570776,0.0695652173913,0.0051993067591,0.0216242191254,0.705882352941,0.5,0.725165749848,0.267382174522,0.0,0.0,0.466666666667,0.496137849079,0.143654435671,0.655646275401,0.639941259801,0.456806829611,0.55302511551,0.678777446442
0.318294496777,0.31914893617,0.0738130233803,0.0606088244792,0.0879795396419,0.0337954939341,0.0269101393561,0.705882352941,0.5,0.871298487108,0.412039197387,0.2,0.0,0.733333333333,0.870098039216,0.395506957596,0.565262123644,0.594910374796,0.432009719751,0.557360467872,0.6375273919
0.80168567179,0.0851063829787,0.273931982021,0.0770977180791,0.0306905370844,0.0,0.0144161460836,0.235294117647,0.5,0.216662190432,0.0501633224452,0.0,0.0,0.0,0.846042120552,0.0770545149567,0.470901435228,0.604133241043,0.537376323656,0.599135560206,0.65307864823
0.761031234507,0.117021276596,0.621729438271,0.227090199597,0.0895140664962,0.00649913344887,0.100552618933,0.235294117647,0.5,0.150807189947,0.0258982734484,0.0,0.0,0.0,0.744754041968,0.0948227331668,0.516735746102,0.474890740976,0.346268431134,0.284949561112,0.622580067855
0.885473475459,0.340425531915,0.534783207951,0.211846169395,0.0946291560102,0.00693240901213,0.101033157136,0.0,0.5,0.100760208598,0.0272981801213,0.0,0.0,0.0,0.387129210659,0.132842761927,0.480041683057,0.453709490099,0.34741004876,0.287744171919,0.615321992237
0.869112543381,0.0744680851064,0.512307729994,0.155354021895,0.0322250639386,0.0,0.0470927438731,0.705882352941,0.5,0.495861895335,0.110125991601,0.0,0.0,0.0,0.882352941176,0.0489420425404,0.563527408166,0.586364040525,0.540516307277,0.434172272171,0.65307864823
0.874070401587,0.489361702128,0.326008067246,0.115276815713,0.0884910485934,0.00346620450607,0.0243873137914,0.0,0.5,0.103737823361,0.0286980867942,0.0,0.0,0.0,0.0647058823529,0.0469385518591,0.436489518339,0.504086316922,0.36726454562,0.533617384272,0.629980458681
0.992563212692,0.36170212766,0.578993856487,0.191962866095,0.0920716112532,0.0225303292894,0.0271504084575,0.411764705882,0.5,0.165609442942,0.0538964069062,0.0,0.0,0.2,0.551710880431,0.0014473744554,0.450390444903,0.465655084969,0.355116795001,0.521785792934,0.577817047283
0.910758552305,0.404255319149,0.436948907992,0.16842632011,0.0946291560102,0.0346620450607,0.0646323882749,0.705882352941,0.5,0.934944818053,0.336210919272,0.0,0.0,1.0,0.77731092437,0.0323711499125,0.576085229136,0.512862383763,0.352024778125,0.519902185714,0.589315772174
0.823500247893,0.340425531915,0.377246486504,0.182585716856,0.116624040921,0.0701906412478,0.0666746756367,0.705882352941,0.5,0.387511739724,0.982967802147,1.0,1.0,1.0,0.920060331825,0.552525768438,0.714300690124,0.623172950792,0.478479116852,0.545044737808,0.646178064103
0.567674764502,0.372340425532,0.17329711978,0.0322579849975,0.0,0.00173310225303,0.0,0.705882352941,0.5,0.871655682215,0.805646290247,1.0,0.733333333333,1.0,0.77731092437,0.58892190107,0.706206272883,1.0,0.979093724448,1.0,1.0
0.926127912742,0.308510638298,0.358821161246,0.13602043055,0.090537084399,0.015164644714,0.0621095627102,0.705882352941,0.5,0.930127786885,0.731451236584,1.0,0.2,1.0,0.822572931612,0.287547990187,0.72837220562,0.673745242744,0.522834911521,0.54216411876,0.812100858081
0.701041150223,0.0425531914894,0.446939907715,0.155763224517,0.0751918158568,0.0051993067591,0.0565833733782,0.705882352941,0.5,0.959686978625,0.650956602893,1.0,0.0,1.0,1.0,0.224751608752,0.888609472615,0.761639949208,0.552610530275,0.535640073144,1.0
0.946455131383,0.446808510638,0.947849703476,0.4632420187,0.250127877238,0.157279029463,0.166386352715,0.705882352941,0.5,0.339768233212,0.0699953336444,0.0,0.0,0.0,0.142234671646,0.0186205567077,0.38755615921,0.272321849183,0.159012771388,0.199571350522,0.295519837967
0.902825979177,0.468085106383,0.842850204841,0.395612657672,0.161636828645,0.0693240901213,0.160619894282,0.235294117647,0.5,0.244758100739,0.069295380308,0.0,0.0,0.2,0.270725834193,0.0354828232355,0.459914383542,0.334666377718,0.240481089285,0.201501952662,0.436290758818
0.923153197819,0.276595744681,0.352598748463,0.0931009917001,0.0542199488491,0.0051993067591,0.0205430081691,0.117647058824,0.5,0.131063651383,0.0431637890807,0.0,0.0,0.0,0.364923747277,0.0275503126106,0.434801685869,0.567958340602,0.440112290239,0.566936832216,0.6375273919
0.938026772434,0.542553191489,0.532449496595,0.227228243855,0.107928388747,0.153812824957,0.0977895242672,0.0,0.5,0.091739154091,0.0235650956603,0.0,0.0,0.0,0.0,0.0218305879594,0.211817182064,0.312937729234,0.316630707498,0.290197240642,0.286307792654
0.842340109073,0.170212765957,0.544368053514,0.189312909357,0.0828644501279,0.0051993067591,0.0376021143681,0.0,0.5,0.0960792366383,0.025198320112,0.0,0.0,0.0,0.597722960152,0.0599088106937,0.478817927749,0.502038640316,0.37045988573,0.465899435689,0.622580067855
0.980664353,0.148936170213,0.4756848763,0.1677484242,0.0859335038363,0.00866551126516,0.0311148486305,0.470588235294,0.5,0.275875759434,0.136724218385,0.2,0.0,0.2,0.826797385621,0.00581751152074,0.527141876354,0.53971835309,0.397388146967,0.529016111081,0.645225263784
0.83986117997,0.31914893617,0.348978638858,0.130878281941,0.0808184143223,0.00866551126516,0.0595867371456,0.0,0.5,0.0633073722111,0.0132991133924,0.0,0.0,0.0,0.288957688338,0.0609370646462,0.43098319459,0.484898444746,0.37022985605,0.416133424904,0.608202165678
0.929598413485,0.106382978723,0.513980322671,0.173822371551,0.0736572890026,0.0051993067591,0.0737626141278,0.235294117647,0.5,0.108848138193,0.0191320578628,0.0,0.0,0.0,0.77731092437,0.0250630900909,0.489568436508,0.502748881046,0.388012461303,0.349669230384,0.622580067855
0.788299454636,0.351063829787,0.315778775379,0.0973507827849,0.0434782608696,0.00693240901213,0.0201826045171,0.235294117647,0.5,0.155074460004,0.0557629491367,0.0,0.0,0.2,0.368577810871,0.0828346456693,0.462361726853,0.571291631359,0.481718474216,0.558079634305,0.631867191986
0.736737729301,0.223404255319,0.327415156039,0.13044935871,0.0982097186701,0.0480935875217,0.0264296011533,0.0,0.5,0.166774475094,0.0951936537564,0.0,0.0,0.2,0.627743634767,0.105751630643,0.412143126794,0.458168647857,0.347616730246,0.535640073144,0.519411305396
0.938026772434,0.287234042553,0.612360500298,0.20978536583,0.095652173913,0.0480935875217,0.0263094666026,0.235294117647,0.5,0.159659347905,0.0606626224918,0.0,0.0,0.2,0.487510072522,0.0218305879594,0.416373699608,0.453274727762,0.348551666387,0.525020689012,0.511990825206
0.617253346554,0.31914893617,0.315778555068,0.112072216868,0.0777493606138,0.00346620450607,0.0243873137914,0.705882352941,0.5,0.413947070617,0.0975268315446,0.0,0.0,0.0,0.496137849079,0.163191726655,0.474652539568,0.548835778866,0.405486256802,0.546652317725,0.6375273919
0.995537927615,0.436170212766,0.547595525636,0.198603780934,0.0895140664962,0.0051993067591,0.0861364728496,0.0,0.5,0.080251964351,0.018898740084,0.0,0.0,0.0,0.116069416272,0.0531770410328,0.464823180113,0.467891528997,0.352024778125,0.314403661782,0.622580067855
0.902330193356,0.36170212766,0.423853413975,0.152398395729,0.0910485933504,0.00866551126516,0.0707592503604,0.0,0.5,0.102262800214,0.0279981334578,0.0,0.0,0.0,0.220588235294,0.0356779913131,0.451597215591,0.472279614793,0.359896920448,0.354592806195,0.609982122318
0.909766980664,0.0425531914894,0.541260222391,0.195303044122,0.0552429667519,0.00173310225303,0.103676117251,0.0,0.5,0.0393148038962,0.00699953336444,0.0,0.0,0.0,1.0,0.0327589786174,0.537067285731,0.516202119668,0.437112817595,0.279124230719,0.6375273919
0.750619732276,0.202127659574,0.430780217967,0.177630914026,0.0843989769821,0.0051993067591,0.0845747236905,0.0,0.5,0.0960792366383,0.025198320112,0.0,0.0,0.0,0.52036199095,0.0994773767158,0.512177763839,0.488271917522,0.36795956313,0.317903323369,0.624430165562
0.844323252355,0.5,0.527012472135,0.211153483029,0.093094629156,0.0645580589255,0.0716001922153,0.0,0.5,0.110723259595,0.0321978534764,0.0,0.0,0.0,0.0762527233115,0.0590877877725,0.392158105253,0.414191234174,0.344622778554,0.349739238982,0.443655062986
0.932573128409,0.457446808511,0.362778874788,0.148594783406,0.0920716112532,0.011698440208,0.0658337337818,0.235294117647,0.5,0.0925314743575,0.0179654689687,0.0,0.0,0.0,0.137672090113,0.023919626333,0.437095419708,0.460644339622,0.34741004876,0.365744909906,0.608202165678
0.887952404561,0.0531914893617,0.496378775011,0.174884819322,0.0736572890026,0.00303292894281,0.0370014416146,0.705882352941,0.5,0.373088641032,0.110825944937,0.0,0.0,0.2,0.959246443676,0.0413734398851,0.575114375261,0.563953601523,0.467140884911,0.486220325938,0.65307864823
0.939018344075,0.31914893617,0.450747387164,0.175602156449,0.0936061381074,0.0602253032929,0.0609082172033,0.0,0.5,0.0911201247504,0.0230984601027,0.0,0.0,0.0,0.425696594427,0.02145177546,0.405183615877,0.428729348965,0.341167526506,0.380309332812,0.459618750734
0.965294992563,0.234042553191,0.501222211823,0.160294034269,0.0808184143223,0.00173310225303,0.0249879865449,0.0,0.5,0.0770818157861,0.0179654689687,0.0,0.0,0.0,0.449826989619,0.0115252586732,0.477357359216,0.5187307022,0.376640987395,0.52763985922,0.6375273919
0.813088745662,0.0851063829787,0.251035207085,0.0958594117836,0.0808184143223,0.00866551126516,0.0221047573282,0.0,0.5,0.0656099704742,0.0139990667289,0.0,0.0,0.0,0.846042120552,0.0721839648884,0.421635870675,0.502663082949,0.369000415656,0.546652317725,0.615321992237
0.968765493307,0.297872340426,0.420413581261,0.164718845753,0.0951406649616,0.025129982669,0.0728015377222,0.0,0.5,0.102262800214,0.0279981334578,0.0,0.0,0.0,0.325914149444,0.0102301458671,0.429787014604,0.443997816104,0.337964563506,0.353948524663,0.546805646696
0.794248884482,0.5,0.488541285544,0.202717992836,0.0982097186701,0.0688908145581,0.12073522345,0.0,0.5,0.0858554426283,0.0209986000933,0.0,0.0,0.0,0.0880352140856,0.0802572924458,0.404562769786,0.399197133535,0.328824513794,0.250649698267,0.429123366827
0.973723351512,0.0744680851064,0.314312726278,0.104238205227,0.079283887468,0.00346620450607,0.0264296011533,0.0,0.5,0.100760208598,0.0272981801213,0.0,0.0,0.0,0.882352941176,0.00838634394316,0.491556806454,0.524668180345,0.374172855018,0.520490789818,0.6375273919
0.871591472484,0.223404255319,0.444919914068,0.175473972495,0.0941176470588,0.00866551126516,0.0701585776069,0.235294117647,0.5,0.112088783444,0.0296313579095,0.0,0.0,0.0,0.47263681592,0.0479392405063,0.469731581351,0.45834291297,0.337368473307,0.353629394559,0.615321992237
0.830937035201,0.0531914893617,0.507891171817,0.185198697454,0.0787723785166,0.0051993067591,0.0487746275829,0.0,0.5,0.0585153706329,0.0118992067196,0.0,0.0,0.0,0.959246443676,0.0646570569834,0.503978985229,0.492290934731,0.371500738256,0.421054748513,0.629980458681
0.913237481408,0.393617021277,0.342019983299,0.141384436003,0.0920716112532,0.0103986135182,0.067755886593,0.0,0.5,0.0534489400768,0.0104993000467,0.0,0.0,0.0,0.173635719348,0.0314029850746,0.449271125297,0.466233740058,0.339559232157,0.370265397541,0.608202165678
0.676747645017,0.372340425532,0.395478371799,0.136759953361,0.0869565217391,0.00346620450607,0.0235463719366,0.0,0.5,0.0609436749641,0.012599160056,0.0,0.0,0.0,0.204550956185,0.133794735285,0.440430277988,0.502929063346,0.363999322436,0.536314302768,0.629980458681
0.86812097174,0.276595744681,0.4108719182,0.145710644445,0.0363171355499,0.00173310225303,0.0221047573282,0.352941176471,0.5,0.0978457763959,0.0202986467569,0.0,0.0,0.0,0.364923747277,0.0493437566026,0.497830027563,0.54457099351,0.506126822558,0.543861239176,0.6375273919
0.718393653941,0.425531914894,0.285964809758,0.087226715508,0.0291560102302,0.00173310225303,0.0195819317636,0.0,0.5,0.0840271004432,0.0202986467569,0.0,0.0,0.0,0.137672090113,0.160427695004,0.458873320435,0.582183961373,0.539725409147,0.561004081548,0.6375273919
0.805651958354,0.382978723404,0.406604972338,0.117670404544,0.0209718670077,0.0,0.0168188370975,0.0,0.5,0.0508016331367,0.00979934671022,0.0,0.0,0.0,0.188904830225,0.0753548947254,0.46714961071,0.602712044845,0.577358802746,0.585303504269,0.645225263784
0.33961328706,0.329787234043,0.0,0.0328101620294,0.0849104859335,0.0051993067591,0.018620855358,0.235294117647,0.5,0.202502052359,0.138357442837,0.2,0.0,0.2,0.271199388846,0.325817133507,0.42299039982,0.577038891791,0.380328269736,0.604980084771,0.682248361889
0.690133862172,0.0212765957447,0.278266273423,0.102766554834,0.0419437340153,0.00173310225303,0.0259490629505,0.764705882353,0.0,0.190518840521,0.053546430238,0.0,0.0,0.2,0.870098039216,0.127402704292,0.49971577709,0.560680118113,0.50191501153,0.53028259928,0.645225263784
0.609320773426,0.393617021277,0.265129772238,0.0863047770708,0.0787723785166,0.00693240901213,0.0224651609803,0.0,0.5,0.148397397411,0.0594960335978,0.0,0.0,0.2,0.298842428538,0.186358644981,0.45174141116,0.544376761657,0.375341626699,0.549469329954,0.661092305829
0.956866633614,0.170212765957,0.425785826268,0.110938281891,0.0726342710997,0.0,0.0195819317636,0.0,0.5,0.0609436749641,0.012599160056,0.0,0.0,0.0,0.597722960152,0.0146859004188,0.441814944307,0.557997532109,0.39327668158,0.563956347903,0.645225263784
0.964799206743,0.170212765957,0.530082027221,0.16059230847,0.0710997442455,0.0,0.0249879865449,0.0,0.5,0.130356828763,0.044097060196,0.0,0.0,0.0,0.597722960152,0.0117105751391,0.500866971601,0.550797186541,0.425441857368,0.544592344265,0.647188609895
0.908775409023,0.255319148936,0.42149233365,0.156874973809,0.0936061381074,0.0307625649913,0.085175396444,0.0,0.5,0.115879613818,0.0349976668222,0.0,0.0,0.0,0.406162464986,0.033147129506,0.419505159674,0.447590362104,0.352024778125,0.332042087247,0.532257349051
0.972731779871,0.404255319149,0.385012352462,0.148523296201,0.0910485933504,0.00693240901213,0.0726814031716,0.0,0.5,0.0275005706819,0.00466635557629,0.0,0.0,0.0,0.15873015873,0.00875450762829,0.443075054203,0.463596465611,0.344008856349,0.346884834199,0.615321992237
0.991075855231,0.425531914894,0.758251638117,0.406828753633,0.184143222506,0.0606585788562,0.189812590101,0.0,0.5,0.070044290408,0.0153989734018,0.0,0.0,0.0,0.129958960328,0.00199133851493,0.480622957601,0.326847700203,0.215810285902,0.172320982112,0.452315436812
0.763014377789,0.457446808511,0.607638367854,0.324948788045,0.118158567775,0.0554592720971,0.176838058626,0.0,0.5,0.0222537498879,0.00349976668222,0.0,0.0,0.0,0.0892267019167,0.0939410370651,0.482762019405,0.352856335731,0.290765057781,0.1842479049,0.456744037064
0.960337134358,0.425531914894,0.390417728908,0.113563587869,0.0552429667519,0.00346620450607,0.0211436809226,0.235294117647,0.5,0.129182206394,0.0394307046197,0.0,0.0,0.0,0.16410912191,0.0133818139575,0.463147111049,0.554965397402,0.443268933955,0.549469329954,0.6375273919
0.871095686663,0.106382978723,0.373051711259,0.133355683356,0.0925831202046,0.0121317157712,0.0254685247477,0.352941176471,0.5,0.0926234834929,0.0181987867476,0.0,0.0,0.0,0.77731092437,0.0481396316281,0.448489074642,0.474565482214,0.339559232157,0.525020689012,0.597821857798
0.988101140307,0.393617021277,0.544689277809,0.188349064627,0.0936061381074,0.00693240901213,0.069317635752,0.235294117647,0.5,0.176090658448,0.0783947736818,0.0,0.0,0.2,0.298842428538,0.0719733011959,0.49682932111,0.474878192173,0.337368473307,0.361242947687,0.639451859871
0.781854238969,0.18085106383,0.449647077561,0.167506846749,0.0496163682864,0.00649913344887,0.02931283037,0.235294117647,0.5,0.260057019068,0.0648623425105,0.0,0.0,0.0,0.571117335823,0.184377726945,0.52617630954,0.545515471625,0.457017022615,0.515286792872,0.6375273919
0.918691125434,0.478723404255,0.263564037387,0.0897879295087,0.0808184143223,0.0,0.0224651609803,0.470588235294,0.5,0.17354323475,0.0650956602893,0.0,0.0,0.2,0.137672090113,0.122379506574,0.460921776698,0.555209566914,0.382861994366,0.558079634305,0.661092305829
0.461576598909,0.276595744681,0.29090456178,0.12498428514,0.0879795396419,0.0103986135182,0.0425276309467,0.235294117647,0.5,0.147728793037,0.0447970135324,0.0,0.0,0.0,0.364923747277,0.248645467489,0.44443008201,0.476864375633,0.356737957128,0.495599191538,0.609982122318
0.874070401587,0.0744680851064,0.451149593321,0.146686814555,0.0777493606138,0.0051993067591,0.0216242191254,0.0,0.5,0.0894006893635,0.0223985067662,0.0,0.0,0.0,0.882352941176,0.0469385518591,0.480964886508,0.51850119992,0.372887851899,0.549469329954,0.6375273919
0.991075855231,0.148936170213,0.625615453167,0.215874103637,0.0951406649616,0.00346620450607,0.0937049495435,0.705882352941,0.5,0.266838863921,0.0804946336911,0.0,0.0,0.2,0.653594771242,0.0354828232355,0.516636589603,0.476032263105,0.35910342048,0.314211645355,0.637700767393
0.468517600397,0.414893617021,0.475845699981,0.233504327441,0.122250639386,0.133448873484,0.140917827967,0.470588235294,0.5,0.177594868952,0.0445636957536,0.0,0.0,0.0,0.144175317186,0.2445443632,0.379069268989,0.332217457183,0.286490614775,0.22535189831,0.312889652778
0.808626673277,0.414893617021,0.382287029939,0.157747610725,0.108439897698,0.127816291161,0.0754444978376,0.705882352941,0.5,0.430345302318,0.18105459636,0.2,0.0,0.2,0.266435986159,0.171663881577,0.392236757996,0.427709880095,0.342583096484,0.356562544548,0.413242785629
0.916707982152,0.457446808511,0.647892788772,0.291265989099,0.195396419437,0.13301559792,0.146444017299,0.705882352941,0.5,0.516518819897,0.108492767149,0.0,0.0,0.0,0.229425103375,0.0300509211343,0.414820818694,0.336470370944,0.249361752754,0.225047376195,0.356237619256
0.993554784333,0.457446808511,0.695241828174,0.297448399796,0.112531969309,0.0550259965338,0.138154733301,0.0,0.5,0.0,0.0,0.0,0.0,0.0,0.0892267019167,0.00108509541001,0.453461721617,0.374049662879,0.299616094063,0.226136968586,0.464717788865
0.642538423401,0.329787234043,0.528689160377,0.260053196341,0.112531969309,0.065424610052,0.161220567035,0.235294117647,0.5,0.152046178311,0.0482967802147,0.0,0.0,0.0,0.406162464986,0.150496493689,0.448659686365,0.362297987059,0.307961733536,0.200593174418,0.439420394902
0.894397620228,0.13829787234,0.583403047095,0.265888031316,0.100255754476,0.0155979202773,0.148846708313,0.705882352941,0.5,0.96858220534,0.463835744284,0.2,0.0,1.0,0.701706608569,0.0388117724315,0.776673280313,0.572542850323,0.464235456653,0.266751589245,0.725827633618
0.754090233019,0.531914893617,0.255534182978,0.0959308989886,0.0895140664962,0.0103986135182,0.0645122537242,0.705882352941,0.5,0.492382864342,0.927904806346,1.0,1.0,1.0,0.545343137255,0.597738650424,0.667915465101,0.747628722554,0.562622716789,0.560775129502,0.879704885119
0.909766980664,0.329787234043,0.424101895938,0.163833883456,0.100767263427,0.0155979202773,0.0791686689092,0.705882352941,0.5,0.862815864033,0.744750349977,1.0,0.2,1.0,0.946014769544,0.239603593161,0.827758078155,0.678969201476,0.502658157348,0.379374750193,0.899800018015
0.942488844819,0.372340425532,0.603627130538,0.256607020044,0.13452685422,0.118284228769,0.0927438731379,0.705882352941,0.5,0.624186756933,0.85044330378,1.0,0.733333333333,1.0,0.822572931612,0.0201283754132,0.714427059456,0.557408684928,0.382336681272,0.407984610717,0.559010275937
0.766980664353,0.308510638298,0.509659650845,0.228445991417,0.122250639386,0.0381282495667,0.0950264296012,0.705882352941,0.5,0.602969795266,0.801679888007,1.0,0.466666666667,1.0,0.77731092437,0.509369637259,0.777327852521,0.600244324485,0.423954312513,0.391163126864,0.748409008744
0.997521070897,0.297872340426,0.417364874558,0.189756623043,0.151918158568,0.050259965338,0.0854156655454,0.705882352941,0.5,0.949982386104,0.585160989267,0.466666666667,0.2,1.0,1.0,0.20995461983,0.590985183025,0.513108066857,0.36522921085,0.400871691285,0.567131794691
