0.450000,0.000000,0.333341,0.097255,0.000000,0.000000,0.176471,1.000000,0.555556,0.687676,0.632918,0.485420,0.557229,0.674120,0.374839,0.000000,0.160262,0.082134,0.069046,0.025440,0.025440
0.925000,0.000000,0.325780,0.048333,0.000000,0.000000,0.000000,0.806971,0.688889,0.656467,0.505614,0.328188,0.362450,0.527806,0.458816,0.049636,0.131894,0.143250,0.117062,0.039673,0.039673
0.900000,0.000000,0.378725,0.065294,0.000000,0.000000,0.000000,0.982127,0.244444,0.814141,0.631607,0.389937,0.380522,0.702672,0.820580,0.004415,0.189869,0.117483,0.090060,0.021693,0.021693
0.900000,0.000000,0.305619,0.041863,0.000000,0.000000,0.000000,0.991957,0.000000,0.498818,0.290034,0.140652,0.052209,0.297443,1.000000,0.001982,0.320792,0.288996,0.248671,0.101126,0.101126
0.900000,0.000000,0.244564,0.028431,0.000000,0.000000,0.000000,0.819482,0.600000,0.652034,0.478433,0.196684,0.340361,0.625731,0.847067,0.046283,0.158008,0.175647,0.190367,0.027299,0.027299
0.900000,0.000000,0.261368,0.060588,0.000000,0.000000,0.176471,0.492404,0.511111,0.527786,0.439661,0.277873,0.389558,0.456943,0.259163,0.140890,0.063614,0.133814,0.139666,0.051751,0.051751
0.800000,0.000000,0.246885,0.048627,0.000000,0.000000,0.000000,0.992851,0.622222,0.507396,0.292004,0.121212,0.043173,0.252150,0.354531,0.001762,0.287748,0.310226,0.298944,0.119914,0.119914
0.000000,0.000000,0.000000,0.000000,0.000000,0.000000,0.000000,0.792672,0.622222,0.619413,0.339165,0.077759,0.004016,0.263502,0.155925,0.053491,0.329335,0.343661,0.344977,0.111255,0.111255
0.450000,0.000000,0.119896,0.006275,0.000000,0.000000,0.000000,0.873995,0.022222,0.706919,0.586598,0.325329,0.331325,0.672400,0.953895,0.031901,0.119047,0.120651,0.112301,0.021187,0.021187
1.000000,0.000000,0.362114,0.079216,0.000000,0.000000,0.176471,0.962466,0.022222,0.843430,0.770131,0.473985,0.609438,0.860452,0.953895,0.014028,0.000000,0.035247,0.067120,0.011624,0.011624
1.000000,0.000000,0.278388,0.043333,0.000000,0.000000,0.000000,0.983914,0.622222,0.595926,0.402065,0.238422,0.365462,0.291251,0.155925,0.003972,0.023046,0.153583,0.159504,0.106498,0.106498
0.350000,0.000000,0.180471,0.029412,0.000000,0.000000,0.000000,0.921358,0.155556,0.465226,0.227823,0.181246,0.135542,0.156748,0.711238,0.019695,0.293359,0.273475,0.202508,0.188946,0.188946
0.350000,0.000000,0.288984,0.069608,0.000000,0.000000,0.176471,0.961573,0.600000,0.780747,0.405399,0.178388,0.131526,0.212476,0.531766,0.022207,0.298706,0.258646,0.217117,0.157122,0.157122
0.350000,0.000000,0.312193,0.069804,0.000000,0.000000,0.176471,0.957998,0.311111,0.924505,0.636433,0.271012,0.350402,0.624584,0.485642,0.010432,0.195468,0.152410,0.149903,0.028816,0.028816
1.000000,0.000000,0.358844,0.131765,0.176471,0.000000,0.176471,0.908847,0.600000,0.828744,0.581749,0.251001,0.360442,0.670680,0.328185,0.022894,0.207413,0.175611,0.168047,0.029408,0.029408
0.350000,0.000000,0.095643,0.169608,0.176471,0.176471,0.176471,0.947274,0.155556,0.449379,0.132138,0.080046,0.024096,0.020411,0.917496,0.042475,0.302982,0.483934,0.378383,0.543176,0.543176
0.450000,0.000000,0.075686,0.178235,0.176471,0.176471,0.176471,0.784629,0.133333,0.205339,0.035097,0.104631,0.110442,0.025341,0.958012,0.171173,0.150160,0.406634,0.332708,0.518701,0.518701
0.150000,0.000000,0.061279,0.172941,0.176471,0.176471,0.176471,0.962466,0.644444,0.763084,0.580748,0.209262,0.143574,0.743837,0.285665,0.029114,0.276903,0.215201,0.203620,0.019705,0.019705
0.450000,0.000000,0.169505,0.151961,0.176471,0.176471,0.176471,0.947274,0.844444,0.726249,0.531882,0.201830,0.119478,0.659672,0.118243,0.124374,0.285605,0.222210,0.205371,0.030382,0.030382
0.450000,0.000000,0.352954,0.226078,0.176471,0.176471,0.176471,0.978552,0.400000,0.525512,0.308515,0.137221,0.080321,0.285976,0.550477,0.115766,0.286687,0.327967,0.313423,0.115778,0.115778
0.450000,0.000000,0.079861,0.177647,0.176471,0.176471,0.176471,0.042895,0.133333,0.422779,0.236488,0.106918,0.052209,0.146428,0.958012,0.439568,0.319865,0.371191,0.328639,0.220197,0.220197
0.450000,0.000000,0.445614,0.271961,0.176471,0.176471,0.529412,0.918677,0.688889,0.482226,0.303397,0.130932,0.305221,0.222222,0.512525,0.189755,0.203899,0.267620,0.294492,0.163436,0.163436
0.450000,0.000000,0.404015,0.222745,0.176471,0.176471,0.176471,0.990170,0.422222,0.786206,0.597862,0.235563,0.397590,0.679624,0.522914,0.112600,0.184418,0.172254,0.182962,0.030450,0.030450
0.350000,0.000000,0.098735,0.170980,0.176471,0.176471,0.176471,0.960679,0.844444,0.588563,0.298833,0.077759,0.024096,0.262814,0.118243,0.120670,0.361324,0.399248,0.387459,0.115963,0.115963
0.150000,0.176471,0.000000,0.176471,0.176471,0.176471,0.176471,0.957105,0.311111,0.593057,0.304436,0.119497,0.052209,0.171540,0.669341,0.121655,0.320783,0.352215,0.307640,0.193369,0.193369
0.150000,0.000000,0.035619,0.175294,0.176471,0.176471,0.176471,0.973190,0.133333,0.703973,0.432207,0.198971,0.122490,0.402591,0.958012,0.117233,0.263951,0.241863,0.212616,0.075682,0.075682
0.150000,0.176471,0.000000,0.176471,0.176471,0.176471,0.176471,0.828418,0.444444,0.543149,0.402952,0.185249,0.135542,0.494668,0.496139,0.158224,0.240220,0.234793,0.225536,0.054837,0.054837
0.625000,0.000000,0.094634,0.177157,0.176471,0.176471,0.176471,0.597855,0.311111,0.627327,0.443360,0.169240,0.095382,0.591790,0.669341,0.229532,0.319305,0.264816,0.242144,0.038982,0.038982
0.850000,0.000000,0.761997,0.549902,0.764706,0.176471,0.764706,0.900804,0.133333,0.467053,0.268735,0.148656,0.328313,0.183236,0.958012,0.302554,0.390159,0.356387,0.315010,0.220057,0.220057
0.850000,0.176471,0.271752,0.956078,1.000000,1.000000,1.000000,0.512064,0.733333,0.248686,0.106679,0.140080,0.055221,0.092306,0.867796,0.536140,0.686429,0.613626,0.418183,0.448703,0.448703
0.950000,0.000000,0.792916,0.799608,1.000000,0.705882,1.000000,0.902592,0.933333,0.391950,0.204717,0.178388,0.321285,0.130260,0.650705,0.511496,0.478827,0.424107,0.322351,0.351696,0.351696
0.850000,0.000000,0.668179,0.874706,1.000000,1.000000,1.000000,0.748883,0.288889,0.402640,0.168225,0.102916,0.063253,0.046325,0.980157,0.493486,0.717782,0.655528,0.501019,0.579050,0.579050
0.650000,0.000000,0.392369,0.245686,0.176471,0.176471,0.176471,0.782842,0.333333,0.543392,0.356183,0.153230,0.091365,0.357298,0.865932,0.211668,0.447863,0.306820,0.260655,0.089151,0.089151
0.150000,0.000000,0.078571,0.170588,0.176471,0.176471,0.176471,0.739053,0.488889,0.578008,0.424452,0.186964,0.167671,0.537782,0.281532,0.184936,0.197671,0.223604,0.223859,0.047206,0.047206
0.150000,0.000000,0.061279,0.172941,0.176471,0.176471,0.176471,0.993744,0.377778,0.614903,0.397344,0.147513,0.282129,0.454420,0.578862,0.065956,0.184907,0.237066,0.267802,0.063079,0.063079
0.150000,0.000000,0.043551,0.174706,0.176471,0.176471,0.176471,0.873101,0.822222,0.746798,0.515880,0.181818,0.067269,0.620915,0.135135,0.119711,0.358808,0.272766,0.228948,0.035074,0.035074
0.150000,0.000000,0.025229,0.175882,0.176471,0.176471,0.176471,0.999106,0.444444,0.682652,0.546574,0.249857,0.347390,0.623552,0.496139,0.110176,0.172264,0.168643,0.173087,0.034737,0.034737
0.150000,0.000000,0.025229,0.175882,0.176471,0.176471,0.176471,0.891868,0.400000,0.661916,0.425112,0.188107,0.140562,0.429309,0.550477,0.139924,0.233580,0.236313,0.222759,0.068867,0.068867
0.150000,0.176471,0.000000,0.176471,0.176471,0.176471,0.176471,0.974084,0.577778,0.550695,0.409305,0.184105,0.299197,0.529641,0.350284,0.116989,0.172415,0.213466,0.226665,0.048554,0.048554
0.150000,0.176471,0.000000,0.176471,0.176471,0.176471,0.176471,0.993744,0.155556,0.733154,0.487910,0.182962,0.300201,0.517372,0.917496,0.111629,0.198503,0.212111,0.227802,0.050681,0.050681
0.150000,0.000000,0.035619,0.175294,0.176471,0.176471,0.176471,0.811439,0.400000,0.597407,0.371666,0.174385,0.110442,0.328861,0.550477,0.163214,0.235654,0.256314,0.236609,0.099084,0.099084
0.650000,0.000000,0.695283,0.439412,0.176471,0.176471,0.764706,0.899911,0.488889,0.413914,0.252377,0.142367,0.104418,0.194244,0.989114,0.137642,0.341519,0.358060,0.324741,0.179121,0.179121
0.850000,0.176471,0.948309,0.520784,0.176471,0.176471,1.000000,0.864164,0.866667,0.512954,0.300562,0.162379,0.183735,0.224286,0.338458,0.166120,0.374938,0.350803,0.298456,0.164207,0.164207
0.150000,0.000000,0.050204,0.174118,0.176471,0.176471,0.176471,0.819482,0.333333,0.549006,0.358122,0.149800,0.103414,0.391584,0.638254,0.160845,0.233471,0.268798,0.264904,0.078802,0.078802
0.150000,0.000000,0.056035,0.173529,0.176471,0.176471,0.176471,0.935657,0.133333,0.552522,0.367494,0.201830,0.088353,0.385506,0.958012,0.127602,0.288438,0.255709,0.210057,0.080441,0.080441
0.150000,0.176471,0.000000,0.176471,0.176471,0.176471,0.176471,0.932082,0.977778,0.659128,0.476707,0.210978,0.374498,0.531820,0.024439,0.128599,0.115325,0.181478,0.202237,0.048184,0.048184
0.150000,0.176471,0.000000,0.176471,0.176471,0.176471,0.176471,0.922252,0.111111,0.504637,0.347708,0.152087,0.124498,0.437679,1.000000,0.131348,0.274022,0.265907,0.262083,0.066900,0.066900
0.150000,0.000000,0.056035,0.173529,0.176471,0.176471,0.176471,0.896336,0.311111,0.580570,0.370118,0.182962,0.091365,0.383901,0.669341,0.138655,0.273528,0.265395,0.227802,0.079595,0.079595
0.850000,0.000000,0.940029,0.654510,0.764706,0.176471,1.000000,0.848972,0.644444,0.689772,0.481361,0.233848,0.465863,0.474372,0.484092,0.186301,0.345324,0.267765,0.251864,0.088537,0.088537
0.575000,0.000000,0.242304,0.166373,0.176471,0.176471,0.176471,0.921358,0.822222,1.000000,0.848388,0.469411,0.377510,0.872492,0.000000,0.019695,0.211562,0.125479,0.079750,0.009788,0.009788
0.150000,0.176471,0.000000,0.176471,0.176471,0.176471,0.176471,0.840929,0.266667,0.784190,0.508768,0.176101,0.075301,0.646600,0.734525,0.154573,0.355577,0.284002,0.234807,0.031888,0.031888
0.550000,0.176471,0.109101,0.181569,0.176471,0.176471,0.176471,0.734584,0.244444,0.811531,0.588628,0.225843,0.106426,0.653251,0.768720,0.186301,0.347769,0.232814,0.190235,0.031097,0.031097
0.350000,0.176471,0.060361,0.179216,0.176471,0.176471,0.176471,0.962466,0.222222,0.706146,0.515617,0.208119,0.144578,0.621374,0.804054,0.120178,0.306484,0.219985,0.204588,0.035016,0.035016
0.550000,0.000000,0.087880,0.175098,0.176471,0.176471,0.176471,0.902592,0.333333,0.579281,0.351147,0.132647,0.066265,0.376333,0.638254,0.136884,0.364608,0.318243,0.287848,0.083181,0.083181
0.450000,0.000000,0.417481,0.408824,0.529412,0.176471,0.529412,0.982127,0.933333,0.367769,0.169734,0.093768,0.012048,0.126018,0.309929,0.114790,0.634487,0.528232,0.362638,0.291598,0.291598
0.450000,0.529412,0.000000,0.529412,0.529412,0.529412,0.529412,0.000000,0.688889,0.013445,0.000000,0.090337,0.024096,0.058480,0.535536,0.741863,0.401101,0.577771,0.439977,0.467841,0.467841
0.850000,0.176471,0.898695,0.638824,0.764706,0.176471,1.000000,0.997319,0.311111,0.698966,0.466171,0.185820,0.152610,0.589267,0.669341,0.112357,0.618952,0.363790,0.285089,0.057557,0.057557
0.450000,0.176471,0.435796,0.369412,0.529412,0.176471,0.529412,0.800715,0.466667,0.483450,0.346005,0.202401,0.348394,0.408669,0.801294,0.193172,0.249325,0.255629,0.230951,0.094940,0.094940
0.850000,0.000000,0.838327,0.483137,0.529412,0.176471,0.764706,0.957998,0.777778,0.883826,0.633899,0.235563,0.479920,0.645110,0.402831,0.055914,0.170371,0.180079,0.216268,0.045738,0.045738
0.350000,0.000000,0.156607,0.166078,0.176471,0.176471,0.176471,0.951743,0.666667,0.691557,0.549023,0.250429,0.148594,0.645454,0.265203,0.123137,0.336773,0.205043,0.172570,0.032024,0.032024
0.350000,0.000000,0.074413,0.173137,0.176471,0.176471,0.176471,0.988382,0.200000,0.759624,0.454918,0.104059,0.032129,0.592822,0.840586,0.113086,0.506265,0.366471,0.330259,0.038843,0.038843
0.150000,0.000000,0.050204,0.174118,0.176471,0.176471,0.176471,0.827525,0.911111,0.560235,0.355039,0.121784,0.047189,0.534916,0.069795,0.158486,0.368754,0.348735,0.304033,0.047666,0.047666
0.150000,0.176471,0.000000,0.176471,0.176471,0.176471,0.176471,0.834674,0.688889,0.744693,0.481948,0.137793,0.083333,0.644192,0.245245,0.156396,0.353468,0.294610,0.280651,0.032180,0.032180
0.450000,0.176471,0.149334,0.187059,0.176471,0.176471,0.176471,0.780161,0.111111,0.617601,0.353012,0.116066,0.083333,0.373008,1.000000,0.172509,0.322728,0.329818,0.321706,0.084194,0.084194
0.450000,0.176471,0.417473,0.300784,0.176471,0.176471,0.529412,0.870420,0.311111,0.623486,0.281938,0.082905,0.024096,0.132210,0.669341,0.146050,0.491207,0.477043,0.441365,0.244087,0.244087
0.350000,0.000000,0.073839,0.175098,0.176471,0.176471,0.176471,0.969616,0.177778,0.701858,0.500742,0.182962,0.195783,0.621718,0.878378,0.118213,0.260174,0.222879,0.227802,0.034971,0.034971
0.150000,0.176471,0.000000,0.176471,0.176471,0.176471,0.176471,0.954424,0.666667,0.724775,0.525301,0.190966,0.289157,0.650269,0.265203,0.122396,0.242636,0.214036,0.220018,0.031453,0.031453
0.150000,0.176471,0.000000,0.176471,0.176471,0.176471,0.176471,0.796247,0.333333,0.683020,0.433853,0.121212,0.051205,0.525169,0.638254,0.167711,0.431479,0.323204,0.304930,0.049418,0.049418
0.150000,0.176471,0.000000,0.176471,0.176471,0.176471,0.176471,0.983021,0.177778,0.704001,0.565825,0.233276,0.356426,0.648091,0.878378,0.114547,0.250672,0.174474,0.184641,0.031709,0.031709
0.150000,0.176471,0.000000,0.176471,0.176471,0.176471,0.176471,0.956211,0.400000,0.595246,0.391487,0.154374,0.075301,0.435157,0.550477,0.121902,0.327741,0.279065,0.259262,0.067503,0.067503
0.150000,0.176471,0.000000,0.176471,0.176471,0.176471,0.176471,0.915996,0.955556,0.665860,0.463032,0.185820,0.082329,0.563009,0.039233,0.133104,0.334894,0.263152,0.224976,0.043187,0.043187
0.150000,0.176471,0.000000,0.176471,0.176471,0.176471,0.176471,0.953530,0.666667,0.787813,0.555978,0.239565,0.314257,0.647632,0.265203,0.122643,0.273489,0.197847,0.180087,0.031763,0.031763
0.450000,0.176471,0.387122,0.435294,0.529412,0.176471,0.529412,0.896336,0.444444,0.377294,0.205923,0.202973,0.324297,0.163055,0.832046,0.228657,0.218675,0.313505,0.257934,0.246067,0.246067
0.650000,0.176471,0.427519,0.410196,0.529412,0.176471,0.529412,0.957998,0.800000,0.593978,0.363047,0.193253,0.292169,0.233574,0.425833,0.229240,0.330313,0.298133,0.268133,0.182100,0.182100
0.850000,0.176471,0.594001,0.807059,0.764706,0.764706,1.000000,1.000000,0.600000,0.667635,0.361894,0.120069,0.076305,0.370141,0.672706,0.476380,0.686568,0.521818,0.428116,0.130664,0.130664
0.450000,0.176471,0.122558,0.183529,0.176471,0.176471,0.176471,0.993744,0.155556,0.667746,0.534726,0.205832,0.300201,0.693957,0.917496,0.111629,0.377403,0.220834,0.206553,0.026560,0.026560
0.150000,0.176471,0.000000,0.176471,0.176471,0.176471,0.176471,0.890080,0.111111,0.588963,0.397601,0.136078,0.059237,0.474716,1.000000,0.140432,0.386100,0.296871,0.283017,0.058776,0.058776
0.850000,0.000000,0.650256,0.369608,0.176471,0.176471,0.529412,0.926720,0.600000,0.616927,0.433976,0.185249,0.325301,0.472996,0.633556,0.130097,0.340849,0.264031,0.259103,0.072283,0.072283
0.850000,0.000000,0.820284,0.335490,0.176471,0.176471,0.176471,0.880250,0.244444,0.620325,0.410178,0.126930,0.071285,0.482055,0.922589,0.059079,0.607526,0.353309,0.304922,0.059338,0.059338
0.150000,0.176471,0.000000,0.176471,0.176471,0.176471,0.176471,0.917784,0.888889,0.676370,0.461239,0.142939,0.218876,0.475060,0.085586,0.132602,0.236388,0.234318,0.273728,0.058878,0.058878
0.150000,0.176471,0.000000,0.176471,0.176471,0.176471,0.176471,0.906166,0.933333,0.666553,0.581472,0.323613,0.396586,0.676413,0.054348,0.135873,0.079771,0.129482,0.131506,0.028455,0.028455
0.150000,0.176471,0.000000,0.176471,0.176471,0.176471,0.176471,0.768543,0.955556,0.665592,0.480970,0.140080,0.301205,0.579979,0.039233,0.175996,0.186447,0.211402,0.277542,0.040665,0.040665
0.450000,0.176471,0.403661,0.284706,0.176471,0.176471,0.529412,0.909741,1.000000,0.616750,0.382935,0.121784,0.047189,0.457058,0.257468,0.134865,0.487528,0.358483,0.308529,0.077885,0.077885
0.450000,0.176471,0.331374,0.237647,0.176471,0.176471,0.176471,0.990170,0.622222,0.713694,0.550944,0.143511,0.373494,0.692122,0.608108,0.112600,0.218875,0.191726,0.275243,0.028749,0.028749
0.775000,0.000000,0.467642,0.320490,0.176471,0.176471,0.529412,0.943700,1.000000,0.931698,0.652803,0.129217,0.062249,0.809082,0.208218,0.019240,0.623499,0.346374,0.305820,0.015957,0.015957
0.350000,0.000000,0.042115,0.176667,0.176471,0.176471,0.176471,0.852547,0.200000,0.644865,0.346624,0.096627,0.020080,0.359133,0.840586,0.151202,0.515954,0.407371,0.349828,0.088586,0.088586
0.450000,0.176471,0.368402,0.257647,0.176471,0.176471,0.176471,0.860590,0.133333,0.590546,0.294743,0.168096,0.035141,0.135879,0.958012,0.150685,0.524817,0.407047,0.275069,0.261178,0.261178
0.450000,0.529412,0.000000,0.529412,0.529412,0.529412,0.529412,0.853441,0.422222,0.443506,0.230588,0.180103,0.043173,0.147804,0.863690,0.378267,0.549136,0.447182,0.287035,0.268495,0.268495
0.850000,0.176471,0.586276,0.823137,1.000000,0.529412,1.000000,0.827525,0.355556,0.522218,0.213762,0.096627,0.020080,0.067767,0.964373,0.321663,1.000000,0.695079,0.497422,0.436394,0.436394
0.850000,0.176471,0.422457,0.232157,0.176471,0.176471,0.176471,0.803396,0.422222,0.736147,0.509556,0.184105,0.035141,0.626878,0.741708,0.165591,0.592567,0.332050,0.231269,0.034547,0.034547
0.150000,0.176471,0.000000,0.176471,0.176471,0.176471,0.176471,0.907954,0.177778,0.855415,0.670972,0.244711,0.380522,0.795895,0.878378,0.135369,0.407384,0.182945,0.176468,0.017039,0.017039
0.150000,0.176471,0.000000,0.176471,0.176471,0.176471,0.176471,0.914209,0.111111,0.892650,0.678525,0.207547,0.194779,0.841991,1.000000,0.133606,0.596558,0.254841,0.205098,0.013410,0.013410
0.150000,0.000000,0.035619,0.175294,0.176471,0.176471,0.176471,0.844504,0.111111,0.643461,0.417582,0.189823,0.036145,0.520812,1.000000,0.153534,0.583546,0.326750,0.220558,0.050073,0.050073
0.150000,0.176471,0.000000,0.176471,0.176471,0.176471,0.176471,0.973190,0.644444,0.614241,0.292880,0.034877,0.012048,0.279440,0.285665,0.117233,0.429092,0.456078,0.512851,0.120024,0.120024
0.850000,0.176471,0.868989,0.465882,0.176471,0.176471,0.764706,0.968722,0.400000,0.485183,0.213052,0.088050,0.015060,0.129228,0.867796,0.118458,0.780785,0.560560,0.497880,0.299672,0.299672
0.850000,0.000000,0.706043,0.328039,0.176471,0.176471,0.529412,0.983914,0.111111,0.923310,0.563624,0.178959,0.047189,0.690402,1.000000,0.106605,0.773287,0.405247,0.235434,0.030248,0.030248
0.550000,0.176471,0.075117,0.178824,0.176471,0.176471,0.176471,0.986595,0.111111,0.752024,0.435964,0.181818,0.048193,0.430914,1.000000,0.113573,0.610916,0.345497,0.228948,0.068570,0.068570
0.150000,0.176471,0.000000,0.176471,0.176471,0.176471,0.176471,0.896336,0.222222,0.705420,0.325519,0.064608,0.000000,0.084394,0.804054,0.138655,0.608401,0.491743,0.419867,0.320295,0.320295
0.350000,0.000000,0.155020,0.168627,0.176471,0.176471,0.176471,0.882931,0.133333,0.742302,0.534635,0.199543,0.340361,0.713680,0.958012,0.142469,0.451834,0.232175,0.211074,0.024526,0.024526
0.350000,0.000000,0.055184,0.175490,0.176471,0.176471,0.176471,0.939231,0.266667,0.588450,0.316041,0.108634,0.040161,0.234147,0.734525,0.126607,0.356203,0.382339,0.325637,0.144803,0.144803
0.150000,0.000000,0.095396,0.167647,0.176471,0.176471,0.176471,0.773905,0.022222,0.725572,0.431830,0.119497,0.064257,0.519092,0.953895,0.174384,0.361828,0.332559,0.307623,0.050437,0.050437
0.150000,0.000000,0.025229,0.175882,0.176471,0.176471,0.176471,0.941019,0.200000,0.759147,0.472100,0.140652,0.047189,0.540305,0.840586,0.126110,0.462496,0.330362,0.276778,0.046777,0.046777
0.150000,0.176471,0.000000,0.176471,0.176471,0.176471,0.176471,0.888293,0.666667,0.725211,0.394742,0.116066,0.043173,0.357757,0.265203,0.140941,0.387651,0.360772,0.313137,0.088953,0.088953
0.150000,0.176471,0.000000,0.176471,0.176471,0.176471,0.176471,0.747096,0.200000,0.747122,0.397770,0.088622,0.019076,0.283339,0.840586,0.182485,0.512821,0.414186,0.363785,0.118524,0.118524
0.350000,0.176471,0.033638,0.177255,0.176471,0.176471,0.176471,0.917784,0.533333,0.706459,0.392973,0.109777,0.068273,0.393762,0.396275,0.132602,0.352435,0.338840,0.323662,0.078133,0.078133
0.150000,0.000000,0.035619,0.175294,0.176471,0.176471,0.176471,0.890974,0.200000,0.752632,0.549969,0.196112,0.079317,0.757482,0.840586,0.140178,0.498164,0.284172,0.215237,0.020350,0.020350
0.850000,0.000000,0.326859,0.930784,1.000000,0.764706,1.000000,0.327078,0.644444,0.079999,0.008560,0.041166,0.016064,0.045064,0.980157,0.928325,0.773542,0.808767,0.732048,0.582006,0.582006
0.850000,0.000000,0.516515,0.800196,0.764706,0.764706,1.000000,0.813226,0.488889,0.384042,0.140713,0.081189,0.035141,0.056186,0.989114,0.545119,0.810421,0.695261,0.550166,0.528282,0.528282
0.850000,0.000000,0.544173,0.749608,0.764706,0.529412,1.000000,0.846291,0.355556,0.506800,0.250926,0.132075,0.047189,0.119596,0.964373,0.534372,0.777979,0.545432,0.401258,0.378639,0.378639
0.850000,0.176471,0.809590,0.696863,0.764706,0.529412,1.000000,0.993744,0.111111,0.713290,0.418435,0.165237,0.051205,0.540305,1.000000,0.111629,0.827501,0.487147,0.360533,0.074336,0.074336
0.150000,0.000000,0.025229,0.175882,0.176471,0.176471,0.176471,0.914209,0.133333,0.624058,0.414730,0.178388,0.063253,0.542369,0.958012,0.133606,0.451354,0.305363,0.232437,0.046442,0.046442
0.350000,0.176471,0.033638,0.177255,0.176471,0.176471,0.176471,0.920465,0.644444,0.804815,0.497545,0.185820,0.213855,0.471391,0.285665,0.131849,0.270948,0.243859,0.224976,0.059459,0.059459
0.150000,0.000000,0.043551,0.174706,0.176471,0.176471,0.176471,0.994638,0.666667,0.573941,0.438469,0.199543,0.346386,0.532049,0.265203,0.111387,0.280637,0.220630,0.210057,0.048147,0.048147
0.150000,0.176471,0.000000,0.176471,0.176471,0.176471,0.176471,0.928508,0.311111,0.659369,0.405454,0.188679,0.118474,0.369568,0.669341,0.129597,0.340569,0.273038,0.222199,0.085202,0.085202
0.150000,0.000000,0.025229,0.175882,0.176471,0.176471,0.176471,0.828418,0.688889,0.584294,0.353640,0.125786,0.039157,0.413026,0.245245,0.158224,0.407332,0.351043,0.297905,0.073033,0.073033
0.150000,0.176471,0.000000,0.176471,0.176471,0.176471,0.176471,0.855228,0.400000,0.600019,0.362446,0.121784,0.060241,0.403050,0.550477,0.150426,0.365131,0.323534,0.304033,0.075556,0.075556
0.150000,0.176471,0.000000,0.176471,0.176471,0.176471,0.176471,0.979446,0.377778,0.660533,0.440601,0.180675,0.052209,0.520468,0.578862,0.115522,0.427296,0.303379,0.230102,0.050140,0.050140
0.850000,0.176471,0.911241,0.403529,0.176471,0.176471,1.000000,0.962466,0.511111,0.752262,0.508338,0.230989,0.377510,0.621144,0.608108,0.120178,0.335718,0.237567,0.190675,0.048446,0.048446
0.850000,0.000000,0.800577,0.448431,0.176471,0.176471,0.529412,0.695264,0.133333,0.598091,0.307878,0.190395,0.104418,0.136567,0.958012,0.198443,0.449667,0.371609,0.272434,0.307533,0.307533
0.150000,0.176471,0.000000,0.176471,0.176471,0.176471,0.176471,0.998213,0.177778,0.716266,0.387400,0.165237,0.016064,0.438252,0.878378,0.110418,0.653954,0.415661,0.246588,0.066786,0.066786
0.150000,0.000000,0.025229,0.175882,0.176471,0.176471,0.176471,0.816801,0.155556,0.754161,0.400074,0.169240,0.023092,0.356610,0.917496,0.161634,0.544508,0.374353,0.242158,0.089442,0.089442
0.150000,0.000000,0.025229,0.175882,0.176471,0.176471,0.176471,0.948168,0.177778,0.611798,0.411165,0.184105,0.055221,0.574934,0.878378,0.124126,0.486265,0.313811,0.226669,0.041459,0.041459
0.850000,0.176471,0.783159,0.507843,0.529412,0.176471,0.764706,0.996425,0.377778,0.527542,0.266472,0.110349,0.028112,0.140466,0.832046,0.178692,0.704451,0.498536,0.375049,0.277882,0.277882
0.450000,0.176471,0.434181,0.330588,0.176471,0.176471,0.529412,0.967828,0.133333,0.549809,0.250569,0.085763,0.012048,0.106639,0.958012,0.118704,0.699508,0.525388,0.431835,0.295020,0.295020
0.850000,0.176471,0.581408,0.528235,0.529412,0.529412,0.529412,0.840929,0.133333,0.374227,0.139928,0.069182,0.016064,0.061805,0.958012,0.169040,0.694122,0.607755,0.488296,0.447985,0.447985
0.850000,0.176471,0.916963,0.459608,0.176471,0.176471,1.000000,0.911528,0.133333,0.645513,0.398547,0.160663,0.015060,0.552574,0.958012,0.134361,0.956098,0.500212,0.356305,0.054280,0.054280
0.450000,0.176471,0.409473,0.290588,0.176471,0.176471,0.529412,0.772118,0.466667,0.732305,0.461709,0.229274,0.339357,0.311776,0.714025,0.174921,0.366273,0.251189,0.207777,0.106181,0.106181
0.450000,0.000000,0.152633,0.167059,0.176471,0.176471,0.176471,0.935657,0.133333,0.980176,0.855237,0.397942,0.393574,0.987616,0.958012,0.016062,0.287370,0.125124,0.107752,0.003436,0.003436
0.150000,0.176471,0.000000,0.176471,0.176471,0.176471,0.176471,0.987489,0.244444,0.560613,0.213890,0.036021,0.012048,0.076023,0.768720,0.113329,0.366090,0.489354,0.508637,0.339522,0.339522
0.150000,0.176471,0.000000,0.176471,0.176471,0.176471,0.176471,0.964254,0.177778,0.607643,0.318433,0.120640,0.155622,0.225548,0.878378,0.119686,0.260724,0.300209,0.305820,0.150320,0.150320
0.150000,0.176471,0.000000,0.176471,0.176471,0.176471,0.176471,0.934763,0.533333,0.618216,0.255366,0.049743,0.012048,0.088751,0.396275,0.127851,0.348613,0.463142,0.462422,0.310933,0.310933
0.150000,0.176471,0.000000,0.176471,0.176471,0.176471,0.176471,0.714030,0.600000,0.634542,0.363538,0.118353,0.059237,0.337347,0.328185,0.192619,0.295895,0.323798,0.309444,0.095975,0.095975
0.150000,0.176471,0.000000,0.176471,0.176471,0.176471,0.176471,0.998213,0.488889,0.685074,0.418435,0.115495,0.286145,0.484119,0.444820,0.110418,0.269279,0.280735,0.314069,0.056905,0.056905
0.150000,0.176471,0.000000,0.176471,0.176471,0.176471,0.176471,0.996425,0.155556,0.687270,0.398733,0.117782,0.107430,0.463708,0.917496,0.110902,0.333162,0.320007,0.310358,0.061067,0.061067
0.150000,0.176471,0.000000,0.176471,0.176471,0.176471,0.176471,0.887399,0.133333,0.616356,0.324386,0.105775,0.051205,0.197569,0.958012,0.141195,0.335863,0.355688,0.330683,0.171519,0.171519
0.150000,0.176471,0.000000,0.176471,0.176471,0.176471,0.176471,0.775693,0.422222,0.671338,0.403349,0.121784,0.207831,0.417498,0.522914,0.173848,0.254432,0.283341,0.304033,0.071818,0.071818
0.150000,0.000000,0.035619,0.175294,0.176471,0.176471,0.176471,0.793566,0.844444,0.524282,0.324958,0.115495,0.225904,0.345717,0.118243,0.168508,0.227631,0.288564,0.314069,0.092998,0.092998
0.350000,0.000000,0.086283,0.171569,0.176471,0.176471,0.176471,0.915996,0.266667,0.806964,0.512788,0.117210,0.028112,0.700952,0.734525,0.133104,0.502322,0.352503,0.311282,0.025826,0.025826
0.350000,0.000000,0.132273,0.171176,0.176471,0.176471,0.176471,0.856122,0.711111,0.725829,0.393843,0.120069,0.064257,0.304552,0.225775,0.150168,0.349213,0.327233,0.306717,0.106566,0.106566
0.150000,0.000000,0.074667,0.171176,0.176471,0.176471,0.176471,0.976765,0.311111,0.790315,0.545467,0.186392,0.063253,0.691090,0.669341,0.116255,0.453208,0.290097,0.224415,0.026839,0.026839
0.450000,0.000000,0.408380,0.284706,0.176471,0.176471,0.529412,0.996425,0.200000,0.653994,0.301414,0.110349,0.056225,0.067997,0.840586,0.110902,0.396113,0.413177,0.344335,0.369461,0.369461
0.450000,0.176471,0.382711,0.267843,0.176471,0.176471,0.529412,0.863271,0.622222,0.582853,0.229650,0.139508,0.131526,0.113519,0.608108,0.148106,0.276923,0.344346,0.298503,0.273454,0.273454
0.450000,0.000000,0.112675,0.177451,0.176471,0.176471,0.176471,0.949955,0.200000,0.532198,0.233239,0.182390,0.272088,0.129916,0.840586,0.123631,0.252694,0.289856,0.228375,0.242647,0.242647
0.625000,0.000000,0.347168,0.467745,0.529412,0.529412,0.529412,0.826631,0.688889,0.190145,0.055251,0.118353,0.166667,0.094255,0.309929,0.387491,0.186795,0.424219,0.376893,0.345585,0.345585
0.850000,0.000000,0.666547,0.573922,0.529412,0.529412,0.764706,0.361930,0.822222,0.000000,0.008400,0.133791,0.164659,0.096205,0.521021,0.567881,0.213620,0.428881,0.346995,0.392175,0.392175
0.850000,0.176471,0.941141,0.537255,0.352941,0.176471,1.000000,0.981233,0.666667,0.605186,0.282758,0.232133,0.288153,0.113519,0.951014,0.115034,0.365162,0.354779,0.258793,0.292847,0.292847
0.150000,0.176471,0.000000,0.176471,0.176471,0.176471,0.176471,0.957105,0.800000,0.837569,0.602031,0.134934,0.143574,0.714368,0.152420,0.121655,0.308425,0.243888,0.284613,0.024457,0.024457
0.450000,0.176471,0.193294,0.194902,0.176471,0.176471,0.176471,0.920465,0.688889,0.829183,0.689666,0.278445,0.323293,0.820204,0.274583,0.131849,0.277953,0.174997,0.159541,0.015074,0.015074
0.450000,0.000000,0.442000,0.337843,0.176471,0.176471,0.529412,0.989276,0.333333,0.926986,0.480681,0.118925,0.152610,0.181401,0.832046,0.112843,0.402245,0.368121,0.355032,0.184776,0.184776
0.150000,0.000000,0.025229,0.175882,0.176471,0.176471,0.176471,0.811439,0.577778,0.892376,0.565274,0.121784,0.040161,0.824447,0.350284,0.163214,0.405413,0.316902,0.304033,0.013804,0.013804
0.150000,0.176471,0.000000,0.176471,0.176471,0.176471,0.176471,0.994638,0.666667,0.709950,0.538092,0.176101,0.344378,0.720330,0.265203,0.111387,0.224903,0.207470,0.234807,0.023872,0.023872
0.150000,0.000000,0.025229,0.175882,0.176471,0.176471,0.176471,0.872207,0.688889,0.754674,0.487562,0.144082,0.063253,0.576081,0.245245,0.145537,0.355467,0.279101,0.272252,0.041232,0.041232
0.150000,0.176471,0.000000,0.176471,0.176471,0.176471,0.176471,0.991063,0.622222,0.899181,0.629552,0.189251,0.332329,0.674464,0.306653,0.112357,0.191025,0.185284,0.221659,0.028799,0.028799
0.650000,0.176471,0.307705,0.208627,0.176471,0.176471,0.176471,0.924039,0.288889,0.766984,0.455660,0.123499,0.052209,0.510951,0.701416,0.130847,0.416208,0.331143,0.303143,0.057810,0.057810
0.650000,0.176471,0.702145,0.412941,0.176471,0.176471,0.764706,0.957105,0.533333,0.744721,0.421737,0.106346,0.075301,0.381149,0.678932,0.121655,0.639144,0.435381,0.358933,0.085749,0.085749
0.150000,0.000000,0.043551,0.174706,0.176471,0.176471,0.176471,0.990170,0.511111,0.796616,0.599789,0.183533,0.292169,0.739135,0.420215,0.009536,0.346527,0.223827,0.227233,0.022046,0.022046
0.650000,0.000000,0.467038,0.353333,0.176471,0.176471,0.529412,0.838248,0.711111,0.733028,0.404792,0.100629,0.024096,0.420594,0.240709,0.155354,0.633755,0.450517,0.366046,0.084810,0.084810
0.850000,0.176471,0.856531,0.585098,0.764706,0.176471,1.000000,0.914209,0.755556,0.648113,0.313580,0.121212,0.084337,0.148492,0.629178,0.183029,0.578033,0.468431,0.429891,0.301428,0.301428
0.150000,0.176471,0.000000,0.176471,0.176471,0.176471,0.176471,0.769437,0.755556,0.742305,0.561210,0.227559,0.072289,0.681803,0.188224,0.175727,0.370002,0.237017,0.188922,0.027865,0.027865
0.150000,0.176471,0.000000,0.176471,0.176471,0.176471,0.176471,0.943700,0.155556,0.787358,0.611187,0.215552,0.214859,0.789474,0.917496,0.125365,0.337245,0.217680,0.198388,0.017571,0.017571
0.150000,0.176471,0.000000,0.176471,0.176471,0.176471,0.176471,0.947274,0.688889,0.816706,0.654415,0.243568,0.092369,0.809770,0.245245,0.124374,0.378519,0.215079,0.177262,0.015901,0.015901
0.450000,0.000000,0.433943,0.306471,0.176471,0.176471,0.529412,0.980340,0.533333,0.924334,0.719969,0.228130,0.365462,0.827543,0.714025,0.102387,0.320571,0.191603,0.196085,0.017108,0.017108
0.350000,0.176471,0.033638,0.177255,0.176471,0.176471,0.176471,0.786416,0.222222,0.596351,0.351278,0.151515,0.070281,0.309483,0.804054,0.170639,0.396003,0.321449,0.262768,0.106618,0.106618
0.150000,0.176471,0.000000,0.176471,0.176471,0.176471,0.176471,0.785523,0.155556,0.695085,0.404576,0.187536,0.067269,0.259603,0.917496,0.170906,0.443190,0.313622,0.223303,0.130126,0.130126
0.150000,0.176471,0.000000,0.176471,0.176471,0.176471,0.176471,0.877569,0.377778,0.691074,0.433731,0.176672,0.078313,0.563238,0.578862,0.144001,0.456522,0.310618,0.234212,0.043161,0.043161
0.150000,0.176471,0.000000,0.176471,0.176471,0.176471,0.176471,0.953530,0.155556,0.585057,0.268612,0.022870,0.004016,0.103199,0.917496,0.122643,0.575443,0.515655,0.561037,0.283501,0.283501
0.150000,0.176471,0.000000,0.176471,0.176471,0.176471,0.176471,0.896336,0.200000,0.642121,0.355182,0.129217,0.032129,0.363146,0.840586,0.138655,0.513891,0.381505,0.292816,0.087224,0.087224
0.150000,0.176471,0.000000,0.176471,0.176471,0.176471,0.176471,0.806077,0.155556,0.750774,0.500350,0.193253,0.089357,0.609907,0.917496,0.164797,0.490029,0.286071,0.217865,0.036519,0.036519
0.150000,0.176471,0.000000,0.176471,0.176471,0.176471,0.176471,0.886506,0.111111,0.781666,0.547657,0.194969,0.045181,0.649123,1.000000,0.141450,0.532664,0.292025,0.216275,0.031590,0.031590
0.150000,0.176471,0.000000,0.176471,0.176471,0.176471,0.176471,0.906166,0.311111,0.896710,0.639467,0.190395,0.276104,0.782823,0.669341,0.135873,0.507908,0.259876,0.220558,0.018127,0.018127
0.650000,0.000000,0.555820,0.351373,0.176471,0.176471,0.529412,0.990170,0.111111,0.898165,0.629885,0.233276,0.159639,0.722394,1.000000,0.112600,0.587531,0.271595,0.222962,0.030015,0.030015
0.150000,0.176471,0.000000,0.176471,0.176471,0.176471,0.176471,0.790885,0.644444,0.772853,0.594321,0.210406,0.155622,0.856668,0.285665,0.169306,0.242562,0.206539,0.202651,0.012330,0.012330
0.950000,0.000000,0.223066,0.162157,0.176471,0.176471,0.176471,0.996425,0.333333,0.783569,0.475867,0.161807,0.155622,0.484577,0.638254,0.008866,0.277365,0.252557,0.257206,0.056815,0.056815
0.150000,0.000000,0.035619,0.175294,0.176471,0.176471,0.176471,0.959786,0.400000,0.766562,0.444332,0.130932,0.095382,0.418759,0.550477,0.120916,0.327410,0.309553,0.290313,0.071597,0.071597
0.150000,0.176471,0.000000,0.176471,0.176471,0.176471,0.176471,0.915996,0.466667,0.643861,0.403133,0.139508,0.098394,0.426557,0.470118,0.133104,0.321845,0.296012,0.278313,0.069540,0.069540
0.150000,0.176471,0.000000,0.176471,0.176471,0.176471,0.176471,0.961573,0.400000,0.702493,0.398062,0.126358,0.071285,0.357184,0.550477,0.120424,0.304566,0.308438,0.297064,0.089141,0.089141
0.350000,0.000000,0.060619,0.174902,0.176471,0.176471,0.176471,0.962466,0.155556,0.727500,0.444177,0.119497,0.145582,0.502809,0.917496,0.120178,0.319626,0.281112,0.307623,0.055946,0.055946
0.150000,0.000000,0.025229,0.175882,0.176471,0.176471,0.176471,0.849866,0.111111,0.666672,0.417778,0.131504,0.252008,0.470244,1.000000,0.151978,0.240920,0.260652,0.289486,0.059726,0.059726
0.150000,0.000000,0.025229,0.175882,0.176471,0.176471,0.176471,0.835567,0.488889,0.625498,0.438063,0.205832,0.333333,0.468410,0.444820,0.156135,0.177843,0.208814,0.206583,0.060084,0.060084
0.450000,0.176471,0.333870,0.238824,0.176471,0.176471,0.176471,0.857015,0.755556,0.643929,0.332423,0.113208,0.076305,0.187249,0.468147,0.149910,0.293354,0.349447,0.332708,0.179105,0.179105
0.450000,0.176471,0.436732,0.341176,0.176471,0.176471,0.529412,0.865952,0.533333,0.593423,0.283523,0.070326,0.036145,0.135076,0.396275,0.147334,0.506328,0.475147,0.463342,0.237961,0.237961
0.150000,0.176471,0.000000,0.176471,0.176471,0.176471,0.176471,0.715818,0.422222,0.707371,0.413183,0.120069,0.079317,0.403853,0.522914,0.192067,0.344523,0.317554,0.306717,0.075342,0.075342
0.150000,0.176471,0.000000,0.176471,0.176471,0.176471,0.176471,0.979446,0.266667,0.763812,0.521920,0.191538,0.207831,0.542369,0.734525,0.115522,0.322445,0.234904,0.219474,0.046442,0.046442
0.150000,0.176471,0.000000,0.176471,0.176471,0.176471,0.176471,0.918677,0.288889,0.784423,0.487638,0.169811,0.082329,0.581929,0.701416,0.132351,0.362853,0.291962,0.241516,0.040446,0.040446
0.150000,0.176471,0.000000,0.176471,0.176471,0.176471,0.176471,0.562109,0.644444,0.742915,0.556059,0.178388,0.112450,0.793258,0.285665,0.241318,0.323345,0.246765,0.232454,0.017249,0.017249
0.150000,0.176471,0.000000,0.176471,0.176471,0.176471,0.176471,0.921358,0.111111,0.734006,0.393855,0.117210,0.080321,0.265795,1.000000,0.131598,0.371397,0.335530,0.311282,0.127563,0.127563
0.350000,0.176471,0.058068,0.178824,0.176471,0.176471,0.176471,0.957105,0.133333,0.804475,0.355780,0.117782,0.087349,0.105951,0.958012,0.121655,0.315826,0.360256,0.310358,0.278166,0.278166
0.450000,0.000000,0.422628,0.404314,0.529412,0.176471,0.529412,0.890974,0.466667,0.584771,0.222395,0.115495,0.130522,0.105034,0.801294,0.027495,0.317205,0.408314,0.354333,0.316556,0.316556
0.450000,0.000000,0.378837,0.446471,0.529412,0.529412,0.529412,0.909741,0.533333,0.545259,0.224389,0.118925,0.106426,0.103543,0.714025,0.226618,0.387098,0.426703,0.345835,0.344017,0.344017
0.850000,0.176471,0.865629,0.726275,1.000000,0.176471,1.000000,0.950849,0.266667,0.555300,0.234447,0.040023,0.024096,0.085426,0.980157,0.211384,0.847937,0.699636,0.664868,0.452302,0.452302
0.850000,0.176471,0.963244,0.589412,0.764706,0.176471,1.000000,0.748883,0.688889,0.592692,0.352248,0.136078,0.075301,0.301456,0.841377,0.181942,0.595054,0.441790,0.361072,0.123852,0.123852
0.150000,0.176471,0.000000,0.176471,0.176471,0.176471,0.176471,0.935657,0.111111,0.715072,0.455888,0.167524,0.214859,0.471047,1.000000,0.127602,0.328495,0.264371,0.244086,0.059642,0.059642
0.650000,0.176471,0.559622,0.344314,0.176471,0.176471,0.529412,0.790885,0.266667,0.557100,0.317058,0.122356,0.075301,0.165348,0.734525,0.169306,0.380750,0.371667,0.337907,0.234670,0.234670
0.850000,0.000000,0.706915,0.692549,0.764706,0.529412,0.764706,0.955317,0.377778,0.590800,0.241075,0.105775,0.074297,0.089325,0.895495,0.175190,0.695007,0.565022,0.445451,0.382051,0.382051
0.150000,0.176471,0.000000,0.176471,0.176471,0.176471,0.176471,0.994638,0.400000,0.700071,0.401592,0.114923,0.060241,0.440087,0.550477,0.111387,0.339603,0.323977,0.315010,0.066420,0.066420
0.150000,0.176471,0.000000,0.176471,0.176471,0.176471,0.176471,0.649687,0.155556,0.613153,0.330117,0.102916,0.084337,0.184497,0.917496,0.212806,0.348659,0.361636,0.335810,0.181462,0.181462
0.650000,0.176471,0.666038,0.362745,0.176471,0.176471,0.764706,0.979446,0.266667,0.335647,0.151898,0.103488,0.106426,0.102855,1.000000,0.115522,0.401121,0.434291,0.365439,0.296820,0.296820
0.650000,0.000000,0.461396,0.246471,0.176471,0.176471,0.176471,0.941912,0.222222,0.293865,0.100904,0.119497,0.122490,0.110882,0.957053,0.125861,0.347116,0.385145,0.308529,0.282587,0.282587
0.850000,0.000000,1.000000,0.528039,0.176471,0.176471,1.000000,0.921358,0.488889,0.547126,0.256044,0.181818,0.338353,0.138516,0.841377,0.177774,0.253487,0.321763,0.281617,0.265181,0.265181
0.450000,0.176471,0.071238,0.178824,0.176471,0.176471,0.176471,0.984808,0.133333,0.744913,0.444431,0.132075,0.128514,0.416581,0.958012,0.114059,0.374485,0.298085,0.288667,0.072289,0.072289
0.850000,0.000000,0.706503,0.525098,0.529412,0.176471,0.764706,0.981233,0.444444,0.759492,0.468062,0.122356,0.231928,0.629171,0.980157,0.201234,0.635971,0.404037,0.373867,0.047734,0.047734
0.350000,0.176471,0.033638,0.177255,0.176471,0.176471,0.176471,0.678284,0.222222,0.614585,0.313344,0.093768,0.020080,0.205022,0.804054,0.203757,0.482813,0.424649,0.354333,0.165097,0.165097
0.150000,0.176471,0.000000,0.176471,0.176471,0.176471,0.176471,0.899911,0.222222,0.682910,0.409656,0.153230,0.032129,0.451554,0.804054,0.137642,0.496969,0.356324,0.261122,0.063709,0.063709
0.150000,0.176471,0.000000,0.176471,0.176471,0.176471,0.176471,0.948168,0.111111,0.662835,0.392824,0.186964,0.036145,0.410503,1.000000,0.124126,0.667688,0.352514,0.223859,0.073591,0.073591
0.150000,0.176471,0.000000,0.176471,0.176471,0.176471,0.176471,0.890080,0.244444,0.670740,0.455920,0.184677,0.051205,0.612888,0.768720,0.140432,0.535276,0.317366,0.226100,0.036132,0.036132
0.150000,0.176471,0.000000,0.176471,0.176471,0.176471,0.176471,0.977659,0.377778,0.699823,0.410794,0.185249,0.032129,0.418530,0.578862,0.116011,0.449504,0.316677,0.225540,0.071528,0.071528
0.150000,0.176471,0.000000,0.176471,0.176471,0.176471,0.176471,0.542449,0.600000,0.509114,0.283199,0.165809,0.019076,0.274968,0.328185,0.247890,0.433459,0.369794,0.245940,0.122108,0.122108
0.150000,0.176471,0.000000,0.176471,0.176471,0.176471,0.176471,0.991063,0.266667,0.709318,0.465887,0.187536,0.067269,0.486527,0.734525,0.112357,0.509519,0.294167,0.223303,0.056414,0.056414
0.150000,0.176471,0.000000,0.176471,0.176471,0.176471,0.176471,0.914209,0.155556,0.592459,0.338114,0.154946,0.023092,0.353859,0.917496,0.133606,0.517135,0.363706,0.258583,0.090245,0.090245
0.150000,0.176471,0.000000,0.176471,0.176471,0.176471,0.176471,0.878463,0.177778,0.671613,0.390091,0.177244,0.060241,0.398349,0.878378,0.143746,0.458712,0.328913,0.233617,0.076831,0.076831
0.650000,0.000000,0.519554,0.275882,0.176471,0.176471,0.485294,0.982127,0.600000,0.851273,0.625853,0.232704,0.171687,0.739365,0.460622,0.018330,0.441195,0.232325,0.188626,0.024193,0.024193
0.350000,0.176471,0.033638,0.177255,0.176471,0.176471,0.176471,1.000000,0.111111,0.451186,0.205053,0.121212,0.007028,0.142186,1.000000,0.109934,0.529959,0.445449,0.304922,0.225310,0.225310
0.650000,0.176471,0.347284,0.536471,0.529412,0.529412,0.529412,0.957105,0.333333,0.434899,0.211820,0.138365,0.068273,0.102397,1.000000,0.343654,0.613447,0.494489,0.343163,0.357281,0.357281
0.650000,0.000000,0.517580,0.274118,0.176471,0.176471,0.176471,0.948168,0.266667,0.555311,0.261083,0.100629,0.015060,0.088637,0.957053,0.095595,0.656480,0.498059,0.348725,0.311210,0.311210
0.650000,0.000000,0.698473,0.347451,0.176471,0.176471,0.764706,0.949955,0.600000,0.636066,0.300568,0.036592,0.004016,0.196193,0.837136,0.012452,0.650293,0.507192,0.528081,0.209938,0.209938
0.650000,0.000000,0.695221,0.466471,0.529412,0.176471,0.764706,0.851653,0.644444,0.555738,0.171828,0.098914,0.011044,0.068799,0.563575,0.151460,0.695361,0.569741,0.353195,0.383437,0.383437
0.450000,0.000000,0.435485,0.380392,0.529412,0.176471,0.529412,1.000000,0.377778,0.154149,0.044693,0.134362,0.207831,0.095058,0.929810,0.109934,0.240857,0.391925,0.303143,0.317011,0.317011
0.450000,0.000000,0.398064,0.269412,0.176471,0.176471,0.529412,0.894549,0.177778,0.406364,0.126912,0.101201,0.051205,0.073386,0.878378,0.139163,0.395537,0.444756,0.355032,0.352784,0.352784
0.450000,0.000000,0.382530,0.259020,0.176471,0.176471,0.176471,0.985702,0.111111,0.534727,0.205242,0.130932,0.127510,0.103658,1.000000,0.113816,0.303182,0.368422,0.305820,0.298933,0.298933
0.850000,0.000000,0.825984,0.354314,0.176471,0.176471,0.176471,0.753351,0.177778,0.404267,0.155443,0.109777,0.064257,0.099071,0.980157,0.180586,0.587385,0.458710,0.331680,0.312326,0.312326
0.150000,0.000000,0.043551,0.174706,0.176471,0.176471,0.176471,0.991957,0.422222,0.733916,0.321215,0.116066,0.083333,0.096434,0.522914,0.058347,0.279691,0.359184,0.313137,0.295516,0.295516
0.150000,0.000000,0.035619,0.175294,0.176471,0.176471,0.176471,0.957105,0.111111,0.743761,0.491232,0.133791,0.320281,0.557964,1.000000,0.121655,0.228970,0.224000,0.286230,0.043987,0.043987
0.450000,0.176471,0.394476,0.276471,0.176471,0.176471,0.529412,0.499553,0.711111,0.527531,0.340035,0.124643,0.102410,0.348469,0.225775,0.391015,0.323807,0.320946,0.306717,0.093338,0.093338
0.650000,0.176471,0.460973,0.639216,0.764706,0.529412,0.764706,0.966935,0.377778,0.439179,0.181985,0.119497,0.236948,0.112028,0.578862,0.261842,0.367814,0.451665,0.404467,0.344833,0.344833
0.850000,0.176471,0.641648,0.688627,0.764706,0.529412,0.764706,0.955317,0.133333,0.642289,0.297058,0.118353,0.016064,0.116730,0.958012,0.122149,0.753512,0.570594,0.462224,0.351570,0.351570
0.850000,0.176471,0.585210,0.906275,1.000000,1.000000,1.000000,0.927614,0.688889,0.419735,0.192215,0.112064,0.052209,0.131866,0.790383,0.217091,0.703299,0.582678,0.487767,0.347671,0.347671
0.850000,0.176471,0.803820,0.641961,0.529412,0.529412,1.000000,0.849866,0.133333,0.525136,0.267053,0.109777,0.032129,0.147001,0.980157,0.151978,0.693073,0.544863,0.460386,0.293558,0.293558
0.650000,0.176471,0.678091,0.529412,0.764706,0.176471,0.764706,0.966935,0.466667,0.430867,0.154660,0.027444,0.019076,0.064442,0.781731,0.118949,0.678630,0.663116,0.671632,0.404071,0.404071
0.450000,0.000000,0.410135,0.288824,0.176471,0.176471,0.529412,0.979446,0.400000,0.517946,0.293762,0.121212,0.120482,0.264190,0.742318,0.115522,0.316680,0.353255,0.346508,0.128314,0.128314
0.450000,0.176471,0.404872,0.285882,0.176471,0.176471,0.529412,0.882931,0.444444,0.523170,0.327621,0.122356,0.067269,0.443183,0.496139,0.142469,0.469159,0.365044,0.320757,0.071245,0.071245
0.450000,0.176471,0.426982,0.314118,0.176471,0.176471,0.529412,0.983914,0.333333,0.469223,0.181783,0.117782,0.047189,0.106295,0.638254,0.184118,0.405620,0.426638,0.356977,0.318196,0.318196
0.650000,0.000000,0.473747,0.265490,0.176471,0.176471,0.176471,0.668454,0.177778,0.546961,0.209415,0.117782,0.032129,0.094599,0.878378,0.209681,0.422248,0.424596,0.323002,0.319195,0.319195
0.450000,0.000000,0.103693,0.180588,0.176471,0.176471,0.176471,0.954424,0.222222,0.823442,0.535669,0.183533,0.130522,0.730535,0.804054,0.117552,0.388447,0.271146,0.227802,0.022866,0.022866
0.450000,0.000000,0.328442,0.232353,0.176471,0.176471,0.176471,0.799821,0.200000,0.446360,0.135359,0.094911,0.012048,0.071666,0.840586,0.166650,0.421153,0.470761,0.364636,0.362877,0.362877
0.650000,0.000000,0.528273,0.310784,0.176471,0.176471,0.529412,0.650581,0.155556,0.334154,0.087679,0.109205,0.019076,0.100906,0.989114,0.226327,0.533894,0.478282,0.339777,0.321605,0.321605
0.450000,0.000000,0.412415,0.288235,0.176471,0.176471,0.529412,0.891868,0.155556,0.114572,0.016887,0.097770,0.031124,0.078890,0.917496,0.217952,0.363336,0.484303,0.374676,0.374968,0.374968
0.450000,0.000000,0.456492,0.207647,0.176471,0.000000,0.176471,1.000000,0.288889,0.494511,0.220240,0.122927,0.036145,0.126476,1.000000,0.000000,0.518890,0.390268,0.292808,0.244258,0.244258
0.650000,0.000000,0.494180,0.268627,0.176471,0.176471,0.529412,0.921358,0.333333,0.608685,0.362098,0.145798,0.132530,0.309827,0.863690,0.043187,0.390847,0.305366,0.295357,0.101663,0.101663
0.450000,0.000000,0.390800,0.225882,0.176471,0.176471,0.176471,0.603217,0.133333,0.346006,0.143922,0.118925,0.044177,0.128884,0.958012,0.191874,0.402515,0.395227,0.313436,0.241468,0.241468
0.450000,0.000000,0.368086,0.253137,0.176471,0.176471,0.176471,0.955317,0.355556,0.357825,0.110913,0.112064,0.200803,0.107212,0.964373,0.122149,0.227888,0.369664,0.337907,0.287142,0.287142
0.150000,0.176471,0.000000,0.176471,0.176471,0.176471,0.176471,0.985702,0.111111,0.665867,0.311192,0.103488,0.055221,0.142988,1.000000,0.113816,0.363620,0.369813,0.334773,0.224362,0.224362
0.150000,0.176471,0.000000,0.176471,0.176471,0.176471,0.176471,0.957105,0.244444,0.588946,0.352458,0.121212,0.139558,0.400413,0.768720,0.121655,0.265929,0.288832,0.304922,0.076271,0.076271
0.150000,0.176471,0.000000,0.176471,0.176471,0.176471,0.176471,0.696157,0.200000,0.447157,0.226199,0.105203,0.060241,0.139090,0.840586,0.198164,0.281513,0.360228,0.331680,0.229173,0.229173
0.150000,0.176471,0.000000,0.176471,0.176471,0.176471,0.176471,0.968722,0.533333,0.613812,0.329623,0.105775,0.056225,0.281963,0.396275,0.118458,0.316712,0.344342,0.330663,0.118934,0.118934
0.150000,0.176471,0.000000,0.176471,0.176471,0.176471,0.176471,0.702413,0.222222,0.490942,0.274636,0.112636,0.072289,0.234262,0.804054,0.196218,0.329517,0.344844,0.318810,0.144983,0.144983
0.150000,0.000000,0.050204,0.174118,0.176471,0.176471,0.176471,0.664879,0.422222,0.431345,0.202895,0.081761,0.023092,0.135076,0.522914,0.207983,0.368420,0.418011,0.378355,0.234332,0.234332
0.150000,0.176471,0.000000,0.176471,0.176471,0.176471,0.176471,0.859696,0.222222,0.366303,0.216010,0.104059,0.032129,0.240110,0.804054,0.149136,0.354072,0.372149,0.333735,0.141177,0.141177
0.850000,0.176471,0.905132,0.534510,0.529412,0.176471,1.000000,0.899911,0.333333,0.553688,0.224427,0.037736,0.016064,0.114207,1.000000,0.137642,0.767493,0.619607,0.584191,0.340084,0.340084
0.650000,0.000000,0.617005,0.210588,0.176471,0.000000,0.411765,0.910634,0.022222,0.877067,1.000000,0.989708,1.000000,1.000000,0.953895,0.028420,0.193247,0.017895,0.000000,0.000000,0.000000
0.350000,0.000000,0.352004,0.111961,0.000000,0.000000,0.176471,1.000000,0.400000,0.763222,0.905933,1.000000,0.949799,0.897489,0.781002,0.000000,0.084158,0.000000,0.002327,0.006192,0.006192
0.150000,0.176471,0.000000,0.176471,0.176471,0.176471,0.176471,0.898123,0.222222,0.576940,0.320695,0.097770,0.046185,0.338493,0.804054,0.138149,0.395634,0.364536,0.345438,0.095524,0.095524
0.150000,0.176471,0.000000,0.176471,0.176471,0.176471,0.176471,0.764075,0.244444,0.559912,0.319317,0.115495,0.108434,0.310744,0.768720,0.177343,0.323243,0.317814,0.314069,0.106085,0.106085
0.425000,0.000000,0.322820,0.133431,0.176471,0.000000,0.176471,0.849866,0.022222,0.877065,0.725376,0.515152,0.213855,0.797844,0.953895,0.038222,0.375081,0.161103,0.072451,0.014070,0.014070
0.150000,0.000000,0.092323,0.168235,0.176471,0.176471,0.176471,0.906166,0.044444,0.634619,0.324105,0.104059,0.032129,0.164775,1.000000,0.135873,0.423373,0.378626,0.330663,0.200067,0.200067
0.150000,0.176471,0.000000,0.176471,0.176471,0.176471,0.176471,0.537087,0.177778,0.523629,0.267745,0.101201,0.032129,0.150212,0.878378,0.249694,0.413190,0.394300,0.338965,0.215816,0.215816
0.350000,0.000000,0.087944,0.176667,0.176471,0.176471,0.176471,0.831993,0.333333,0.607041,0.379327,0.156089,0.317269,0.371173,0.638254,0.157179,0.195705,0.234202,0.257229,0.084708,0.084708
0.150000,0.000000,0.025229,0.175882,0.176471,0.176471,0.176471,0.954424,0.400000,0.502749,0.210688,0.085763,0.039157,0.104346,0.550477,0.122396,0.317404,0.412120,0.369647,0.280980,0.280980
0.150000,0.176471,0.000000,0.176471,0.176471,0.176471,0.176471,0.725648,0.311111,0.496400,0.254482,0.101772,0.032129,0.192180,0.669341,0.189040,0.371571,0.384447,0.337949,0.174981,0.174981
0.150000,0.000000,0.043551,0.174706,0.176471,0.176471,0.176471,0.995532,0.377778,0.469112,0.247124,0.084620,0.020080,0.221878,0.578862,0.111144,0.420191,0.411405,0.372100,0.150387,0.150387
0.150000,0.000000,0.035619,0.175294,0.176471,0.176471,0.176471,0.963360,0.111111,0.581420,0.290463,0.110349,0.048193,0.230478,1.000000,0.119932,0.384042,0.365326,0.322684,0.147085,0.147085
0.150000,0.176471,0.000000,0.176471,0.176471,0.176471,0.176471,0.670241,0.200000,0.457355,0.220722,0.083476,0.024096,0.127967,0.840586,0.206289,0.424395,0.443368,0.374593,0.244207,0.244207
0.150000,0.176471,0.000000,0.176471,0.176471,0.176471,0.176471,0.815907,0.111111,0.474379,0.219750,0.048599,0.015060,0.119596,1.000000,0.161897,0.416637,0.463156,0.465951,0.256083,0.256083
0.150000,0.176471,0.000000,0.176471,0.176471,0.176471,0.176471,0.519214,0.133333,0.543133,0.361447,0.146369,0.136546,0.401101,0.958012,0.255740,0.312000,0.272579,0.269260,0.076081,0.076081
0.625000,0.176471,0.079891,0.178333,0.176471,0.176471,0.176471,0.931189,0.177778,0.527101,0.312202,0.116638,0.079317,0.377365,0.878378,0.128848,0.338580,0.329994,0.312205,0.082833,0.082833
0.150000,0.000000,0.035619,0.175294,0.176471,0.176471,0.176471,0.993744,0.177778,0.589942,0.365208,0.130932,0.071285,0.354432,0.878378,0.111629,0.368957,0.296871,0.290313,0.090043,0.090043
0.150000,0.000000,0.035619,0.175294,0.176471,0.176471,0.176471,0.950849,0.377778,0.657378,0.392255,0.141224,0.080321,0.329549,0.578862,0.123384,0.342502,0.290808,0.276007,0.098767,0.098767
0.150000,0.176471,0.000000,0.176471,0.176471,0.176471,0.176471,0.531725,0.133333,0.469485,0.273818,0.122356,0.060241,0.246187,0.958012,0.251502,0.313795,0.338511,0.303152,0.137878,0.137878
0.150000,0.176471,0.000000,0.176471,0.176471,0.176471,0.176471,0.739053,0.355556,0.459657,0.235948,0.101201,0.031124,0.187020,0.608108,0.184936,0.371867,0.396302,0.338965,0.179516,0.179516
0.150000,0.176471,0.000000,0.176471,0.176471,0.176471,0.176471,0.959786,0.244444,0.542767,0.290918,0.120069,0.055221,0.275427,0.768720,0.120916,0.339832,0.344077,0.306726,0.121882,0.121882
0.150000,0.176471,0.000000,0.176471,0.176471,0.176471,0.176471,0.830206,0.111111,0.538351,0.244467,0.035449,0.008032,0.168673,1.000000,0.157701,0.481048,0.469656,0.510729,0.196226,0.196226
0.850000,0.176471,0.896522,0.650196,0.764706,0.176471,1.000000,0.972297,0.622222,0.643984,0.372968,0.169240,0.349398,0.343768,0.755068,0.147334,0.401430,0.345638,0.317063,0.117107,0.117107
0.850000,1.000000,0.000000,1.000000,1.000000,1.000000,1.000000,0.197498,0.711111,0.194802,0.011573,0.000000,0.004016,0.000000,0.894858,1.000000,0.775610,1.000000,1.000000,1.000000,1.000000
0.850000,0.529412,0.255273,0.967843,1.000000,1.000000,1.000000,0.478105,0.666667,0.347138,0.144161,0.105775,0.067269,0.106754,0.951014,0.521369,0.645884,0.630188,0.501683,0.417928,0.417928
0.850000,0.176471,0.826878,0.656863,0.764706,0.176471,1.000000,0.955317,0.355556,0.417220,0.204241,0.108634,0.088353,0.073615,0.841377,0.122149,0.583895,0.530624,0.443551,0.371504,0.371504
0.850000,0.176471,0.901135,0.705882,1.000000,0.176471,1.000000,0.797140,0.666667,0.311562,0.112344,0.041166,0.016064,0.051256,0.951014,0.249995,0.795982,0.709964,0.631104,0.511484,0.511484
0.150000,0.176471,0.000000,0.176471,0.176471,0.176471,0.176471,0.957998,0.266667,0.798755,0.586350,0.217267,0.138554,0.664947,0.734525,0.121409,0.336591,0.221078,0.197440,0.029743,0.029743
0.150000,0.176471,0.000000,0.176471,0.176471,0.176471,0.176471,0.808758,0.422222,0.673852,0.464433,0.174957,0.135542,0.563811,0.522914,0.164005,0.336665,0.258780,0.236024,0.043068,0.043068
0.850000,0.176471,0.839086,0.598824,0.764706,0.176471,1.000000,0.985702,0.422222,0.408714,0.249556,0.125214,0.164659,0.195276,0.650705,0.230994,0.526779,0.425949,0.404119,0.216856,0.216856
0.150000,0.176471,0.000000,0.176471,0.176471,0.176471,0.176471,0.941912,0.777778,0.640385,0.460156,0.176101,0.105422,0.601766,0.170111,0.125861,0.311264,0.257303,0.234848,0.037611,0.037611
0.150000,0.176471,0.000000,0.176471,0.176471,0.176471,0.176471,0.936550,0.111111,0.703277,0.534901,0.242996,0.174699,0.555670,1.000000,0.127353,0.295123,0.202434,0.177662,0.044330,0.044330
0.150000,0.176471,0.000000,0.176471,0.176471,0.176471,0.176471,0.938338,0.355556,0.735378,0.566506,0.241281,0.305221,0.622406,0.608108,0.126855,0.264653,0.185250,0.178868,0.034910,0.034910
0.150000,0.000000,0.025229,0.175882,0.176471,0.176471,0.176471,0.923146,0.866667,0.669448,0.437690,0.180103,0.154618,0.488476,0.101731,0.131097,0.208282,0.234873,0.230683,0.056038,0.056038
