0.999249249249,0.74,0.936550208345,0.745434143801,0.327653532126,0.510737628385,0.766145067865,0.75,1.0,0.955051969295,0.75427769986,1.0,0.272727272727,1.0,0.68058076225,0.152275956835,0.318067002197,0.13713727582,0.122247484222,0.0160037551594,0.117625504574
0.97972972973,1.0,1.0,1.0,1.0,1.0,1.0,0.75,1.0,0.634023983339,1.0,1.0,1.0,1.0,0.163141498606,0.253184173472,0.0,0.0,0.0,0.0,0.0
0.921921921922,0.84,0.849371681291,0.691491120396,0.491657791977,0.484593837535,0.67865479381,0.75,1.0,0.866457074128,0.753436185133,1.0,0.636363636364,1.0,0.386996904025,0.0584947692791,0.37909953937,0.149016694425,0.0700476750475,0.0280066822737,0.124430926795
0.996996996997,0.12,0.61412232758,0.319655396162,0.0670926517572,0.111111111111,0.218639232299,0.75,1.0,0.675834924865,0.249088359046,0.0,0.0,0.2,0.751879699248,0.00220476681646,0.557129774158,0.466276301842,0.458972832782,0.121924165164,0.565967860854
0.925675675676,0.12,0.524187310312,0.212409953752,0.0599929002485,0.113912231559,0.0602576294631,0.75,1.0,0.468300296033,0.119214586255,0.0,0.0,0.2,0.751879699248,0.0556257134506,0.486452030607,0.539166822923,0.475819349001,0.399225872535,0.565967860854
0.704954954955,0.06,0.303634252465,0.10564393141,0.0283990060348,0.0709617180205,0.0325927206709,0.625,1.0,0.292343043543,0.0610098176718,0.0,0.0,0.0,0.868917576961,0.23490888327,0.50293007453,0.656219550703,0.61545022931,0.558512139677,0.609433267234
0.783783783784,0.0,0.379710793423,0.15032092214,0.0607028753994,0.093370681606,0.0420160802282,0.15,1.0,0.154684896492,0.0260869565217,0.0,0.0,0.0,1.0,0.168310925527,0.408443615876,0.536240876867,0.445907655343,0.505038730427,0.544851087624
0.905405405405,0.0,0.463508607516,0.164213771755,0.0255591054313,0.0662931839402,0.0298262297916,0.15,1.0,0.123771565641,0.0159887798036,0.0,0.0,0.0,1.0,0.0711885459526,0.476032585196,0.64128178695,0.630460205756,0.583216563897,0.621883428275
0.899399399399,0.06,0.491321310666,0.185052012944,0.0592829250976,0.0859010270775,0.0386444194692,1.0,1.0,0.338637036642,0.0429172510519,0.0,0.0,0.0,0.868917576961,0.0758329229353,0.499907092248,0.556543192781,0.45454525672,0.5136917043,0.573835995998
0.956456456456,0.04,0.304789712017,0.128751152055,0.0610578629748,0.0746965452848,0.0497103829861,0.75,1.0,0.542316254465,0.154558204769,0.0,0.0,0.2,0.918744228994,0.0323184374176,0.505005503265,0.603348294762,0.488136547128,0.489380993683,0.619355596716
0.731981981982,0.18,0.400506257246,0.213922606723,0.117145899894,0.406162464986,0.116106164087,0.75,1.0,0.502689387845,0.187096774194,0.0,0.0,0.2,0.910931174089,0.21173596599,0.24040683965,0.315631399847,0.292076087959,0.256808005823,0.183590606673
0.99024024024,0.0,0.393548685158,0.205631945908,0.0692225772098,0.0672268907563,0.150427941558,1.0,1.0,0.472172971265,0.16858345021,0.272727272727,0.0,0.2,1.0,0.00717842366128,0.594846187727,0.491271932513,0.436547523623,0.185978507664,0.660990469444
0.971471471471,0.26,0.545081040917,0.25037713001,0.0635427760028,0.0746965452848,0.115068730008,0.75,1.0,1.0,0.430014025245,0.272727272727,0.0,0.733333333333,0.950988582568,0.0210888034346,1.0,0.673423765671,0.532695167539,0.253171990964,0.818629342892
0.887387387387,0.48,0.28489671463,0.142933306883,0.0766773162939,0.31279178338,0.0658770640616,0.75,1.0,0.691876726794,0.312762973352,0.272727272727,0.0,0.466666666667,0.614035087719,0.369059781431,0.333548604632,0.480150773772,0.422855564342,0.401914743129,0.405165743929
0.987237237237,0.1,0.567938457603,0.281446443406,0.08164714235,0.380952380952,0.116624881127,0.75,1.0,0.69096743556,0.228050490884,0.0,0.0,0.2,0.789473684211,0.00939470475894,0.306827868145,0.363508977036,0.392321777605,0.240890613947,0.256003552219
0.948198198198,0.92,0.495323285961,0.244260391223,0.0745473908413,0.170868347339,0.157257715916,0.75,1.0,0.845404615878,0.306872370266,0.272727272727,0.0,0.2,0.0971177944862,0.0385335649988,0.360680186149,0.44608048408,0.445907655343,0.269384331579,0.461638636884
0.903153153153,0.1,0.756391314499,0.372032038486,0.0795172168974,0.18954248366,0.165557188554,0.75,1.0,0.462818121228,0.155960729313,0.0,0.0,0.2,1.0,0.0729283995554,0.5253308626,0.393179079582,0.393391653073,0.17254189992,0.40572125724
0.904654654655,0.16,0.577127289487,0.268518633322,0.0738374156905,0.0746965452848,0.145845941039,0.75,1.0,0.702228073295,0.25778401122,0.0,0.0,0.466666666667,0.703794369645,0.0717682591272,0.81469511514,0.564249356904,0.41899991862,0.195008996718,0.743711860871
0.90990990991,0.08,0.489700312315,0.255175463612,0.115725949592,0.402427637722,0.130803146883,0.75,1.0,0.66991679878,0.28190743338,0.272727272727,0.0,0.466666666667,0.828460038986,0.0677152562398,0.423231545195,0.358134601159,0.319834294009,0.23434556302,0.206004236281
0.0780780780781,0.32,0.0,0.0230224955468,0.0,0.0485527544351,0.024984870753,0.75,1.0,0.792513649132,0.521178120617,0.636363636364,0.272727272727,0.733333333333,0.572082379863,0.896503077839,0.714376235021,1.0,1.0,0.687895667435,1.0
0.0,0.08,0.225681390152,0.141538442463,0.0670926517572,0.0961718020542,0.0887870666551,0.55,1.0,0.389108532446,0.159887798036,0.0,0.0,0.2,0.828460038986,1.0,0.427119558004,0.515372723785,0.466919760186,0.310060528569,0.583095233935
0.762012012012,0.0,0.566365948872,0.142265838427,0.00141995030174,0.0,0.0225641912337,0.15,1.0,0.170900558233,0.0328190743338,0.0,0.0,0.0,1.0,0.186406137079,0.779607067178,0.920704950289,0.863553172401,0.6621185256,0.822150173431
0.876876876877,0.02,0.464211819517,0.139767481267,0.00958466453674,0.0177404295051,0.0484135903864,0.75,1.0,0.443740367361,0.104347826087,0.0,0.0,0.2,0.954592363261,0.0933861901604,0.825654368103,0.802379323041,0.777117469393,0.469441025594,0.808100353083
0.847597597598,0.28,0.689297182763,0.339710446811,0.087326943557,0.193277310924,0.104002766491,0.35,1.0,0.235258069988,0.039270687237,0.0,0.0,0.0,0.493421052632,0.116533669379,0.490366638977,0.377405539802,0.356172574369,0.260941553892,0.36468403715
0.827327327327,0.68,0.630945708847,0.305576564625,0.0582179623713,0.0597572362278,0.14204201608,0.35,1.0,0.159559786185,0.0246844319776,0.0,0.0,0.0,0.062656641604,0.132780579321,0.473876382716,0.501911621151,0.461994483715,0.214313724176,0.62946692295
0.894144144144,0.36,0.753559042191,0.398336081733,0.0788072417465,0.167133520075,0.341402265064,0.35,1.0,0.181827282322,0.0308555399719,0.0,0.0,0.0,0.557275541796,0.0799092980612,0.373481107356,0.359689682861,0.385525170949,0.0602880832831,0.413514096137
0.956456456456,0.24,0.797016824399,0.41005500932,0.0773872914448,0.332399626517,0.361891588139,0.9,1.0,0.325631848484,0.0516129032258,0.0,0.0,0.0,0.738539898132,0.0323184374176,0.312764799967,0.33899814075,0.392321777605,0.0639347809419,0.201670656649
0.996996996997,0.02,0.733728752916,0.285571109155,0.0610578629748,0.0177404295051,0.0619002334227,0.15,1.0,0.140451788999,0.0210378681627,0.0,0.0,0.0,1.0,0.00220476681646,0.949137009009,0.660994812184,0.45948617744,0.388781870079,0.771052080319
0.867117117117,0.02,0.661981337537,0.236850044842,0.00958466453674,0.0224089635854,0.0471167977868,0.15,1.0,0.0505626440395,0.00252454417952,0.0,0.0,0.0,0.954592363261,0.101060421815,0.756287281954,0.706078461303,0.763562301229,0.460998727573,0.742288036718
0.701201201201,0.0,0.268101872902,0.076310449291,0.00283990060348,0.0112044817927,0.0448690239474,0.15,1.0,0.230435725466,0.073492286115,0.0,0.0,0.2,1.0,0.238156017817,0.750925596056,0.858903085551,0.854700802004,0.51553856012,0.811290235764
0.96996996997,0.0,0.602018491355,0.29946395877,0.0777422790202,0.0448179271709,0.138151638281,0.35,1.0,0.158520137704,0.0245441795231,0.0,0.0,0.0,1.0,0.0222076915625,0.877112397344,0.526192639243,0.385535609381,0.200021183558,0.671914470705
0.984234234234,0.04,0.529257822652,0.155294905335,0.0252041178559,0.077497665733,0.0280107201522,0.15,1.0,0.140451788999,0.0210378681627,0.0,0.0,0.0,0.910931174089,0.0116145468626,0.283402485522,0.646769402525,0.638197114574,0.599917074038,0.590134791545
0.938438438438,0.0,0.47370564442,0.124459102575,0.0216542421015,0.0709617180205,0.0238609838333,0.0,1.0,0.0,0.0,0.0,0.0,0.0,1.0,0.0459145603513,0.295222800652,0.684406474551,0.656943066364,0.636073080751,0.599694684595
0.635885885886,0.0,0.530214464185,0.210050049802,0.0280440184594,0.0438842203548,0.0618137805827,0.825,1.0,0.22259806012,0.031556802244,0.0,0.0,0.0,1.0,0.295807435342,0.740714545491,0.644222690517,0.610783782671,0.391351518572,0.68305695199
0.931681681682,0.04,0.747565909743,0.358325170793,0.0685126020589,0.0550887021475,0.205152589263,0.15,1.0,0.192361624638,0.0437587657784,0.0,0.0,0.0,0.910931174089,0.0510473806461,0.83050901877,0.529829099853,0.412675520054,0.128745212174,0.674700091026
0.915165165165,0.18,0.47172944623,0.21973350857,0.0741924032659,0.0597572362278,0.114636465808,0.35,1.0,0.373625758613,0.162412342216,0.272727272727,0.0,0.2,0.915570175439,0.063673864165,0.681187606786,0.536451756018,0.421440067008,0.26167126668,0.708170570405
0.984984984985,0.22,0.643467561731,0.286298505119,0.0887468938587,0.16339869281,0.116970692487,0.55,1.0,0.456433849328,0.199719495091,0.272727272727,0.0,0.2,0.772217428818,0.0110592520231,0.498281839806,0.431709349604,0.366232561025,0.270163617872,0.497876657746
1.0,0.58,0.656981658959,0.271434416575,0.0727724529641,0.100840336134,0.0860205757759,0.35,1.0,0.480602656285,0.169144460028,0.0,0.0,0.2,0.1613601906,0.0,0.336215299473,0.472906952436,0.460661396134,0.324827574526,0.567046718671
0.931681681682,0.62,0.617553358435,0.300276079832,0.0773872914448,0.31279178338,0.126566957725,0.35,1.0,0.226713708441,0.0586255259467,0.0,0.0,0.0,0.256660168941,0.0510473806461,0.260206422192,0.353456128915,0.387769433867,0.232557807554,0.268139267848
0.991741741742,0.12,0.665093820975,0.387514000306,0.123180688676,0.387488328665,0.233682026455,0.35,1.0,0.235030290619,0.071809256662,0.0,0.0,0.2,0.751879699248,0.00607161581305,0.368106005188,0.259942921059,0.28428663271,0.108576246355,0.157078652119
0.993993993994,0.04,0.929502894945,0.616480478098,0.245651402201,0.576097105509,0.622460447826,0.15,1.0,0.121185453715,0.0157082748948,0.0,0.0,0.0,0.910931174089,0.00441306691307,0.364719020446,0.130844818354,0.133821269116,0.0062130731384,0.0427485015648
0.972222222222,0.16,0.763150886904,0.466802226824,0.147674831381,0.414565826331,0.403302498487,0.35,1.0,0.426980905359,0.121739130435,0.0,0.0,0.2,0.881241565452,0.0205296975396,0.364810463997,0.222925613481,0.238024663183,0.0452428690945,0.144574484963
0.989489489489,0.26,0.49359404338,0.225447286524,0.109336173234,0.383753501401,0.0959626523731,0.55,1.0,0.581070907203,0.283870967742,0.272727272727,0.0,0.2,0.522138680033,0.0194121614061,0.190706682523,0.361491441158,0.354213293125,0.287964331317,0.2555251374
0.874624624625,0.16,0.590278987641,0.376024450423,0.152644657437,0.586367880486,0.209821042621,0.55,1.0,0.268977890266,0.0877980364656,0.0,0.0,0.2,0.68058076225,0.095153502354,0.196196820386,0.183062790154,0.240174446831,0.126727388528,0.0520499136534
0.921171171171,0.76,0.663530824083,0.395777797065,0.116080937167,0.380018674136,0.299213279156,1.0,1.0,0.495908238301,0.119775596073,0.0,0.0,0.2,0.0,0.0590692837884,0.291293884635,0.26596425942,0.287082863119,0.0815258672507,0.202625846809
0.989489489489,0.5,0.637830284487,0.31456155795,0.0773872914448,0.2558356676,0.110659635169,0.15,1.0,0.224464509591,0.0678821879383,0.0,0.0,0.2,0.279532163743,0.137629860015,0.29753875386,0.380362796475,0.39674843707,0.250106797023,0.301187882783
0.959459459459,0.1,0.654961047917,0.302022243438,0.0713525026624,0.168067226891,0.0568859687041,0.9,1.0,0.184784017369,0.00841514726508,0.0,0.0,0.0,0.789473684211,0.0300652451886,0.353733597424,0.432950041651,0.405300565658,0.41096700014,0.397510080837
0.87987987988,0.14,0.712924224627,0.331438384189,0.0777422790202,0.136321195145,0.0832540848967,0.35,1.0,0.360422277723,0.106311360449,0.0,0.0,0.2,0.915570175439,0.0910331819423,0.39457621145,0.424059258399,0.422618565935,0.330956372495,0.497462072006
0.996246246246,0.14,0.52756023448,0.201389491608,0.0681576144835,0.140989729225,0.0400276649088,0.25,1.0,0.233169283836,0.0737727910238,0.0,0.0,0.2,0.715604801477,0.0933861901604,0.255558607587,0.485378102951,0.430153974065,0.511874557889,0.491993103979
0.905405405405,0.34,0.733670083623,0.33078744746,0.0532481363152,0.0634920634921,0.123973372525,0.15,1.0,0.129659001602,0.0176718092567,0.0,0.0,0.0,0.41241162608,0.0711885459526,0.508122823845,0.518138989904,0.485177158543,0.222334351869,0.619355596716
0.962462462462,0.02,0.398719330871,0.130718427502,0.0475683351083,0.0746965452848,0.0310365695513,0.15,1.0,0.156867621023,0.0269284712482,0.0,0.0,0.0,0.954592363261,0.0278156944824,0.459232678069,0.631607496652,0.500848677028,0.573701400302,0.599694684595
0.749249249249,0.0,0.46771633479,0.17358312772,0.0486332978346,0.078431372549,0.0359643814299,0.15,1.0,0.23639030299,0.0799438990182,0.0,0.0,0.2,1.0,0.19711824984,0.504747863995,0.617058317433,0.521905066465,0.56239139439,0.619355596716
0.658408408408,0.06,0.0322458224332,0.0,0.0181043663472,0.0597572362278,0.0172905679952,0.35,1.0,0.400574348121,0.15427769986,0.0,0.0,0.2,0.918744228994,0.275678318583,0.267106908887,0.851526322965,0.725891929732,0.752919841656,0.660990469444
0.821321321321,0.02,0.439671472197,0.125397278051,0.0372736954207,0.0746965452848,0.024984870753,0.15,1.0,0.0995812998829,0.0100981767181,0.0,0.0,0.0,0.954592363261,0.137629860015,0.380298234627,0.662778526132,0.554952817033,0.62666901294,0.590134791545
0.965465465465,0.0,0.633808201231,0.307142945706,0.0720624778133,0.177404295051,0.125356617965,0.5,1.0,0.262599511237,0.0695652173913,0.0,0.0,0.05,1.0,0.0255697764781,0.446713847416,0.41763515596,0.418987131051,0.221012003825,0.391289016106
0.973723723724,0.0,0.520817538847,0.224967866457,0.0603478878239,0.0952380952381,0.0609492521829,0.15,1.0,0.0582863386569,0.00336605890603,0.0,0.0,0.0,1.0,0.0194121614061,0.546038824398,0.513036942199,0.443216274081,0.39357131421,0.540596963288
0.786036036036,0.08,0.400043501294,0.127786112523,0.0237841675541,0.0597572362278,0.0269732860724,0.35,1.0,0.236579716977,0.073492286115,0.0,0.0,0.2,0.828460038986,0.166451711521,0.43774870412,0.681281307339,0.651492406074,0.634420552822,0.640721913867
0.996246246246,0.14,0.618489213482,0.227871250914,0.0518281860135,0.0746965452848,0.0346675888303,0.15,1.0,0.123771565641,0.0159887798036,0.0,0.0,0.0,0.715604801477,0.00662490879011,0.44130743323,0.565104417872,0.478994333244,0.550805388942,0.590134791545
0.93993993994,0.1,0.713194539506,0.302788902252,0.0557330493433,0.0672268907563,0.0676061208611,0.15,1.0,0.209354130386,0.054698457223,0.0,0.0,0.0,0.789473684211,0.0447764838009,0.489471241363,0.531993128801,0.480599662356,0.378193687369,0.611913849605
0.995495495495,0.14,0.652993365358,0.277617282267,0.0582179623713,0.0597572362278,0.0566266101841,0.15,1.0,0.135205614604,0.0193548387097,0.0,0.0,0.0,0.715604801477,0.00330847467411,0.577582919696,0.563496614233,0.45547924126,0.438525614651,0.62946692295
0.942192192192,0.04,0.672418206039,0.272203141855,0.0585729499468,0.0522875816993,0.0609492521829,0.15,1.0,0.132472173672,0.0185133239832,0.0,0.0,0.0,0.910931174089,0.0430711027908,0.711135244864,0.582322028905,0.451635426469,0.398083165181,0.650278584713
0.997747747748,0.02,0.856684224807,0.499619770292,0.113241036564,0.182072829132,0.518025417135,0.15,1.0,0.154684896492,0.0260869565217,0.0,0.0,0.0,0.954592363261,0.0527625056773,0.558616773673,0.309066465624,0.292801708559,0.0207382016609,0.377895322663
0.934684684685,0.3,0.523993967434,0.19734335156,0.030173943912,0.062558356676,0.0363101927898,0.15,1.0,0.156867621023,0.0269284712482,0.0,0.0,0.0,0.465587044534,0.0487638055316,0.448921992765,0.605367291372,0.610783782671,0.530109014904,0.639772697766
0.987987987988,0.04,0.526525240091,0.236955434598,0.0635427760028,0.131652661064,0.0873173683756,0.15,1.0,0.135205614604,0.0193548387097,0.0,0.0,0.0,0.910931174089,0.00884030097513,0.455797297816,0.477551264677,0.434806408212,0.301967590388,0.497281593687
0.903903903904,0.1,0.752194846044,0.402913303494,0.0795172168974,0.192343604108,0.240165989453,0.8,0.0,0.211896890177,0.0237026647966,0.0,0.0,0.0,0.789473684211,0.0764145440404,0.392248334621,0.338647271512,0.381098985751,0.104590199747,0.358686751726
1.0,0.04,0.779589646101,0.416853681822,0.0915867944622,0.36974789916,0.313650903432,0.55,0.0,0.220642509289,0.0420757363254,0.0,0.0,0.0,0.910931174089,0.0,0.325457117569,0.2867114748,0.347747823367,0.0729344526314,0.172633888511
0.945945945946,0.14,0.562201224505,0.298786157985,0.0780972665957,0.193277310924,0.126221146365,0.35,1.0,0.129369761031,0.0145862552595,0.0,0.0,0.0,0.715604801477,0.0402334152334,0.300478993528,0.351535131118,0.381098985751,0.218555872221,0.368766601823
0.973723723724,0.04,0.728503689819,0.345281638625,0.0720624778133,0.077497665733,0.125270165125,0.15,1.0,0.0955072165191,0.00925666199158,0.0,0.0,0.0,0.910931174089,0.0539070881648,0.466204559097,0.452276812583,0.400502404644,0.220160138394,0.583095233935
0.814564564565,0.32,0.622028585135,0.302328080377,0.0869719559815,0.144724556489,0.0817843866171,0.35,1.0,0.214274327718,0.0500701262272,0.0,0.0,0.0,0.562573099415,0.143104813208,0.422703944992,0.406967123638,0.356890455017,0.318101873426,0.44555888366
0.939189189189,0.12,0.8003699202,0.473925334457,0.116435924743,0.356676003735,0.549926515086,0.6,1.0,0.290451495155,0.0608695652174,0.0,0.0,0.0,0.753877447241,0.0453454063944,0.385705018183,0.277179188953,0.292076087959,0.0187867672044,0.192201363185
0.956456456456,0.02,0.684385615286,0.291609322241,0.0599929002485,0.0448179271709,0.0541194778248,0.35,1.0,0.205095562268,0.0474053295933,0.0,0.0,0.0,0.958646616541,0.0323184374176,0.848694527816,0.617817470606,0.458295183125,0.43495970346,0.671914470705
0.602102102102,0.02,0.295166224301,0.0823486623767,0.00780972665957,0.0373482726424,0.0221319270338,0.15,1.0,0.240726335711,0.0858345021038,0.0,0.0,0.2,0.954592363261,0.326507715769,0.627263144783,0.866517741493,0.81497935935,0.683217593547,0.731622915808
0.880630630631,0.0,0.531873023476,0.217654643969,0.0461483848065,0.0709617180205,0.0526497795453,0.15,1.0,0.209213981056,0.0552594670407,0.0,0.0,0.0,1.0,0.0904455374606,0.767641729177,0.6403763672,0.545094447415,0.431447589556,0.626002050383
0.935435435435,0.2,0.651095665608,0.358734331023,0.0820021299255,0.104575163399,0.339500302585,0.35,1.0,0.179156531339,0.0330995792426,0.0,0.0,0.0,0.80701754386,0.0481934926379,0.475539836509,0.38484572655,0.374611289638,0.0601988064667,0.521611658934
0.990990990991,0.0,0.688296580475,0.396808963502,0.087326943557,0.273576097106,0.405550272326,0.15,1.0,0.192361624638,0.0437587657784,0.0,0.0,0.0,1.0,0.00662490879011,0.449813984674,0.323747979671,0.358157863771,0.0413696224267,0.251326390202
0.858108108108,0.64,0.733832845798,0.322827421175,0.0347887823926,0.0522875816993,0.0746088008991,0.15,1.0,0.110753888676,0.0126227208976,0.0,0.0,0.0,0.0962772785623,0.108181138944,0.494564284198,0.546177045338,0.600244214012,0.340814101182,0.650278584713
0.941441441441,0.4,0.617111890506,0.329624027211,0.0741924032659,0.128851540616,0.278205239042,0.15,1.0,0.215803069138,0.0603085553997,0.0,0.0,0.0,0.338345864662,0.0436393321399,0.378230343819,0.412011885127,0.418987131051,0.099062169435,0.480117661691
0.644144144144,0.06,0.510532280161,0.274065027546,0.0607028753994,0.078431372549,0.137287109882,0.35,1.0,0.266084455953,0.0462833099579,0.0,0.0,0.0,0.868917576961,0.28839577536,0.52376142725,0.488643575967,0.451650822396,0.201281712693,0.590134791545
0.978228228228,0.46,0.781160292283,0.35968697176,0.0674476393326,0.0709617180205,0.182329039509,0.15,1.0,0.0650559366851,0.00420757363254,0.0,0.0,0.0,0.270367700072,0.0160649484729,0.464825445215,0.459334537781,0.417714767962,0.148232256816,0.599694684595
0.903153153153,0.04,0.547328011946,0.196055943362,0.0202342917998,0.0438842203548,0.0458200051872,0.15,1.0,0.184714127843,0.0395511921459,0.0,0.0,0.0,0.910931174089,0.0729283995554,0.747619166604,0.70456781008,0.68248195973,0.468444611129,0.685898847469
0.961711711712,0.06,0.421771099652,0.123967283713,0.00567980120696,0.0410830999066,0.0,0.15,1.0,0.120684565404,0.0151472650771,0.0,0.0,0.0,0.868917576961,0.028377741249,0.434800366266,0.846802092481,0.80484797924,1.0,0.708170570405
0.956456456456,0.02,0.712969853179,0.330996160507,0.0624778132765,0.0672268907563,0.103656955131,0.175,1.0,0.209877147934,0.0551192145863,0.0,0.0,0.0,0.958646616541,0.0323184374176,0.79617527231,0.556761431152,0.445907655343,0.261653385807,0.619355596716
0.937687687688,0.06,0.777021612468,0.418025367934,0.0859069932552,0.0746965452848,0.434684879398,0.15,1.0,0.163222219688,0.0297335203366,0.0,0.0,0.0,0.868917576961,0.0464839458128,0.803704185534,0.450615419753,0.358149118003,0.0347387601516,0.602129330255
0.983483483483,0.08,0.470985270963,0.138666054993,0.00922967696131,0.0410830999066,0.0246390593931,0.55,1.0,0.355683940607,0.0639551192146,0.0,0.0,0.0,0.828460038986,0.0121700648016,0.666594486178,0.820432765136,0.781838984119,0.628371859331,0.720884192205
0.968468468468,0.1,0.512688257747,0.196961055385,0.03265885694,0.0522875816993,0.0384715137892,0.35,1.0,0.339564523233,0.0998597475456,0.0,0.0,0.2,0.815658549358,0.0233274823836,0.69397328777,0.688852227493,0.580539407788,0.537071518355,0.694424533908
0.695195195195,0.0,0.299402901777,0.116784248571,0.0124245651402,0.0261437908497,0.0449554767874,0.15,1.0,0.145430042062,0.0227208976157,0.0,0.0,0.0,1.0,0.243366134964,0.81077417036,0.747805295551,0.752992870972,0.475567354315,0.7299482274
0.912912912913,0.02,0.606634620597,0.191869283639,0.00745473908413,0.0410830999066,0.028442984352,0.15,1.0,0.117492082774,0.0143057503506,0.0,0.0,0.0,0.954592363261,0.0654044708099,0.605207347746,0.788743819122,0.789376413555,0.607181537724,0.68305695199
0.835585585586,0.0,0.497620771541,0.172427973334,0.0145544905928,0.0448179271709,0.0447825711075,0.35,1.0,0.185415061646,0.0332398316971,0.0,0.0,0.0,1.0,0.126139316476,0.756948430953,0.738967314053,0.722633552672,0.487181812154,0.694424533908
0.883633633634,0.02,0.318046913429,0.0783872474262,0.0113596024139,0.0522875816993,0.00164260395954,0.15,1.0,0.150167022093,0.0244039270687,0.0,0.0,0.0,0.954592363261,0.088097385311,0.24368095431,0.814088870972,0.759980438753,0.967173945571,0.660990469444
0.813063063063,0.16,0.526180357565,0.178088023177,0.0149094781683,0.0522875816993,0.0290481542319,0.15,1.0,0.176329681196,0.0353436185133,0.0,0.0,0.0,0.68058076225,0.235557746196,0.423865649752,0.694787464982,0.716189584652,0.620975889053,0.660990469444
0.843843843844,0.04,0.656520084432,0.265557387822,0.0227192048278,0.0522875816993,0.0524768738653,0.35,1.0,0.259666314984,0.0412342215989,0.0,0.0,0.0,0.910931174089,0.119528543569,0.649984677954,0.622503423113,0.64878696885,0.433041594511,0.660990469444
0.937687687688,0.02,0.513053590781,0.16191999471,0.0070997515087,0.0261437908497,0.0440044955477,0.35,1.0,0.321353985899,0.106171107994,0.0,0.0,0.2,0.987549518959,0.0464839458128,0.835979041574,0.834530498252,0.82572898358,0.511551683986,0.784277583764
0.816816816817,0.02,0.476142429581,0.144408763468,0.00354987575435,0.00746965452848,0.0455606466672,0.35,1.0,0.30835821792,0.0936886395512,0.0,0.0,0.2,0.954592363261,0.141277526475,0.851502024829,0.876296863786,0.859126987202,0.519625757661,0.862127673262
0.876126126126,0.14,0.605590757038,0.245053914093,0.0525381611644,0.126050420168,0.0478084205066,0.9,1.0,0.281854769778,0.0389901823282,0.0,0.0,0.0,0.918744228994,0.0939750505418,0.390961358691,0.533375185742,0.49945042465,0.45711505174,0.482023552847
0.911411411411,0.38,0.801681374613,0.423987121785,0.115015974441,0.344537815126,0.311662488113,0.15,1.0,0.152452107898,0.0252454417952,0.0,0.0,0.0,0.36231884058,0.0665593901972,0.319038694904,0.296734435974,0.294989564614,0.0728123718057,0.178603668318
0.992492492492,0.02,0.686900006734,0.312753400369,0.0624778132765,0.0821661998133,0.0796230656177,0.55,1.0,0.435942519983,0.0925666199158,0.0,0.0,0.0,0.954592363261,0.0055185445967,0.786621698143,0.562511896697,0.440959415072,0.325043760378,0.609433267234
0.997747747748,0.0,0.718754326058,0.263110692307,0.0212992545261,0.0373482726424,0.0453012881473,0.175,1.0,0.161952299483,0.0287517531557,0.0,0.0,0.0,1.0,0.00165324419877,0.759450072525,0.678961811646,0.665260075503,0.471501919577,0.708983792255
0.838588588589,0.02,0.691355426021,0.284242371641,0.0283990060348,0.0662931839402,0.0504884585459,0.15,1.0,0.129659001602,0.0176718092567,0.0,0.0,0.0,0.954592363261,0.123731882353,0.640451587734,0.597709276691,0.608168349708,0.442585749129,0.619355596716
