9.5E-5,54,568421.0526315789
0.038666,130,3362.1269332229867
0.018444,54,2927.781392322707
0.057298,60,1047.1569688296274
1.61E-4,54,335403.7267080745
3.24E-4,249,768518.5185185185
0.054332,60,1104.321578443643
0.002715,371,136648.25046040516
0.001983,54,27231.467473524965
0.057227,60,1048.4561483215964
1.4E-4,54,385714.28571428574
0.01725,188,10898.55072463768
0.064511,60,930.0739408782998
5.51E-4,63,114337.56805807624
0.061937,60,968.7262863877811
1.66E-4,54,325301.2048192771
7.6E-5,280,3684210.526315789
0.073035,60,821.5239268843704
6.73E-4,74,109955.4234769688
0.050358,54,1072.3221732396044
1.002721,54,53.85346472249011
0.070182,60,854.920064973925
1.17E-4,54,461538.46153846156
0.382356,135,353.0740984841352
0.0255,54,2117.6470588235297
0.025666,54,2103.9507519675835
6.4E-5,74,1156250.0
8.1E-5,314,3876543.209876543
5.5E-5,807,1.4672727272727272E7
6.44E-4,979,1520186.3354037267
6.9E-5,74,1072463.7681159421
0.003148,74,23506.988564167725
0.001411,66,46775.33664068037
7.18E-4,66,91922.00557103065
2.13E-4,54,253521.12676056338
1.78E-4,280,1573033.7078651686
1.06E-4,787,7424528.301886792
3.83E-4,74,193211.48825065274
4.2E-5,74,1761904.761904762
6.51E-4,60,92165.89861751153
0.001974,1514,766970.6180344478
6.89E-4,939,1362844.7024673438
8.7E-5,54,620689.6551724138
0.002866,54,18841.59106769016
9.09E-4,60,66006.600660066
1.21E-4,54,446280.9917355372
0.025313,54,2133.291194248015
0.397579,95,238.9462220087077
0.023539,54,2294.065168443859
0.023615,54,2286.682193521067
0.023648,54,2283.491204330176
0.023711,54,2277.4239804310237
0.023773,54,2271.4844571572794
0.533599,188,352.3244983592548
1.34E-4,188,1402985.0746268656
0.071649,66,921.1573085458275
1.031498,60,58.16782970010606
5.58E-4,63,112903.2258064516
0.06477,60,926.3547938860585
1.11E-4,54,486486.4864864865
5.4E-5,60,1111111.1111111112
5.2E-5,54,1038461.5384615385
0.024558,54,2198.8761299780112
2.84E-4,67,235915.49295774646
0.0309,60,1941.7475728155339
0.087269,188,2154.258671464094
0.05519,60,1087.153469831491
5.83E-4,63,108061.74957118354
0.037263,60,1610.1763143064168
1.0E-6,66,6.6E7
0.012339,66,5348.893751519572
1.39E-4,54,388489.20863309357
1.14E-4,471,4131578.9473684207
0.005419,66,12179.368887248569
1.0E-4,54,540000.0
0.038482,60,1559.1705212826776
6.56E-4,60,91463.41463414633
0.001063,1514,1424270.9313264347
6.5E-5,54,830769.2307692309
0.001246,1514,1215088.2825040128
4.8E-5,54,1125000.0
0.001243,1514,1218020.9171359614
4.1E-5,54,1317073.1707317072
0.001238,1514,1222940.226171244
5.4E-5,54,1000000.0
0.001244,1514,1217041.8006430867
5.3E-5,54,1018867.9245283019
0.001244,1514,1217041.8006430867
5.4E-5,54,1000000.0
0.001245,1514,1216064.2570281124
5.2E-5,54,1038461.5384615385
0.001243,1514,1218020.9171359614
4.9E-5,54,1102040.8163265307
0.001245,1514,1216064.2570281124
5.5E-5,54,981818.1818181818
0.00128,1514,1182812.5
6.4E-5,54,843750.0
6.35E-4,1514,2384251.9685039367
6.5E-5,54,830769.2307692309
0.001255,1514,1206374.501992032
6.3E-5,54,857142.8571428572
0.001258,1514,1203497.6152623212
2.0E-6,478,2.39E8
7.4E-5,54,729729.7297297298
0.084329,66,782.6489108135991
0.092527,66,713.3053054784009
1.26E-4,54,428571.4285714286
2.11E-4,947,4488151.658767773
0.027838,66,2370.859975572958
0.017833,66,3701.003757079571
1.32E-4,54,409090.90909090906
4.3E-5,66,1534883.7209302324
1.07E-4,54,504672.8971962617
2.4E-5,511,2.1291666666666668E7
6.61E-4,170,257186.0816944024
6.5E-5,54,830769.2307692309
0.007237,62,8567.085809036893
1.31E-4,54,412213.74045801524
1.18E-4,1514,1.2830508474576272E7
0.002996,62,20694.25901201602
1.37E-4,54,394160.5839416059
1.06E-4,1514,1.4283018867924528E7
4.0E-6,66,1.65E7
0.011367,66,5806.281340723146
1.09E-4,54,495412.84403669724
1.21E-4,929,7677685.950413223
0.026552,66,2485.6884603796325
6.5E-5,66,1015384.6153846155
8.3E-5,54,650602.4096385542
9.0E-6,54,6000000.0
1.12E-4,643,5741071.428571429
1.8E-5,727,4.038888888888889E7
0.025439,60,2358.5832776445613
7.5E-4,60,80000.0
0.025407,62,2440.272365883418
1.25E-4,54,432000.0
1.2E-4,1514,1.2616666666666666E7
0.049955,62,1241.1170053047742
1.28E-4,54,421875.0
1.58E-4,1514,9582278.48101266
0.017638,618,35037.986166231996
1.13E-4,54,477876.1061946903
0.023116,60,2595.6047759127878
2.7E-5,60,2222222.2222222225
5.5E-5,561,1.02E7
1.0E-6,550,5.5E8
0.038522,66,1713.3066818960594
0.021557,66,3061.6505079556523
1.44E-4,54,375000.0
1.34E-4,963,7186567.164179104
0.040383,60,1485.7737166629522
0.001352,1514,1119822.4852071006
7.5E-5,54,720000.0000000001
0.001251,1514,1210231.8145483613
6.1E-5,54,885245.9016393443
0.001253,1514,1208300.0798084596
6.5E-5,54,830769.2307692309
0.001243,1514,1218020.9171359614
6.3E-5,54,857142.8571428572
0.001242,1514,1219001.6103059582
5.6E-5,54,964285.7142857143
0.001256,1514,1205414.0127388535
8.9E-5,54,606741.5730337079
0.001263,1514,1198733.174980206
9.2E-5,54,586956.5217391305
6.37E-4,1514,2376766.0910518053
3.0E-6,60,2.0E7
7.3E-5,54,739726.0273972603
0.011242,947,84237.68012809109
0.078214,60,767.1260899583194
8.5E-5,561,6599999.999999999
0.024678,66,2674.446875759786
0.024667,60,2432.399562168079
9.7E-5,546,5628865.979381443
0.039808,1514,38032.55627009646
1.13E-4,54,477876.1061946903
4.4E-5,330,7500000.0
2.9E-5,54,1862068.9655172413
0.001313,1514,1153084.5392231531
8.4E-5,54,642857.1428571428
6.62E-4,612,924471.2990936555
4.7E-5,54,1148936.170212766
0.008242,1514,183693.27833050233
2.4E-5,550,2.2916666666666668E7
0.023408,66,2819.548872180451
6.7E-5,66,985074.6268656716
0.003024,60,19841.26984126984
0.001417,1514,1068454.481298518
7.0E-5,54,771428.5714285715
0.001261,1514,1200634.4171292626
7.6E-5,54,710526.3157894736
0.001253,1514,1208300.0798084596
8.2E-5,54,658536.5853658536
0.001244,1514,1217041.8006430867
6.1E-5,54,885245.9016393443
0.00124,1514,1220967.7419354839
4.6E-5,54,1173913.043478261
0.001238,1514,1222940.226171244
4.8E-5,54,1125000.0
0.001243,1514,1218020.9171359614
7.0E-5,54,771428.5714285715
0.001247,1514,1214113.8732959102
7.4E-5,54,729729.7297297298
6.35E-4,1514,2384251.9685039367
4.5E-5,54,1200000.0
0.001247,1514,1214113.8732959102
6.8E-5,54,794117.6470588235
8.75E-4,643,734857.1428571428
3.66E-4,1514,4136612.0218579234
4.9E-5,54,1102040.8163265307
0.003118,62,19884.54137267479
1.3E-4,54,415384.61538461543
8.21E-4,1514,1844092.5700365407
0.031871,66,2070.848106429042
8.0E-6,60,7500000.0
6.61E-4,60,90771.5582450832
0.014453,1514,104753.33840725108
2.0E-5,1514,7.57E7
9.0E-6,1514,1.682222222222222E8
1.1E-5,578,5.254545454545455E7
0.001756,1514,862186.7881548975
1.3E-5,1514,1.1646153846153846E8
9.0E-6,1514,1.682222222222222E8
1.0E-5,556,5.559999999999999E7
0.001442,952,660194.1747572816
4.06E-4,66,162561.5763546798
0.034618,60,1733.202380264602
6.76E-4,60,88757.39644970415
0.003064,60,19582.245430809402
0.001259,60,47656.87053216839
0.002488,60,24115.755627009643
6.58E-4,60,91185.41033434651
1.0E-6,60,6.0E7
0.008276,1514,182938.61768970516
1.24E-4,54,435483.87096774194
0.001275,1514,1187450.9803921569
1.02E-4,54,529411.7647058824
0.025884,62,2395.302117138
1.49E-4,54,362416.10738255037
0.035789,497,13886.948503730197
6.74E-4,1514,2246290.8011869434
7.5E-5,54,720000.0000000001
6.26E-4,1309,2091054.3130990413
3.7E-5,54,1459459.4594594596
0.001237,1514,1223928.8601455132
3.6E-5,54,1500000.0
0.001238,1430,1155088.8529886915
3.5E-5,54,1542857.142857143
6.23E-4,1109,1780096.308186196
2.4E-5,54,2250000.0
0.006774,1514,223501.6238559197
7.3E-5,54,739726.0273972603
0.001252,1514,1209265.1757188498
4.1E-5,54,1317073.1707317072
0.001331,1514,1137490.6085649887
4.2E-5,54,1285714.2857142857
0.001237,1225,990299.1107518189
3.4E-5,54,1588235.294117647
0.009797,891,90946.20802286414
9.0E-5,66,733333.3333333333
4.9E-5,66,1346938.775510204
2.6E-5,1514,5.823076923076923E7
5.8E-5,66,1137931.0344827587
1.09E-4,66,605504.5871559633
1.4E-4,66,471428.5714285715
0.001774,1514,853438.5569334837
5.6E-5,66,1178571.4285714286
6.37E-4,1514,2376766.0910518053
4.4E-5,66,1500000.0
0.001258,1514,1203497.6152623212
5.2E-5,66,1269230.7692307692
6.38E-4,1514,2373040.7523510973
4.7E-5,66,1404255.3191489363
0.001258,1514,1203497.6152623212
4.7E-5,66,1404255.3191489363
0.001249,1514,1212169.735788631
4.1E-5,66,1609756.0975609757
0.001246,1514,1215088.2825040128
4.4E-5,66,1500000.0
0.001247,1514,1214113.8732959102
4.0E-5,66,1649999.9999999998
0.001257,1514,1204455.0517104215
3.9E-5,66,1692307.6923076923
0.001246,1514,1215088.2825040128
3.9E-5,66,1692307.6923076923
0.001247,1514,1214113.8732959102
4.0E-5,66,1649999.9999999998
0.001253,1514,1208300.0798084596
4.5E-5,66,1466666.6666666665
6.35E-4,1382,2176377.952755905
1.0E-6,60,6.0E7
3.9E-5,66,1692307.6923076923
0.001251,1514,1210231.8145483613
5.0E-5,54,1080000.0
0.001248,1514,1213141.0256410257
3.5E-5,54,1542857.142857143
0.001248,1294,1036858.9743589744
2.0E-6,60,3.0E7
4.4E-5,54,1227272.7272727273
0.006178,60,9711.880867594691
1.78E-4,54,303370.78651685396
5.7E-5,66,1157894.7368421052
1.12E-4,54,482142.85714285716
9.4E-5,505,5372340.425531915
5.56E-4,66,118705.03597122303
2.0E-6,66,3.3E7
1.0E-6,66,6.6E7
1.29E-4,54,418604.6511627907
9.0E-6,54,6000000.0
3.0E-6,54,1.8E7
2.97E-4,465,1565656.5656565656
4.31E-4,507,1176334.1067285382
5.58E-4,60,107526.8817204301
6.5E-5,546,8400000.0
0.001717,517,301106.5812463599
0.00331,527,159214.50151057402
0.014225,462,32478.031634446397
1.31E-4,54,412213.74045801524
0.016088,66,4102.4365987071105
1.44E-4,54,375000.0
4.4E-5,60,1363636.3636363638
1.81E-4,980,5414364.6408839775
0.001075,1514,1408372.0930232557
5.9E-5,54,915254.2372881357
0.001243,1514,1218020.9171359614
5.7E-5,54,947368.4210526316
0.001248,1514,1213141.0256410257
7.5E-5,54,720000.0000000001
0.001256,1514,1205414.0127388535
5.4E-5,54,1000000.0
0.001282,1514,1180967.2386895476
4.1E-5,54,1317073.1707317072
0.001249,1514,1212169.735788631
1.0E-6,218,2.18E8
4.8E-5,66,1375000.0
0.001239,60,48426.15012106537
1.0E-6,1514,1.514E9
4.6E-5,54,1173913.043478261
0.00124,1514,1220967.7419354839
5.5E-5,54,981818.1818181818
0.001247,1514,1214113.8732959102
5.6E-5,54,964285.7142857143
0.001244,1514,1217041.8006430867
4.5E-5,54,1200000.0
0.001239,1514,1221953.188054883
4.8E-5,54,1125000.0
0.001243,1514,1218020.9171359614
6.3E-5,54,857142.8571428572
0.001248,1514,1213141.0256410257
6.2E-5,54,870967.7419354839
6.29E-4,1514,2406995.2305246424
3.7E-5,54,1459459.4594594596
0.001245,1514,1216064.2570281124
5.3E-5,54,1018867.9245283019
0.001246,1514,1215088.2825040128
6.4E-5,54,843750.0
0.001271,1514,1191188.0409126673
5.9E-5,54,915254.2372881357
0.001247,60,48115.477145148354
0.001062,1514,1425612.0527306967
6.7E-5,54,805970.1492537314
0.001257,1331,1058870.3261734287
7.6E-5,54,710526.3157894736
0.001279,628,491008.6004691165
1.4E-5,60,4285714.285714285
6.3E-5,54,857142.8571428572
0.001328,1514,1140060.2409638555
1.04E-4,54,519230.76923076925
0.001118,1514,1354203.9355992842
5.8E-5,54,931034.4827586206
0.001278,1514,1184663.5367762127
9.3E-5,54,580645.1612903225
0.001266,1514,1195892.5750394945
9.4E-5,54,574468.085106383
8.9E-5,54,606741.5730337079
0.001277,1514,1185591.2294440095
8.2E-5,54,658536.5853658536
0.001265,1514,1196837.9446640315
8.3E-5,54,650602.4096385542
6.42E-4,1514,2358255.451713396
5.9E-5,54,915254.2372881357
0.001262,1514,1199683.0427892234
7.9E-5,54,683544.3037974684
0.001255,1514,1206374.501992032
5.9E-5,54,915254.2372881357
0.002084,356,170825.3358925144
5.4E-5,54,1000000.0
0.016872,1514,89734.47131341867
8.5E-5,54,635294.1176470588
0.00128,1514,1182812.5
4.0E-5,54,1350000.0
4.4E-5,54,1227272.7272727273
1.14E-4,66,578947.3684210526
3.0E-6,66,2.2E7
0.001119,1514,1352993.744414656
2.9E-5,54,1862068.9655172413
0.00123,1514,1230894.3089430896
2.4E-5,54,2250000.0
0.00123,1514,1230894.3089430896
2.6E-5,54,2076923.076923077
0.001229,1514,1231895.8502847843
2.4E-5,54,2250000.0
0.001229,1514,1231895.8502847843
1.6E-5,62,3875000.0
7.0E-6,54,7714285.714285715
7.6E-5,54,710526.3157894736
1.19E-4,1514,1.2722689075630251E7
0.001119,1514,1352993.744414656
3.0E-5,54,1800000.0
0.001231,1514,1229894.3948009748
3.3E-5,54,1636363.6363636362
6.19E-4,621,1003231.0177705978
2.7E-5,54,2000000.0
6.25E-4,62,99200.0
7.2E-5,54,750000.0
1.42E-4,1514,1.0661971830985915E7
0.009209,1514,164404.38701270494
1.18E-4,54,457627.11864406784
0.001082,1514,1399260.628465804
7.7E-5,54,701298.7012987013
0.001144,1514,1323426.5734265733
7.8E-5,54,692307.6923076924
0.001303,1514,1161933.9984650807
7.5E-5,54,720000.0000000001
0.001022,1514,1481409.0019569474
7.8E-5,54,692307.6923076924
0.001135,1514,1333920.704845815
7.6E-5,54,710526.3157894736
4.7E-5,265,5638297.872340426
5.3E-5,54,1018867.9245283019
0.012288,66,5371.09375
1.19E-4,54,453781.512605042
4.6E-5,66,1434782.608695652
6.9E-5,629,9115942.028985508
5.0E-6,54,1.08E7
0.02844,60,2109.7046413502107
0.048763,1100,22558.087074216106
1.2E-4,54,450000.0
0.005479,1514,276327.79704325605
8.1E-5,66,814814.8148148148
0.001245,1514,1216064.2570281124
5.1E-5,66,1294117.6470588236
0.001323,1514,1144368.8586545729
7.2E-5,66,916666.6666666666
0.001327,1514,1140919.3669932177
9.3E-5,66,709677.4193548388
0.00126,1514,1201587.3015873015
1.13E-4,66,584070.796460177
6.49E-4,1514,2332819.7226502313
1.39E-4,66,474820.1438848921
0.001253,1514,1208300.0798084596
4.6E-5,66,1434782.608695652
0.001236,1514,1224919.0938511328
3.3E-5,66,1999999.9999999998
0.001234,1514,1226904.3760129658
2.9E-5,66,2275862.0689655175
0.001238,1514,1222940.226171244
3.5E-5,66,1885714.285714286
0.004045,1514,374289.2459826947
4.4E-5,66,1500000.0
0.001236,1514,1224919.0938511328
3.1E-5,66,2129032.258064516
0.001235,1514,1225910.931174089
3.0E-5,66,2200000.0
6.23E-4,395,634028.8924558588
3.0E-5,66,2200000.0
0.001232,1514,1228896.1038961038
2.8E-5,66,2357142.8571428573
0.00132,1514,1146969.696969697
4.5E-5,66,1466666.6666666665
0.001236,1514,1224919.0938511328
3.6E-5,66,1833333.3333333333
6.23E-4,1514,2430176.5650080256
4.1E-5,66,1609756.0975609757
0.00124,1514,1220967.7419354839
3.6E-5,66,1833333.3333333333
0.001234,1514,1226904.3760129658
3.3E-5,66,1999999.9999999998
0.001234,1514,1226904.3760129658
6.1E-5,54,885245.9016393443
0.002187,891,407407.40740740736
0.002267,546,240846.93427437142
1.08E-4,54,500000.0
0.012757,629,49306.26322803167
0.029524,66,2235.4694485842024
6.8E-5,66,970588.2352941177
0.007647,60,7846.214201647705
6.53E-4,600,918836.1408882082
5.4E-5,54,1000000.0
0.003083,60,19461.563412260784
0.012979,60,4622.85229986902
0.042354,462,10908.060631817538
1.13E-4,54,477876.1061946903
0.009243,546,59071.72995780591
9.0E-5,54,600000.0
0.004416,60,13586.956521739132
9.4E-5,244,2595744.680851064
0.011771,60,5097.2729589669525
6.4E-5,225,3515625.0
0.012267,1514,123420.55922393413
9.8E-5,54,551020.4081632653
0.243875,546,2238.851870835469
0.001163,502,431642.3043852107
6.7E-5,54,805970.1492537314
0.020952,502,23959.526536846126
8.7E-5,54,620689.6551724138
0.36926,1514,4100.09207604398
1.26E-4,54,428571.4285714286
0.001125,1514,1345777.777777778
6.6E-5,66,999999.9999999999
0.278279,1514,5440.583012013123
9.9E-5,66,666666.6666666667
0.005369,773,143974.66939839823
7.4E-5,66,891891.891891892
0.098633,1514,15349.832206259569
1.19E-4,54,453781.512605042
0.001267,1514,1194948.6977111287
5.8E-5,54,931034.4827586206
0.001251,1514,1210231.8145483613
6.0E-5,54,900000.0
0.001253,1514,1208300.0798084596
6.0E-5,54,900000.0
0.001253,1514,1208300.0798084596
5.8E-5,54,931034.4827586206
0.02733,1514,55396.99963410172
1.22E-4,54,442622.95081967214
0.001092,1514,1386446.8864468862
7.8E-5,54,692307.6923076924
0.001146,1514,1321116.9284467713
5.7E-5,54,947368.4210526316
7.5E-5,74,986666.6666666667
1.0E-4,54,540000.0
0.001261,1514,1200634.4171292626
5.8E-5,54,931034.4827586206
0.001255,1514,1206374.501992032
7.2E-5,54,750000.0
0.001253,1514,1208300.0798084596
5.5E-5,54,981818.1818181818
0.001251,1514,1210231.8145483613
6.0E-5,54,900000.0
0.001259,1514,1202541.6997617157
6.9E-5,54,782608.695652174
0.001258,1514,1203497.6152623212
6.3E-5,54,857142.8571428572
6.38E-4,1514,2373040.7523510973
6.2E-5,54,870967.7419354839
0.001262,1514,1199683.0427892234
6.9E-5,54,782608.695652174
4.3E-5,66,1534883.7209302324
0.001254,779,621212.1212121212
6.2E-5,54,870967.7419354839
0.002937,1514,515491.99863806606
8.7E-5,54,620689.6551724138
8.0E-5,74,924999.9999999999
0.148293,1514,10209.517644123458
1.02E-4,66,647058.8235294118
0.115701,66,570.4358648585578
1.62E-4,54,333333.3333333333
1.6E-5,66,4125000.0
1.29E-4,54,418604.6511627907
9.3E-5,455,4892473.11827957
0.011184,1514,135371.9599427754
1.31E-4,66,503816.79389312974
0.287028,1514,5274.746714606241
1.32E-4,54,409090.90909090906
9.5E-5,66,694736.8421052631
0.061968,60,968.2416731216111
6.7E-4,60,89552.23880597015
7.29E-4,1514,2076817.5582990397
8.8E-5,54,613636.3636363636
0.001135,1514,1333920.704845815
4.0E-5,54,1350000.0
0.001239,1514,1221953.188054883
4.9E-5,54,1102040.8163265307
0.001241,1514,1219983.8839645449
5.0E-5,54,1080000.0
0.00124,1514,1220967.7419354839
4.7E-5,54,1148936.170212766
0.001253,1514,1208300.0798084596
4.2E-5,66,1571428.5714285716
0.003415,1514,443338.2137628111
4.1E-5,66,1609756.0975609757
0.057764,1514,26210.09625372204
1.14E-4,54,473684.2105263158
0.027973,60,2144.9254638401317
6.4E-5,54,843750.0
0.087366,1149,13151.569260352999
1.0E-4,54,540000.0
0.138893,887,6386.210968155343
9.3E-5,54,580645.1612903225
4.9E-5,54,1102040.8163265307
0.458316,1514,3303.3976557658907
1.21E-4,66,545454.5454545454
8.2E-5,54,658536.5853658536
0.009396,1514,161132.39676458068
9.5E-5,66,694736.8421052631
0.003488,60,17201.83486238532
7.4E-5,54,729729.7297297298
0.080548,1514,18796.24571683965
9.3E-5,74,795698.9247311829
1.18E-4,66,559322.0338983051
0.001266,1514,1195892.5750394945
6.3E-5,66,1047619.0476190476
1.36E-4,54,397058.82352941175
0.237872,1514,6364.767606107486
1.16E-4,66,568965.5172413794
0.001263,1514,1198733.174980206
6.3E-5,66,1047619.0476190476
0.004622,1514,327563.82518390304
7.5E-5,66,880000.0000000001
0.00126,1514,1201587.3015873015
6.9E-5,66,956521.7391304348
0.05083,1514,29785.559708833367
1.24E-4,54,435483.87096774194
0.059291,60,1011.9579700123121
1.03E-4,54,524271.8446601942
0.148326,1514,10207.246200935775
1.22E-4,66,540983.606557377
0.001267,1514,1194948.6977111287
8.2E-5,66,804878.0487804879
6.44E-4,657,1020186.3354037267
6.3E-5,66,1047619.0476190476
0.00126,1514,1201587.3015873015
6.1E-5,66,1081967.213114754
0.00305,1514,496393.44262295077
6.4E-5,66,1031250.0
0.001259,1514,1202541.6997617157
6.0E-5,66,1100000.0
0.00218,1514,694495.4128440367
7.3E-5,66,904109.5890410959
0.001263,1514,1198733.174980206
7.2E-5,54,750000.0
0.094389,60,635.6672917395035
8.0E-5,54,675000.0
8.4E-5,54,642857.1428571428
9.5E-5,74,778947.3684210526
0.04943,54,1092.4539753186323
0.057298,60,1047.1569688296274
8.8E-5,54,613636.3636363636
1.36E-4,54,397058.82352941175
4.8E-5,54,1125000.0
8.6E-4,959,1115116.2790697676
0.00116,951,819827.5862068966
7.2E-4,955,1326388.8888888888
8.88E-4,66,74324.32432432432
7.02E-4,66,94017.09401709402
0.239473,1514,6322.215865671705
1.54E-4,54,350649.3506493507
0.001282,1514,1180967.2386895476
6.8E-5,54,794117.6470588235
6.39E-4,1161,1816901.408450704
5.8E-5,54,931034.4827586206
0.001268,1514,1194006.309148265
6.0E-6,958,1.5966666666666666E8
8.1E-5,54,666666.6666666666
0.001267,1514,1194948.6977111287
7.6E-5,54,710526.3157894736
0.001272,1514,1190251.572327044
7.6E-5,54,710526.3157894736
0.001272,1514,1190251.572327044
7.8E-5,54,692307.6923076924
0.001266,60,47393.364928909956
1.0E-6,66,6.6E7
2.0E-6,1514,7.57E8
2.0E-6,214,1.07E8
9.1E-5,54,593406.5934065934
6.2E-5,54,870967.7419354839
3.99E-4,958,2401002.506265664
1.39E-4,954,6863309.352517986
7.47E-4,1514,2026773.7617135206
9.9E-5,54,545454.5454545455
0.001265,1514,1196837.9446640315
8.4E-5,54,642857.1428571428
6.39E-4,1514,2369327.0735524255
1.84E-4,54,293478.26086956525
0.001277,1514,1185591.2294440095
8.3E-5,54,650602.4096385542
0.001275,1514,1187450.9803921569
8.4E-5,54,642857.1428571428
0.001261,1514,1200634.4171292626
7.8E-5,54,692307.6923076924
6.46E-4,1514,2343653.250773994
7.5E-5,54,720000.0000000001
0.001262,1514,1199683.0427892234
7.0E-5,54,771428.5714285715
0.001261,1514,1200634.4171292626
7.3E-5,54,739726.0273972603
6.47E-4,963,1488408.0370942813
8.3E-5,54,650602.4096385542
2.08E-4,953,4581730.76923077
0.004407,1514,343544.3612434763
9.5E-5,54,568421.0526315789
6.39E-4,273,427230.0469483568
5.3E-5,54,1018867.9245283019
0.001949,66,33863.519753719855
1.32E-4,54,409090.90909090906
2.16E-4,958,4435185.185185186
1.01E-4,962,9524752.475247525
0.034707,54,1555.8820987120753
1.29E-4,54,418604.6511627907
0.001371,1514,1104303.4281546315
7.1E-5,54,760563.38028169
0.001256,1514,1205414.0127388535
5.7E-5,54,947368.4210526316
0.001257,1514,1204455.0517104215
7.8E-5,54,692307.6923076924
6.42E-4,1285,2001557.632398754
6.5E-5,54,830769.2307692309
1.65E-4,955,5787878.787878788
0.004804,66,13738.551207327228
7.3E-5,66,904109.5890410959
0.006093,66,10832.102412604627
6.9E-5,66,956521.7391304348
0.01419,1514,106694.85553206484
9.9E-5,54,545454.5454545455
0.00125,1007,805600.0
3.0E-6,60,2.0E7
4.6E-5,54,1173913.043478261
8.08E-4,958,1185643.5643564356
4.35E-4,1514,3480459.7701149425
6.5E-5,54,830769.2307692309
0.00125,1514,1211200.0
7.1E-5,54,760563.38028169
6.36E-4,1514,2380503.144654088
4.9E-5,54,1102040.8163265307
0.001241,1514,1219983.8839645449
5.6E-5,54,964285.7142857143
6.28E-4,384,611464.9681528662
3.7E-5,54,1459459.4594594596
0.087381,1514,17326.42107551985
8.9E-5,74,831460.6741573034
0.164494,1514,9203.983124004522
1.29E-4,54,418604.6511627907
6.45E-4,658,1020155.03875969
5.1E-5,54,1058823.5294117648
0.019016,958,50378.62852334876
0.002971,954,321104.0053853921
0.00825,1514,183515.15151515152
1.29E-4,54,418604.6511627907
0.001286,1514,1177293.934681182
7.8E-5,54,692307.6923076924
0.001265,1514,1196837.9446640315
6.0E-5,54,900000.0
0.001261,1514,1200634.4171292626
8.1E-5,54,666666.6666666666
6.51E-4,1307,2007680.4915514593
7.8E-5,54,692307.6923076924
8.81E-4,953,1081725.3121452895
9.3E-5,66,709677.4193548388
0.001127,1514,1343389.5297249334
6.4E-5,66,1031250.0
0.001154,1514,1311958.4055459271
5.9E-5,66,1118644.0677966103
0.001165,1514,1299570.8154506437
6.0E-5,66,1100000.0
0.001167,1514,1297343.616109683
4.4E-5,66,1500000.0
0.008576,1514,176539.1791044776
9.9E-5,54,545454.5454545455
0.001121,1514,1350579.8394290812
2.0E-6,66,3.3E7
6.9E-5,54,782608.695652174
0.001237,1514,1223928.8601455132
5.6E-5,54,964285.7142857143
0.001179,1514,1284139.1009329942
7.2E-5,54,750000.0
0.001165,1514,1299570.8154506437
7.7E-5,54,701298.7012987013
0.001122,1514,1349376.1140819965
6.4E-5,54,843750.0
0.001187,1514,1275484.4144903119
5.2E-5,54,1038461.5384615385
0.001256,1514,1205414.0127388535
7.3E-5,54,739726.0273972603
0.00358,66,18435.754189944135
0.174687,1502,8598.235701569092
1.17E-4,66,564102.5641025641
0.087651,1514,17273.0487957924
1.19E-4,66,554621.8487394957
0.001017,1490,1465093.411996067
6.7E-5,66,985074.6268656716
0.001163,1514,1301805.674978504
7.2E-5,66,916666.6666666666
0.001156,1514,1309688.581314879
5.8E-5,66,1137931.0344827587
0.001169,1514,1295124.037639008
5.3E-5,74,1396226.4150943395
0.00118,1514,1283050.847457627
5.2E-5,74,1423076.9230769232
0.001182,1514,1280879.8646362098
6.5E-5,74,1138461.5384615385
0.001162,1514,1302925.9896729775
6.6E-5,74,1121212.121212121
0.017083,54,3161.037288532459
0.119292,1514,12691.546792743857
1.26E-4,66,523809.5238095238
0.001081,1514,1400555.041628122
5.5E-5,66,1200000.0
0.001278,1514,1184663.5367762127
7.6E-5,66,868421.0526315789
0.001271,1514,1191188.0409126673
7.7E-5,66,857142.8571428572
0.001267,1514,1194948.6977111287
7.6E-5,66,868421.0526315789
0.001285,1514,1178210.1167315177
7.5E-5,66,880000.0000000001
0.001266,1514,1195892.5750394945
7.4E-5,66,891891.891891892
6.43E-4,1514,2354587.869362364
5.4E-5,66,1222222.2222222222
0.001261,1514,1200634.4171292626
9.6E-5,54,562500.0
0.082017,954,11631.734884231317
0.018214,1514,83122.8725156473
1.17E-4,74,632478.6324786325
0.001098,1514,1378870.6739526412
6.8E-5,74,1088235.294117647
0.00116,1514,1305172.4137931035
6.8E-5,74,1088235.294117647
0.001164,1514,1300687.2852233676
7.5E-5,66,880000.0000000001
0.001184,1514,1278716.2162162163
6.7E-5,66,985074.6268656716
0.042985,54,1256.2521809933696
0.063471,1514,23853.41336988546
1.29E-4,54,418604.6511627907
0.127994,66,515.6491710548933
0.073895,1514,20488.531023749914
1.02E-4,66,647058.8235294118
0.001166,1514,1298456.2607204118
5.9E-5,66,1118644.0677966103
0.001098,1514,1378870.6739526412
4.1E-5,66,1609756.0975609757
0.001271,1514,1191188.0409126673
6.0E-5,66,1100000.0
0.001264,1514,1197784.8101265824
6.0E-5,66,1100000.0
0.001262,1514,1199683.0427892234
5.9E-5,66,1118644.0677966103
0.002161,1514,700601.5733456733
6.1E-5,66,1081967.213114754
9.2E-5,66,717391.304347826
1.15E-4,54,469565.2173913043
0.172864,1514,8758.330248056276
1.19E-4,66,554621.8487394957
0.0851,1514,17790.834312573443
1.17E-4,54,461538.46153846156
6.49E-4,759,1169491.5254237289
6.6E-5,54,818181.8181818181
0.169535,1514,8930.309375645147
1.17E-4,66,564102.5641025641
0.001063,1514,1424270.9313264347
6.0E-5,66,1100000.0
1.19E-4,54,453781.512605042
0.140933,1514,10742.693336549992
1.17E-4,66,564102.5641025641
0.001121,1514,1350579.8394290812
6.0E-5,66,1100000.0
0.00126,1514,1201587.3015873015
6.8E-5,66,970588.2352941177
0.001265,1514,1196837.9446640315
6.1E-5,66,1081967.213114754
0.504111,1514,3003.3068113966965
1.37E-4,54,394160.5839416059
0.050699,462,9112.605771316988
9.0E-6,66,7333333.333333333
0.143029,497,3474.8197917904763
1.28E-4,54,421875.0
0.075176,60,798.127061828243
1.58E-4,54,341772.1518987342
1.8E-4,1039,5772222.222222222
0.003387,60,17714.79185119575
1.2E-4,54,450000.0
2.56E-4,1407,5496093.75
0.177038,54,305.01926140150704
1.19E-4,54,453781.512605042
0.011463,547,47718.747273837565
9.0E-5,54,600000.0
0.385564,1514,3926.715149754645
1.19E-4,66,554621.8487394957
0.146736,66,449.7873732417402
3.86E-4,1315,3406735.7512953365
3.85E-4,1039,2698701.298701299
0.097881,1514,15467.761874112442
8.5E-5,66,776470.5882352941
0.001125,1514,1345777.777777778
6.0E-5,66,1100000.0
0.021581,135,6255.5025253695385
0.003611,66,18277.48546109111
4.0E-6,66,1.65E7
0.021701,54,2488.3645914934796
0.110257,547,4961.136254387477
1.01E-4,54,534653.4653465346
0.001581,547,345983.55471220746
8.7E-5,54,620689.6551724138
0.090895,1514,16656.581770174376
8.6E-5,66,767441.8604651162
0.001128,1514,1342198.5815602837
3.7E-5,66,1783783.783783784
0.001238,1514,1222940.226171244
3.5E-5,66,1885714.285714286
0.001239,1514,1221953.188054883
4.3E-5,66,1534883.7209302324
1.21E-4,66,545454.5454545454
0.001089,1514,1390266.2993572087
5.7E-5,66,1157894.7368421052
0.001265,1514,1196837.9446640315
8.0E-5,66,824999.9999999999
0.001264,1514,1197784.8101265824
6.5E-5,66,1015384.6153846155
0.00217,1514,697695.8525345622
8.1E-5,66,814814.8148148148
0.001146,1514,1321116.9284467713
8.1E-5,66,814814.8148148148
0.002359,1514,641797.3717676982
9.0E-5,66,733333.3333333333
0.226522,1514,6683.677523595942
9.9E-5,66,666666.6666666667
0.154127,66,428.2182875161393
0.079454,54,679.6385329876407
1.65E-4,54,327272.7272727273
1.92E-4,465,2421875.0
0.200153,465,2323.222734608025
0.094396,60,635.6201533963304
0.009765,1403,143676.39528929853
1.14E-4,54,473684.2105263158
0.007882,66,8373.50926160873
5.54E-4,488,880866.4259927798
0.199756,488,2442.980436132081
1.56E-4,54,346153.8461538462
2.17E-4,488,2248847.926267281
0.200052,488,2439.3657649011257
0.258574,62,239.7766210059789
0.187913,60,319.29669581135954
6.76E-4,410,606508.875739645
7.8E-5,54,692307.6923076924
0.047891,66,1378.1295024117264
0.197311,1403,7110.602044488143
1.01E-4,66,653465.3465346535
0.004069,488,119931.1870238388
1.32E-4,54,409090.90909090906
1.21E-4,54,446280.9917355372
0.606505,410,676.0043198324829
9.2E-5,66,717391.304347826
0.097525,1514,15524.22455780569
9.3E-5,66,709677.4193548388
0.077975,54,692.5296569413273
0.147337,74,502.2499440059184
0.003048,311,102034.12073490814
0.104927,839,7996.035338854632
0.016292,66,4051.0680088386935
0.024899,54,2168.7617976625565
0.023099,66,2857.266548335426
1.5E-4,54,360000.00000000006
4.76E-4,317,665966.3865546219
0.038789,60,1546.8302869370184
6.76E-4,95,140532.54437869822
5.14E-4,629,1223735.4085603112
0.067643,1514,22382.21249796727
1.08E-4,66,611111.1111111111
0.001105,1514,1370135.7466063348
4.5E-5,66,1466666.6666666665
0.001272,1230,966981.1320754718
6.2E-5,66,1064516.129032258
0.001266,1514,1195892.5750394945
6.4E-5,66,1031250.0
8.97E-4,62,69119.28651059086
3.67E-4,1514,4125340.5994550413
6.4E-5,66,1031250.0
6.4E-4,1230,1921874.9999999998
4.4E-5,66,1500000.0
0.200262,488,2436.8077818058346
0.39259,1403,3573.7028452074683
9.2E-5,66,717391.304347826
0.041213,410,9948.31727852862
1.27E-4,54,425196.8503937008
0.347453,95,273.4182752775195
0.031707,103,3248.4940234017727
0.02339,54,2308.678922616503
1.23E-4,66,536585.3658536585
0.062323,1514,24292.79720167514
1.3E-4,66,507692.30769230775
8.09E-4,1230,1520395.5500618047
4.6E-5,66,1434782.608695652
0.170142,66,387.9112741122122
1.000594,66,65.96081927335163
1.102158,135,122.48697555159968
0.023116,54,2336.044298321509
0.109452,66,603.0040565727443
5.75E-4,63,109565.21739130435
0.034584,952,27527.180198935926
0.005004,62,12390.087929656276
0.03005,60,1996.6722129783693
0.043102,1514,35125.98023293583
1.31E-4,54,412213.74045801524
0.001082,1514,1399260.628465804
7.0E-5,54,771428.5714285715
0.001155,1514,1310822.5108225108
4.8E-5,54,1125000.0
0.001277,1514,1185591.2294440095
6.8E-5,54,794117.6470588235
0.001267,1514,1194948.6977111287
7.0E-5,54,771428.5714285715
0.001263,1514,1198733.174980206
5.7E-5,54,947368.4210526316
0.001277,1514,1185591.2294440095
7.4E-5,54,729729.7297297298
0.001265,1514,1196837.9446640315
7.6E-5,54,710526.3157894736
6.41E-4,1514,2361934.4773790953
5.4E-5,54,1000000.0
0.164531,54,328.20562690313676
0.189643,66,348.0223367063377
1.64E-4,54,329268.2926829268
4.9E-5,66,1346938.775510204
4.6E-5,66,1434782.608695652
3.88E-4,281,724226.8041237113
0.049302,1514,30708.69335929577
1.1E-4,54,490909.0909090909
0.151283,281,1857.445978728608
0.144575,952,6584.81756873595
0.077842,60,770.7921173659464
0.001392,1514,1087643.6781609196
9.9E-5,54,545454.5454545455
0.001131,1514,1338638.3731211317
7.6E-5,54,710526.3157894736
8.84E-4,1230,1391402.7149321267
5.6E-5,54,964285.7142857143
6.35E-4,536,844094.4881889763
5.1E-5,54,1058823.5294117648
1.0E-4,54,540000.0
0.001125,1514,1345777.777777778
7.5E-5,54,720000.0000000001
0.131068,1514,11551.255836664937
1.21E-4,54,446280.9917355372
0.001272,1514,1190251.572327044
8.0E-5,54,675000.0
0.001264,1514,1197784.8101265824
6.3E-5,54,857142.8571428572
0.001253,1514,1208300.0798084596
6.0E-5,54,900000.0
0.001254,1514,1207336.5231259968
5.8E-5,54,931034.4827586206
0.001253,1514,1208300.0798084596
3.0E-6,413,1.3766666666666666E8
7.0E-5,54,771428.5714285715
0.001782,66,37037.03703703704
0.082883,1514,18266.71331877466
1.25E-4,54,432000.0
0.001044,1514,1450191.570881226
7.8E-5,54,692307.6923076924
0.001149,1514,1317667.5369886858
5.5E-5,54,981818.1818181818
0.001276,1514,1186520.3761755486
7.5E-5,54,720000.0000000001
0.001265,1514,1196837.9446640315
7.4E-5,54,729729.7297297298
0.001264,1514,1197784.8101265824
7.4E-5,54,729729.7297297298
0.001279,1514,1183737.2947615325
7.3E-5,54,739726.0273972603
0.001261,1514,1200634.4171292626
7.5E-5,54,720000.0000000001
6.41E-4,1514,2361934.4773790953
5.6E-5,54,964285.7142857143
0.001258,1514,1203497.6152623212
7.6E-5,54,710526.3157894736
0.173569,66,380.25223398187467
1.51E-4,54,357615.8940397351
2.12E-4,285,1344339.6226415094
0.103776,1514,14589.115016959606
1.24E-4,54,435483.87096774194
0.001085,1514,1395391.7050691245
5.6E-5,54,964285.7142857143
0.001279,1514,1183737.2947615325
7.5E-5,54,720000.0000000001
0.001263,1514,1198733.174980206
7.5E-5,54,720000.0000000001
0.00259,1514,584555.9845559846
6.76E-4,489,723372.7810650888
1.0E-6,121,1.21E8
9.0E-5,54,600000.0
0.015426,180,11668.611435239207
2.84E-4,492,1732394.366197183
0.007085,55,7762.87932251235
0.161392,682,4225.736095965103
1.35E-4,54,400000.0
0.067091,60,894.3077312903371
0.005106,1514,296513.9052095574
7.9E-5,66,835443.0379746836
0.177613,66,371.5944215795015
1.24E-4,54,435483.87096774194
0.003614,1514,418926.3973436635
7.8E-5,54,692307.6923076924
6.79E-4,494,727540.500736377
5.5E-5,54,981818.1818181818
0.010058,491,48816.86219924439
0.228198,60,262.9295611705624
0.001389,1514,1089992.800575954
1.02E-4,54,529411.7647058824
8.07E-4,1153,1428748.4510532839
7.7E-5,54,701298.7012987013
0.16634,66,396.7776842611519
0.108498,66,608.3061438920533
1.57E-4,54,343949.0445859873
3.5E-4,312,891428.5714285715
0.131826,1514,11484.836071791604
1.22E-4,54,442622.95081967214
0.001276,1514,1186520.3761755486
6.6E-5,54,818181.8181818181
0.001252,1514,1209265.1757188498
5.2E-5,54,1038461.5384615385
0.001248,1481,1186698.717948718
5.4E-5,54,1000000.0
0.007716,268,34733.02229134266
0.119768,54,450.87168525816577
0.108708,66,607.1310299150017
0.05695,161,2827.0412642669007
8.5E-5,54,635294.1176470588
0.002002,539,269230.76923076925
1.64E-4,1494,9109756.097560976
1.5E-5,795,5.3E7
0.018231,54,2961.98782293895
1.26E-4,440,3492063.492063492
1.16E-4,54,465517.2413793103
0.001269,1514,1193065.4058313633
9.2E-5,54,586956.5217391305
0.001264,1514,1197784.8101265824
1.01E-4,54,534653.4653465346
1.16E-4,66,568965.5172413794
0.001131,1514,1338638.3731211317
5.1E-5,54,1058823.5294117648
0.001239,1514,1221953.188054883
3.9E-5,54,1384615.3846153847
0.001237,1514,1223928.8601455132
5.5E-5,54,981818.1818181818
0.001241,1514,1219983.8839645449
4.6E-5,54,1173913.043478261
6.26E-4,1514,2418530.3514376995
3.9E-5,54,1384615.3846153847
6.33E-4,60,94786.72985781991
5.0E-5,54,1080000.0
6.3E-4,1437,2280952.380952381
3.5E-5,54,1542857.142857143
9.5E-5,1080,1.1368421052631577E7
0.0271,66,2435.4243542435424
1.14E-4,54,473684.2105263158
6.65E-4,315,473684.2105263158
8.7E-5,54,620689.6551724138
5.3E-5,54,1018867.9245283019
0.009159,66,7206.026858827383
1.2E-4,54,450000.0
1.64E-4,1494,9109756.097560976
1.9E-5,485,2.5526315789473683E7
4.59E-4,66,143790.8496732026
7.4E-5,54,729729.7297297298
1.0E-6,66,6.6E7
0.002144,60,27985.07462686567
6.42E-4,60,93457.94392523365
5.6E-5,54,964285.7142857143
1.02E-4,54,529411.7647058824
0.021195,1514,71431.94149563577
1.39E-4,54,388489.20863309357
0.001211,66,54500.41288191577
1.11E-4,54,486486.4864864865
5.39E-4,469,870129.8701298701
1.2E-4,66,550000.0
9.5E-5,54,568421.0526315789
0.005184,469,90470.67901234567
0.019711,60,3043.9855918015323
0.009709,60,6179.833144505098
0.00137,1514,1105109.489051095
9.0E-5,54,600000.0
0.00126,1514,1201587.3015873015
5.4E-5,54,1000000.0
0.001256,1514,1205414.0127388535
6.2E-5,54,870967.7419354839
0.001244,1514,1217041.8006430867
5.3E-5,54,1018867.9245283019
0.001241,1514,1219983.8839645449
4.0E-5,54,1350000.0
0.001236,1514,1224919.0938511328
3.7E-5,54,1459459.4594594596
0.001242,1514,1219001.6103059582
4.1E-5,54,1317073.1707317072
0.001241,1514,1219983.8839645449
4.1E-5,54,1317073.1707317072
0.00124,1437,1158870.9677419355
4.4E-5,54,1227272.7272727273
6.28E-4,1514,2410828.025477707
0.001167,1514,1297343.616109683
9.5E-5,54,568421.0526315789
0.001268,1230,970031.5457413249
8.65E-4,1514,1750289.0173410405
9.6E-5,54,562500.0
0.001261,1514,1200634.4171292626
8.37E-4,1230,1469534.0501792114
5.9E-5,54,915254.2372881357
0.001253,1514,1208300.0798084596
2.0E-6,194,9.7E7
7.1E-5,54,760563.38028169
0.004099,54,13173.944864601122
0.011107,60,5401.9987395336275
0.001414,1514,1070721.3578500708
7.9E-5,54,683544.3037974684
0.001267,1514,1194948.6977111287
7.3E-5,54,739726.0273972603
0.001251,1514,1210231.8145483613
5.7E-5,54,947368.4210526316
0.001248,1514,1213141.0256410257
6.6E-5,54,818181.8181818181
0.001249,1514,1212169.735788631
7.1E-5,54,760563.38028169
0.02366,55,2324.5984784446323
0.120265,1437,11948.613478568162
1.04E-4,66,634615.3846153846
0.139253,54,387.7833870724509
0.011602,60,5171.522151353215
1.23E-4,54,439024.3902439024
0.106891,1514,14163.96141864142
1.22E-4,66,540983.606557377
0.032468,1514,46630.528520389315
1.22E-4,66,540983.606557377
0.002286,1514,662292.2134733159
8.4E-5,54,642857.1428571428
0.427015,135,316.1481446787584
0.023426,54,2305.131050969009
0.185294,135,728.5718911567564
0.024194,54,2231.9583367777136
1.15E-4,188,1634782.608695652
0.068935,60,870.3851454268514
6.78E-4,60,88495.57522123893
0.023645,54,2283.7809262000424
0.002407,103,42791.857083506446
0.108872,60,551.1058858108605
0.013419,95,7079.514121767643
0.026613,54,2029.0835306053432
1.12E-4,54,482142.85714285716
0.018259,135,7393.614108111068
0.025817,54,2091.6450400898634
0.046181,60,1299.2356163790303
1.55E-4,54,348387.0967741936
3.53E-4,571,1617563.7393767706
0.053391,60,1123.7849075686913
0.002502,1514,605115.9072741807
0.001135,1419,1250220.2643171807
6.8E-5,54,794117.6470588235
0.007062,180,25488.53016142736
0.268965,180,669.2320562154927
0.064278,60,933.4453467749463
9.0E-4,1073,1192222.2222222222
2.75E-4,1274,4632727.2727272725
0.047934,60,1251.721116535236
6.84E-4,60,87719.29824561403
6.37E-4,668,1048665.6200941915
1.0E-6,103,1.03E8
9.9E-5,54,545454.5454545455
0.682525,54,79.11798102633603
0.025976,54,2078.8420080073915
0.044602,135,3026.770099995516
0.026103,54,2068.7277324445463
1.63E-4,54,331288.3435582822
3.38E-4,789,2334319.5266272193
0.046805,60,1281.9143253925863
0.008655,376,43443.09647602542
2.17E-4,54,248847.92626728112
0.019484,66,3387.394785464997
0.037766,60,1588.7306042472064
1.26E-4,54,428571.4285714286
2.9E-4,813,2803448.275862069
0.025201,60,2380.8579024641876
0.009961,334,33530.77000301175
2.24E-4,54,241071.42857142858
0.008819,66,7483.841705408776
0.037025,60,1620.5266711681295
7.6E-5,54,710526.3157894736
0.012163,66,5426.292855381073
1.36E-4,54,397058.82352941175
1.97E-4,705,3578680.2030456853
0.050474,60,1188.7308317153386
0.011279,376,33336.28867807429
2.06E-4,54,262135.9223300971
0.014812,66,4455.846610856062
0.003003,60,19980.01998001998
9.1E-5,54,593406.5934065934
0.030236,66,2182.8284164572033
1.51E-4,54,357615.8940397351
2.95E-4,833,2823728.8135593217
9.5E-5,54,568421.0526315789
0.018159,60,3304.1467041136625
0.010029,378,37690.69697876159
2.01E-4,54,268656.7164179104
0.023908,66,2760.5822318889077
0.016783,60,3575.046177679795
1.07E-4,54,504672.8971962617
0.027671,60,2168.3350800477033
1.0E-4,54,540000.0
0.009377,705,75183.96075503892
0.041835,60,1434.2058085335248
0.007614,376,49382.71604938272
1.97E-4,54,274111.6751269036
0.015221,66,4336.1145785428025
0.023788,60,2522.280141247688
1.06E-4,54,509433.96226415096
0.003884,60,15447.991761071062
1.11E-4,54,486486.4864864865
2.95E-4,705,2389830.5084745763
0.02931,60,2047.0829068577277
6.92E-4,376,543352.6011560693
1.98E-4,54,272727.27272727276
0.049082,60,1222.4440731836519
1.19E-4,54,453781.512605042
0.023661,60,2535.818435400025
0.02205,119,5396.825396825397
0.024321,54,2220.3034414703343
0.024062,54,2244.202476934586
7.07E-4,60,84865.62942008488
6.8E-5,54,794117.6470588235
5.7E-4,63,110526.3157894737
0.070566,60,850.2678343678258
0.058186,60,1031.1758842333206
0.024994,54,2160.518524445867
0.024169,54,2234.267036286152
0.067464,135,2001.067235859125
0.023134,54,2334.226679346417
0.024492,54,2204.8015678588927
0.400218,60,149.91829452948141
9.4E-5,54,574468.085106383
0.038731,375,9682.166739820816
0.192923,188,974.4820472416455
0.075054,60,799.4244144216165
0.032917,375,11392.289698332168
0.080946,66,815.3583870728634
0.020952,117,5584.192439862543
0.041342,54,1306.1777369261285
0.023858,54,2263.391734428703
0.023499,54,2297.970126388357
1.44E-4,54,375000.0
1.54E-4,54,350649.3506493507
8.0E-5,54,675000.0
8.9E-5,54,606741.5730337079
8.7E-5,54,620689.6551724138
7.7E-5,54,701298.7012987013
1.04E-4,54,519230.76923076925
7.6E-5,54,710526.3157894736
9.8E-5,54,551020.4081632653
7.8E-5,54,692307.6923076924
7.5E-5,54,720000.0000000001
7.4E-5,54,729729.7297297298
8.6E-5,54,627906.976744186
8.9E-5,54,606741.5730337079
9.3E-5,54,580645.1612903225
4.09E-4,54,132029.3398533007
7.0E-5,54,771428.5714285715
2.61E-4,54,206896.55172413794
5.0E-5,54,1080000.0
2.17E-4,54,248847.92626728112
4.9E-5,54,1102040.8163265307
2.42E-4,54,223140.4958677686
4.9E-5,54,1102040.8163265307
2.32E-4,54,232758.62068965516
5.0E-5,54,1080000.0
2.55E-4,54,211764.70588235292
4.9E-5,54,1102040.8163265307
1.1E-4,54,490909.0909090909
8.0E-5,54,675000.0
7.3E-5,54,739726.0273972603
8.1E-5,54,666666.6666666666
0.053988,60,1111.3580795732385
1.1E-4,54,490909.0909090909
4.4E-5,60,1363636.3636363638
5.3E-5,54,1018867.9245283019
6.41E-4,60,93603.74414976599
1.0E-6,60,6.0E7
3.0E-6,60,2.0E7
1.0E-6,60,6.0E7
4.7E-5,54,1148936.170212766
3.6E-5,54,1500000.0
1.4E-5,54,3857142.8571428573
5.6E-5,54,964285.7142857143
6.61E-4,60,90771.5582450832
7.4E-5,54,729729.7297297298
0.001269,60,47281.32387706856
2.4E-5,60,2500000.0
1.8E-5,54,3000000.0
5.8E-5,54,931034.4827586206
0.015226,60,3940.627873374491
9.8E-5,54,551020.4081632653
5.0E-5,60,1200000.0
5.5E-5,54,981818.1818181818
0.219968,60,272.76694791969743
0.001136,60,52816.9014084507
6.8E-5,54,794117.6470588235
0.003118,54,17318.79409878127
3.0E-6,54,1.8E7
0.057256,60,1047.9251082855944
1.11E-4,54,486486.4864864865
0.016046,54,3365.324691511903
0.115237,54,468.59949495387764
0.081103,54,665.8200066582001
0.077103,54,700.3618536243725
0.124357,54,434.2336981432489
0.050052,54,1078.877966914409
0.092416,66,714.1620498614958
0.067885,66,972.2324519407822
1.6E-4,54,337500.0
7.9E-5,280,3544303.7974683545
0.062564,60,959.0179656032224
2.0E-6,74,3.7E7
0.032251,54,1674.3666863043006
0.06809,54,793.0679982376267
3.0E-6,54,1.8E7
0.01711,54,3156.0490940970194
0.243535,54,221.73404233477734
0.692482,54,77.98036627666856
0.061513,60,975.4035732284233
1.08E-4,54,500000.0
0.552181,54,97.79402043895027
0.291643,54,185.15788138237502
0.118215,54,456.79482299200606
1.0E-6,54,5.4E7
0.566904,54,95.2542229372169
5.57E-4,63,113105.92459605027
0.071756,60,836.1670104242154
0.023787,54,2270.1475595913735
0.024216,54,2229.9306243805745
0.076174,54,708.9033003386982
0.627998,54,85.98753499214966
0.254398,54,212.2658196998404
0.622363,54,86.76608345933161
9.75E-4,54,55384.61538461539
1.073122,54,50.32046682483446
0.034891,135,3869.192628471526
0.024205,54,2230.9440198306133
0.546147,95,173.94584241971484
0.056817,103,1812.8377070243062
0.025422,54,2124.144441822044
0.486839,54,110.91962640626572
0.03996,54,1351.3513513513512
1.83E-4,54,295081.9672131147
8.6E-4,54,62790.6976744186
0.386018,188,487.0239211642981
1.26E-4,188,1492063.492063492
0.062804,60,955.353162218967
6.79E-4,60,88365.24300441825
0.025712,54,2100.1866832607343
1.135283,135,118.91308158406318
0.025219,54,2141.2427138268768
0.025121,54,2149.595955575017
0.025072,54,2153.797064454371
0.654219,60,91.71240823027152
4.25E-4,63,148235.29411764708
0.074724,60,802.9548739360848
7.3E-5,74,1013698.6301369863
1.08E-4,314,2907407.4074074076
7.4E-5,807,1.0905405405405406E7
0.00109,74,67889.90825688074
0.001901,1514,796422.935297212
6.39E-4,979,1532081.3771517996
3.5E-5,74,2114285.7142857146
0.004311,74,17165.390860589192
0.001221,66,54054.05405405405
9.0E-6,74,8222222.222222222
4.7E-5,74,1574468.085106383
0.001287,66,51282.05128205128
1.14E-4,54,473684.2105263158
8.7E-5,280,3218390.804597701
8.2E-5,787,9597560.975609755
0.001108,60,54151.62454873646
0.002432,1514,622532.894736842
6.63E-4,939,1416289.592760181
5.9E-5,54,915254.2372881357
0.004079,54,13238.538857563128
0.001507,60,39814.200398142
7.8E-5,54,692307.6923076924
8.53E-4,66,77373.97420867527
1.08E-4,54,500000.0
1.08E-4,280,2592592.592592593
8.3E-5,787,9481927.710843373
0.001074,60,55865.92178770949
0.001801,1514,840644.0866185452
6.71E-4,939,1399403.8748137108
7.2E-5,54,750000.0
0.003873,54,13942.680092951201
0.001059,86,81208.68744098206
5.1E-5,60,1176470.5882352942
7.7E-5,54,701298.7012987013
0.001279,86,67240.03127443315
7.1E-5,74,1042253.5211267605
1.2E-4,314,2616666.6666666665
7.2E-5,807,1.1208333333333334E7
0.001079,74,68582.0203892493
0.004,1514,378500.0
6.43E-4,979,1522550.5443234837
4.6E-5,74,1608695.652173913
0.003852,74,19210.79958463136
0.001422,74,52039.3811533052
4.6E-5,74,1608695.652173913
6.52E-4,86,131901.84049079753
4.4E-5,74,1681818.1818181819
7.6E-5,314,4131578.9473684207
4.4E-5,807,1.834090909090909E7
0.00116,74,63793.10344827586
0.005673,1514,266878.1949585757
6.3E-4,979,1553968.253968254
2.9E-5,74,2551724.1379310344
0.00234,74,31623.93162393162
6.19E-4,66,106623.58642972537
6.66E-4,66,99099.0990990991
7.2E-5,54,750000.0
9.8E-5,280,2857142.8571428573
8.0E-5,787,9837500.0
0.001078,60,55658.62708719852
0.001146,74,64572.42582897033
2.4E-5,74,3083333.333333333
6.32E-4,74,117088.60759493672
0.004454,1514,339919.17377638083
6.47E-4,939,1451313.7557959815
4.0E-5,54,1350000.0
0.002595,54,20809.248554913294
0.001112,60,53956.8345323741
5.7E-5,54,947368.4210526316
0.084426,60,710.6815436003127
0.019221,127,6607.356537120858
0.026379,54,2047.0829068577277
1.09E-4,54,495412.84403669724
0.066538,66,991.9143947819291
1.52E-4,54,355263.1578947368
2.43E-4,653,2687242.7983539095
0.041996,135,3214.59186589199
0.019292,262,13580.758863777732
9.1E-5,54,593406.5934065934
0.008522,54,6336.540718141281
0.027472,54,1965.6377402446128
4.09E-4,63,154034.22982885086
0.055459,60,1081.880307975261
0.027445,54,1967.571506649663
0.026765,54,2017.5602465906968
0.02745,54,1967.2131147540983
0.072748,66,907.2414361906857
1.57E-4,54,343949.0445859873
7.5E-5,280,3733333.3333333335
0.07773,60,771.902740254728
6.56E-4,74,112804.87804878049
0.035048,54,1540.7441223464962
0.026984,54,2001.1858879335903
0.195282,54,276.52318186007926
0.075338,60,796.4108418062598
8.2E-5,54,658536.5853658536
2.09E-4,54,258373.2057416268
0.051987,60,1154.1346875180334
1.11E-4,54,486486.4864864865
5.1E-5,60,1176470.5882352942
8.0E-5,54,675000.0
0.120566,95,787.9501683725097
0.05383,60,1114.620100315809
0.00607,103,16968.698517298188
0.027466,54,1966.0671375518823
1.12E-4,54,482142.85714285716
3.74E-4,63,168449.19786096257
0.065659,60,913.8122724988198
0.027365,54,1973.3235885254887
0.29596,60,202.73009866198134
1.02E-4,54,529411.7647058824
0.176556,135,764.6299191191464
1.42E-4,54,380281.690140845
3.33E-4,312,936936.9369369369
0.053937,188,3485.547954094592
1.08E-4,188,1740740.740740741
0.074104,60,809.6728921515707
0.001218,60,49261.08374384237
0.005163,1514,293240.3641293821
8.6E-5,54,627906.976744186
0.001249,1514,1212169.735788631
5.0E-5,54,1080000.0
0.001242,1514,1219001.6103059582
5.1E-5,54,1058823.5294117648
0.001248,1514,1213141.0256410257
3.5E-5,54,1542857.142857143
0.087827,112,1275.2342673665273
9.8E-5,54,551020.4081632653
0.003859,268,69448.04353459446
0.107408,161,1498.9572471324295
1.14E-4,54,473684.2105263158
6.33E-4,539,851500.7898894155
1.92E-4,987,5140625.0
0.014286,66,4619.907601847963
0.029411,66,2244.0583455169835
0.03631,60,1652.4373450839987
0.060182,66,1096.6734239473597
1.04E-4,54,519230.76923076925
2.31E-4,312,1350649.3506493506
0.114574,60,523.6790196728751
0.001378,1514,1098693.7590711175
6.2E-5,54,870967.7419354839
0.001238,1514,1222940.226171244
2.8E-5,54,1928571.4285714286
0.00123,1514,1230894.3089430896
2.5E-5,54,2160000.0
0.001283,1481,1154325.7989088073
2.9E-5,54,1862068.9655172413
0.003448,268,77726.2180974478
0.130237,161,1236.20783648272
1.22E-4,54,442622.95081967214
8.57E-4,539,628938.1563593933
2.58E-4,1035,4011627.9069767445
0.109467,60,548.1103894324317
0.022702,1051,46295.48057439873
9.9E-5,54,545454.5454545455
1.11E-4,54,486486.4864864865
0.120199,66,549.0894267007213
0.007416,60,8090.614886731391
1.19E-4,54,453781.512605042
1.07E-4,54,504672.8971962617
0.105491,60,568.7688997165635
0.024812,62,2498.7909076253427
0.001951,54,27678.11378780113
0.042101,66,1567.6587254459514
0.213824,135,631.3603711463634
0.026707,54,2021.9418130078257
1.358757,135,99.3555138998364
0.026922,54,2005.7945174949855
0.027038,54,1997.1891412086693
0.059341,60,1011.1053066176843
1.09E-4,54,495412.84403669724
2.19E-4,571,2607305.936073059
0.060394,60,993.476173129781
0.008595,1514,176148.92379290285
0.001116,1419,1271505.376344086
8.9E-5,54,606741.5730337079
0.006713,180,26813.645166095634
0.106584,62,581.7008181340539
0.131678,62,470.8455474718632
1.83E-4,54,295081.9672131147
2.36E-4,312,1322033.8983050848
0.048212,180,3733.5103293785783
6.26E-4,1073,1714057.5079872203
2.65E-4,1274,4807547.1698113205
0.012585,60,4767.580452920143
0.010913,60,5498.029872628974
0.001417,1514,1068454.481298518
8.5E-5,54,635294.1176470588
0.001264,1514,1197784.8101265824
6.6E-5,54,818181.8181818181
0.001252,1514,1209265.1757188498
5.5E-5,54,981818.1818181818
0.001251,1481,1183852.9176658674
6.1E-5,54,885245.9016393443
0.003901,268,68700.33324788515
0.01989,60,3016.5912518853693
2.0E-6,60,3.0E7
0.002472,103,41666.66666666667
7.3E-5,54,739726.0273972603
0.107488,161,1497.841619529622
9.4E-5,54,574468.085106383
6.24E-4,539,863782.0512820513
1.59E-4,1035,6509433.962264151
0.12199,60,491.84359373719155
0.016563,1051,63454.688160357415
1.39E-4,54,388489.20863309357
2.23E-4,54,242152.466367713
0.125699,60,477.33076635454535
0.099258,135,1360.0918817626791
0.027369,54,1973.0351857941466
0.062482,434,6946.000448129061
0.020832,668,32066.05222734255
9.0E-5,54,600000.0
0.009206,130,14121.225287855745
0.017536,54,3079.379562043796
1.42E-4,54,380281.690140845
7.01E-4,249,355206.847360913
0.018241,371,20338.797215064962
0.00156,54,34615.38461538462
0.042334,60,1417.3005149525206
8.2E-5,54,658536.5853658536
0.001231,86,69861.90089358245
5.4E-5,74,1370370.3703703703
9.6E-5,314,3270833.333333333
4.6E-5,807,1.7543478260869566E7
0.00113,74,65486.72566371682
0.008617,1514,175699.19925728213
6.45E-4,979,1517829.4573643412
4.3E-5,74,1720930.2325581394
0.002289,74,32328.52774137178
6.61E-4,66,99848.71406959153
6.55E-4,66,100763.35877862596
1.2E-4,54,450000.0
3.6E-5,280,7777777.777777778
4.1E-5,787,1.919512195121951E7
5.65E-4,74,130973.45132743364
2.6E-5,74,2846153.8461538465
7.8E-4,60,76923.07692307692
0.001186,1514,1276559.8650927488
6.2E-5,54,870967.7419354839
0.002903,54,18601.446779193935
8.13E-4,60,73800.73800738007
8.9E-5,54,606741.5730337079
6.97E-4,60,86083.2137733142
6.9E-5,54,782608.695652174
0.111067,66,594.2359116569278
1.87E-4,54,288770.0534759358
3.38E-4,312,923076.9230769231
9.5E-5,66,694736.8421052631
1.32E-4,66,499999.99999999994
0.103785,1514,14587.849881967528
1.3E-4,66,507692.30769230775
0.001101,1514,1375113.5331516804
8.0E-5,54,675000.0
1.25E-4,54,432000.0
0.008657,268,30957.606561164375
1.28E-4,54,421875.0
8.8E-4,539,612500.0
3.11E-4,1035,3327974.2765273307
0.165415,60,362.7240576731252
0.123873,1051,8484.496217900592
1.43E-4,54,377622.3776223776
1.0E-4,54,540000.0
0.115889,60,517.73679986884
0.033434,60,1794.5803672907819
0.030469,135,4430.7328760379405
0.02724,54,1982.3788546255507
0.026577,54,2031.8320352184219
6.28E-4,63,100318.47133757963
0.070119,60,855.6881872245754
0.307049,306,996.5836071767046
0.04811,106,2203.284140511328
0.018599,54,2903.381902252809
1.14E-4,54,473684.2105263158
7.7E-5,54,701298.7012987013
6.6E-5,54,818181.8181818181
2.17E-4,54,248847.92626728112
8.2E-5,54,658536.5853658536
7.3E-5,54,739726.0273972603
8.6E-5,54,627906.976744186
9.2E-5,54,586956.5217391305
7.3E-5,54,739726.0273972603
6.5E-5,54,830769.2307692309
7.8E-5,54,692307.6923076924
6.6E-5,54,818181.8181818181
6.8E-5,54,794117.6470588235
0.029969,60,2002.0688044312458
1.15E-4,54,469565.2173913043
0.208431,60,287.86504886509204
1.32E-4,54,409090.90909090906
1.8E-5,60,3333333.333333333
5.4E-5,54,1000000.0
6.34E-4,60,94637.2239747634
3.1E-5,54,1741935.4838709678
3.3E-5,54,1636363.6363636362
0.004372,60,13723.696248856359
8.4E-5,54,642857.1428571428
0.00182,60,32967.03296703297
4.1E-5,54,1317073.1707317072
6.29E-4,60,95389.50715421303
1.1E-5,60,5454545.454545455
2.0E-5,54,2700000.0
5.7E-5,54,947368.4210526316
0.104067,188,1806.5284864558407
0.057167,85,1486.8717966659085
1.23E-4,54,439024.3902439024
4.7E-5,60,1276595.7446808512
6.44E-4,60,93167.70186335403
0.004996,60,12009.60768614892
6.93E-4,60,86580.08658008657
8.9E-5,54,606741.5730337079
0.062072,54,869.9574687459724
0.158712,135,850.5973083320732
0.027147,54,1989.1700740413305
0.219845,66,300.21151265664446
0.026846,54,2011.472845116591
0.140272,54,384.9663510893122
4.42E-4,63,142533.9366515837
0.063538,60,944.3167868047468
0.772559,95,122.967954551044
0.057796,103,1782.1302512284587
0.026929,54,2005.2731256266477
0.026916,54,2006.2416406598306
0.027105,54,1992.2523519645822
0.06787,60,884.0430234271402
0.010316,117,11341.605273361767
0.040567,54,1331.1312150269923
0.069896,66,944.2600434931899
1.56E-4,54,346153.8461538462
6.2E-5,280,4516129.0322580645
0.073251,60,819.1014457140517
6.81E-4,74,108663.72980910426
0.034165,54,1580.5649056051514
0.108397,54,498.1687685083536
0.048937,60,1226.0661667041297
1.16E-4,54,465517.2413793103
1.43E-4,188,1314685.3146853147
0.073864,60,812.3036932741254
6.82E-4,60,87976.53958944282
0.0271,54,1992.619926199262
0.026866,54,2009.9754336335889
0.026972,54,2002.0762271985764
0.300042,54,179.97480352750617
0.32039,60,187.2717625394051
5.46E-4,63,115384.61538461538
0.069565,60,862.5026953209228
0.810243,54,66.6466726648672
0.026778,54,2016.5807752632759
0.027109,54,1991.9583902025156
0.042499,135,3176.545330478364
0.026659,54,2025.5823549270417
4.56E-4,111,243421.05263157893
0.03084,248,8041.504539559014
1.15E-4,103,895652.1739130435
0.096147,239,2485.7769873214975
1.24E-4,168,1354838.7096774194
0.005557,54,9717.473456901205
0.001073,66,61509.785647716686
1.33E-4,54,406015.0375939849
4.47E-4,287,642058.1655480984
0.015248,895,58696.22245540399
0.030676,54,1760.3338114486896
0.090118,54,599.2143633902217
0.494633,135,272.92962661205377
0.027477,54,1965.280052407468
0.467793,54,115.4356734709583
0.027945,54,1932.367149758454
0.09113,54,592.5600790080105
0.027779,54,1943.9144677634183
0.026718,54,2021.1093644733887
0.063902,60,938.9377484272793
0.027332,54,1975.7061320064395
1.13E-4,54,477876.1061946903
0.638716,60,93.93846404348726
5.92E-4,63,106418.91891891892
0.062414,60,961.3227801454802
0.027144,54,1989.389920424403
0.055033,103,1871.604310141188
0.026448,54,2041.7422867513612
0.027076,54,1994.3861722558725
0.026728,54,2020.3531876683628
0.027081,54,1994.0179461615153
0.435121,188,432.06372480298586
1.31E-4,188,1435114.5038167937
0.067972,60,882.716412640499
6.84E-4,60,87719.29824561403
9.81E-4,63,64220.18348623852
0.054965,60,1091.6037478395342
0.25931,135,520.6123944313756
0.027323,54,1976.356915419244
2.37E-4,74,312236.28691983124
6.47E-4,66,102009.27357032457
7.1E-4,1421,2001408.4507042253
5.48E-4,225,410583.9416058394
1.55E-4,66,425806.4516129032
1.0E-6,60,6.0E7
6.71E-4,60,89418.7779433681
0.048487,60,1237.4450883742034
1.52E-4,54,355263.1578947368
3.07E-4,571,1859934.8534201956
0.039899,60,1503.797087646307
0.003739,1514,404921.10189890343
0.001168,1419,1214897.2602739725
6.8E-5,54,794117.6470588235
0.003146,180,57215.51176096631
8.63E-4,1073,1243337.195828505
2.75E-4,1274,4632727.2727272725
0.064137,60,935.4974507694467
0.012678,668,52689.698690645215
1.0E-6,103,1.03E8
1.1E-4,54,490909.0909090909
7.04E-4,60,85227.27272727274
7.1E-5,54,760563.38028169
0.001244,86,69131.83279742765
8.1E-5,74,913580.2469135802
1.34E-4,314,2343283.582089552
1.03E-4,807,7834951.45631068
0.001056,74,70075.75757575757
0.01828,1514,82822.75711159737
6.73E-4,979,1454680.5349182764
0.001042,66,63339.731285988484
6.64E-4,74,111445.78313253012
6.0E-6,66,1.1E7
3.4E-5,74,2176470.588235294
9.0E-5,54,600000.0
8.6E-5,280,3255813.953488372
7.5E-5,787,1.0493333333333334E7
0.001112,60,53956.8345323741
0.002555,1514,592563.6007827788
6.9E-4,939,1360869.5652173914
5.9E-5,54,915254.2372881357
0.004653,54,11605.41586073501
6.96E-4,60,86206.89655172413
9.4E-5,54,574468.085106383
3.6E-4,86,238888.88888888888
2.94E-4,86,292517.0068027211
6.0E-5,74,1233333.3333333333
2.0E-4,314,1570000.0
1.14E-4,807,7078947.368421053
9.53E-4,74,77649.5278069255
0.001034,1514,1464216.6344294003
6.33E-4,979,1546603.4755134282
3.4E-5,74,2176470.588235294
0.003697,74,20016.229375169056
6.74E-4,74,109792.28486646884
4.9E-5,74,1510204.081632653
3.34E-4,66,197604.7904191617
9.41E-4,66,70138.15090329437
1.09E-4,54,495412.84403669724
1.23E-4,280,2276422.764227642
9.4E-5,787,8372340.425531915
0.001039,60,57747.83445620789
6.78E-4,1514,2233038.348082596
6.59E-4,939,1424886.191198786
6.4E-5,54,843750.0
6.96E-4,60,86206.89655172413
8.1E-5,54,666666.6666666666
6.66E-4,86,129129.12912912913
6.6E-5,74,1121212.121212121
1.01E-4,314,3108910.891089109
6.9E-5,807,1.1695652173913045E7
0.001096,74,67518.24817518248
0.005261,1514,287777.98897547997
6.4E-4,979,1529687.4999999998
3.5E-5,74,2114285.7142857146
0.004593,74,16111.473982146745
0.001161,66,56847.54521963825
6.74E-4,66,97922.84866468843
1.22E-4,54,442622.95081967214
8.0E-5,280,3499999.9999999995
7.7E-5,787,1.0220779220779222E7
4.87E-4,74,151950.7186858316
4.8E-5,74,1541666.6666666665
6.69E-4,60,89686.09865470852
0.00146,1514,1036986.3013698631
6.74E-4,939,1393175.0741839763
6.0E-5,54,900000.0
0.003565,54,15147.265077138849
0.001204,60,49833.88704318937
8.1E-5,54,666666.6666666666
9.7E-5,54,556701.030927835
0.027347,54,1974.6224448751234
3.09E-4,67,216828.47896440132
0.04888,60,1227.495908346972
0.037474,60,1601.11010300475
0.211894,135,637.1110083343559
0.010912,60,5498.533724340176
5.46E-4,63,115384.61538461538
0.01521,54,3550.2958579881656
0.027082,54,1993.944317258696
1.46E-4,74,506849.31506849313
6.45E-4,66,102325.58139534884
7.29E-4,1421,1949245.5418381344
6.35E-4,225,354330.7086614173
4.6E-5,66,1434782.608695652
6.74E-4,60,89020.77151335312
0.027212,54,1984.4186388358078
0.047703,103,2159.1933421378108
0.026505,54,2037.351443123939
0.026262,54,2056.20287868403
0.026244,54,2057.61316872428
0.146088,135,924.1005421389848
0.026264,54,2056.0462991166614
0.086812,60,691.1486891213196
4.36E-4,63,144495.41284403668
0.059907,60,1001.552406229656
1.45E-4,188,1296551.7241379311
0.06386,60,939.5552771688068
6.82E-4,60,87976.53958944282
0.097714,135,1381.5829870847576
0.026654,54,2025.962332107751
0.025529,54,2115.2414900701165
0.027644,54,1953.4076110548401
5.77E-4,63,109185.44194107452
0.063975,60,937.8663540445486
0.027641,54,1953.619623023769
0.027039,54,1997.115277931876
0.040838,54,1322.2978598364268
7.3E-4,86,117808.2191780822
7.5E-5,74,986666.6666666667
1.01E-4,314,3108910.891089109
7.5E-5,807,1.0760000000000002E7
0.001123,74,65894.92430988423
0.001124,1514,1346975.0889679715
6.39E-4,979,1532081.3771517996
3.4E-5,74,2176470.588235294
0.002585,74,28626.69245647969
8.59E-4,66,76833.52735739232
6.62E-4,66,99697.88519637461
1.07E-4,54,504672.8971962617
4.7E-5,280,5957446.808510639
6.0E-5,787,1.3116666666666666E7
5.45E-4,60,110091.74311926604
3.0E-6,74,2.4666666666666664E7
4.2E-5,74,1761904.761904762
6.97E-4,939,1347202.2955523673
8.0E-5,54,675000.0
0.004034,54,13386.21715418939
7.47E-4,60,80321.28514056225
7.5E-5,54,720000.0000000001
0.0267,54,2022.4719101123594
0.290429,188,647.3182774447456
0.053899,66,1224.5125141468302
0.043758,66,1508.2956259426849
1.53E-4,54,352941.1764705882
1.64E-4,1021,6225609.756097561
0.050312,60,1192.5584353633328
6.86E-4,414,603498.5422740525
1.06E-4,54,509433.96226415096
1.05E-4,54,514285.71428571426
0.046583,60,1288.0235278964428
0.026852,54,2011.0233874571725
0.026815,54,2013.7982472496738
0.124199,135,1086.9652734724111
0.027004,54,1999.7037475929492
0.250736,66,263.22506540744047
1.7E-4,54,317647.0588235294
0.003019,294,97383.23948327261
0.199855,294,1471.0665232293413
9.7E-5,66,680412.3711340206
0.210143,294,1399.0473153995138
0.026725,54,2020.5799812909263
0.02713,54,1990.4165130851454
0.87384,294,336.44603131007966
0.26026,135,518.7120571735957
0.027184,54,1986.4626250735728
0.003027,66,21803.766105054507
0.383858,66,171.9385814546004
1.7E-4,54,317647.0588235294
5.82E-4,294,505154.6391752577
0.241703,66,273.062394757202
1.13E-4,66,584070.796460177
0.377345,60,159.0056844532192
4.25E-4,63,148235.29411764708
1.07E-4,66,616822.4299065421
0.048081,63,1310.2888875023398
0.106968,60,560.9154139555756
9.2E-5,66,717391.304347826
0.388004,60,154.6375810558654
0.001324,1514,1143504.5317220544
7.9E-5,54,683544.3037974684
0.001153,1514,1313096.270598439
6.6E-5,54,818181.8181818181
6.62E-4,795,1200906.344410876
5.3E-5,54,1018867.9245283019
0.036182,180,4974.849372616218
0.002775,715,257657.65765765763
0.027104,54,1992.3258559622195
0.02733,54,1975.8507135016466
0.027339,54,1975.2002633600353
1.68E-4,188,1119047.6190476192
0.05721,60,1048.767697954903
1.0E-6,60,6.0E7
1.13E-4,54,477876.1061946903
0.027904,54,1935.2064220183486
5.62E-4,63,112099.64412811388
0.06243,60,961.0764055742432
0.068727,60,873.019337378323
1.53E-4,54,352941.1764705882
3.51E-4,571,1626780.6267806266
0.056809,60,1056.1706771814324
6.7E-4,191,285074.62686567166
6.7E-4,105,156716.41791044775
3.9E-4,1073,2751282.0512820515
1.38E-4,1274,9231884.057971016
0.005406,668,123566.40769515352
1.0E-6,103,1.03E8
8.8E-5,54,613636.3636363636
0.394568,60,152.065043287849
0.561369,95,169.2291523044557
0.10139,60,591.7743367195976
0.002265,127,56070.64017660044
0.028549,54,1891.4848155802304
7.1E-4,60,84507.04225352113
7.0E-5,54,771428.5714285715
0.05897,60,1017.4665083940987
0.074359,66,887.585900832448
1.0E-4,54,540000.0
1.85E-4,653,3529729.7297297297
0.07681,60,781.1482879833354
6.82E-4,262,384164.2228739003
8.2E-5,54,658536.5853658536
9.5E-5,54,568421.0526315789
0.029535,54,1828.3392585068564
0.029409,54,1836.172600224421
6.77E-4,63,93057.6070901034
0.058621,66,1125.876392419099
0.560351,135,240.92042309195486
0.028815,54,1874.0239458615304
0.029361,54,1839.1744150403595
0.028407,54,1900.9399091773153
0.028558,54,1890.8887176973178
0.029275,54,1844.5772843723314
0.038041,60,1577.2456034278805
1.0E-6,103,1.03E8
0.028261,54,1910.760411875022
0.010773,70,6497.725795971411
0.017692,54,3052.2269952520915
0.048201,60,1244.7874525424784
0.281517,135,479.5447521819286
0.028253,54,1911.3014547127739
0.29769,62,208.2703483489536
8.0E-5,54,675000.0
0.025368,62,2444.023967202775
0.027491,54,1964.2792186533773
5.88E-4,63,107142.85714285714
0.077815,60,771.0595643513462
0.028862,54,1870.9722125978797
1.26E-4,188,1492063.492063492
0.294241,322,1094.3410333706045
0.028302,54,1907.9923680305278
0.027671,135,4878.753930107332
0.028399,54,1901.4754040635232
0.027642,54,1953.5489472541785
0.188675,66,349.8078706770902
0.02853,54,1892.7444794952683
1.390544,66,47.463438769287414
0.027884,54,1936.5944627743509
0.027532,54,1961.354060729333
0.027722,54,1947.9114061034556
4.23E-4,63,148936.17021276595
0.057671,60,1040.3842485824764
0.347935,66,189.69060312989495
7.61E-4,86,113009.19842312747
6.7E-5,74,1104477.6119402985
1.28E-4,314,2453125.0
9.1E-5,807,8868131.868131869
0.001043,74,70949.18504314477
3.0E-6,979,3.263333333333333E8
7.0E-5,74,1057142.8571428573
0.003533,74,20945.372204924992
0.001011,66,65281.899109792284
8.49E-4,66,77738.51590106006
1.0E-6,74,7.4E7
1.02E-4,54,529411.7647058824
5.3E-5,74,1396226.4150943395
6.2E-5,280,4516129.0322580645
8.8E-5,787,8943181.818181818
0.00112,60,53571.42857142858
0.001548,1514,978036.1757105944
6.62E-4,939,1418429.003021148
6.7E-5,54,805970.1492537314
0.003658,54,14762.165117550576
9.39E-4,86,91586.79446219382
7.6E-5,74,973684.2105263157
1.28E-4,314,2453125.0
6.0E-5,66,1100000.0
3.8E-5,807,2.1236842105263155E7
0.001045,74,70813.3971291866
6.38E-4,60,94043.88714733542
8.0E-5,54,675000.0
0.006268,1514,241544.35226547543
6.45E-4,979,1517829.4573643412
3.7E-5,74,2000000.0
0.003768,74,19639.065817409766
0.001054,66,62618.59582542694
6.68E-4,74,110778.44311377246
1.0E-6,66,6.6E7
4.3E-5,74,1720930.2325581394
7.4E-5,54,729729.7297297298
1.01E-4,280,2772277.2277227724
8.3E-5,787,9481927.710843373
0.001094,60,54844.60694698355
0.005456,1514,277492.6686217009
6.76E-4,939,1389053.2544378699
6.4E-5,54,843750.0
0.003633,54,14863.74896779521
8.6E-5,54,627906.976744186
9.33E-4,86,92175.77706323686
7.4E-5,74,1000000.0
3.22E-4,314,975155.2795031056
7.3E-5,807,1.1054794520547945E7
9.16E-4,74,80786.02620087336
0.002845,1514,532161.6871704746
6.42E-4,979,1524922.1183800623
3.5E-5,74,2114285.7142857146
8.23E-4,74,89914.94532199271
5.5E-5,74,1345454.5454545454
4.74E-4,66,139240.50632911394
8.15E-4,66,80981.59509202454
1.03E-4,54,524271.8446601942
1.19E-4,280,2352941.176470588
1.26E-4,787,6246031.746031746
0.001017,60,58997.050147492635
0.004243,1514,356823.0025925053
6.74E-4,939,1393175.0741839763
8.3E-5,54,650602.4096385542
0.003663,54,14742.014742014742
6.72E-4,60,89285.71428571429
7.0E-5,54,771428.5714285715
0.028338,54,1905.5684946008894
0.028583,54,1889.2348598817478
0.079623,66,828.9062205644098
1.61E-4,54,335403.7267080745
8.3E-5,280,3373493.9759036144
0.054868,60,1093.5335714806445
1.0E-6,74,7.4E7
0.037191,54,1451.9641848834394
0.263798,135,511.75520663538015
0.027822,54,1940.9100711667027
1.13E-4,54,477876.1061946903
0.07164,60,837.5209380234506
1.63E-4,54,331288.3435582822
3.28E-4,261,795731.7073170731
0.065702,60,913.2142096131016
0.024407,66,2704.1422542713153
0.057892,60,1036.412630415256
0.148629,66,444.05869648588094
0.075931,66,869.2102040010009
1.47E-4,54,367346.93877551024
0.062863,60,954.4565165518667
0.231469,66,285.135374499393
0.041444,95,2292.249782839494
0.047036,103,2189.8120588485413
0.203197,60,295.2799499992618
0.002131,63,29563.585171281087
0.026974,54,2001.9277823088898
0.053444,117,2189.2073946560886
0.009611,343,35688.27385287691
0.041513,60,1445.3303784356708
7.1E-5,1435,2.0211267605633803E7
0.005682,326,57374.16402675114
2.53E-4,54,213438.7351778656
4.3E-4,60,139534.88372093023
6.0E-5,54,900000.0
0.125768,62,492.9711850391197
1.42E-4,188,1323943.661971831
0.06488,60,924.7842170160297
6.85E-4,60,87591.24087591241
0.027689,54,1950.232944490592
0.027449,54,1967.2847826878938
0.174263,66,378.7378846915295
0.057367,66,1150.4872139034637
0.005026,60,11937.92280143255
1.29E-4,54,418604.6511627907
3.08E-4,571,1853896.1038961038
0.042551,60,1410.0726187398652
0.002508,1514,603668.2615629984
0.001138,1419,1246924.4288224957
6.7E-5,54,805970.1492537314
0.006466,180,27837.921435199503
0.069679,312,4477.676200863962
5.46E-4,1073,1965201.465201465
1.12E-4,1274,1.1375E7
0.06095,60,984.4134536505333
0.022754,668,29357.475608684188
1.0E-6,103,1.03E8
1.38E-4,54,391304.347826087
0.300326,54,179.80461232127755
0.579864,54,93.12528454948055
4.24E-4,63,148584.90566037735
0.052081,60,1152.0516119122137
0.027769,54,1944.6144981814255
7.02E-4,60,85470.08547008547
6.9E-5,54,782608.695652174
0.027251,54,1981.5786576639389
0.026886,54,2008.480249944209
0.027535,54,1961.1403668058833
0.286992,188,655.0705246139264
0.230181,66,286.730877005487
0.143642,66,459.4756408292839
7.07E-4,86,121640.73550212165
7.0E-5,74,1057142.8571428573
9.4E-5,314,3340425.531914894
6.9E-5,807,1.1695652173913045E7
0.001247,74,59342.42181234964
0.005279,1514,286796.74180716043
6.48E-4,979,1510802.4691358025
3.6E-5,74,2055555.5555555555
0.003646,74,20296.21503017005
0.001047,66,63037.249283667625
6.62E-4,74,111782.47734138972
4.0E-5,74,1849999.9999999998
6.53E-4,66,101071.97549770291
1.0E-4,54,540000.0
9.6E-5,280,2916666.6666666665
7.1E-5,787,1.108450704225352E7
4.82E-4,60,124481.32780082988
0.006206,1514,243957.46052207542
6.7E-4,939,1401492.537313433
6.4E-5,54,843750.0
0.003876,54,13931.88854489164
0.005957,60,10072.183985227464
9.1E-5,54,593406.5934065934
5.69E-4,63,110720.56239015819
0.062642,60,957.8238242712556
0.026302,54,2053.075811725344
0.027557,54,1959.5746997133213
0.230574,66,286.2421608680944
0.082589,95,1150.2742495974042
0.05125,103,2009.7560975609758
0.026981,54,2001.4083985026498
9.6E-5,54,562500.0
0.230595,62,268.8696632624298
0.027213,54,1984.3457171204939
1.1E-4,188,1709090.909090909
0.068343,60,877.9245862780388
6.58E-4,60,91185.41033434651
6.61E-4,63,95310.13615733736
0.067263,60,892.0208732884349
0.228924,66,288.30528909157624
1.44E-4,67,465277.77777777775
0.051275,60,1170.1608971233545
0.304116,188,618.1851661865867
0.071235,60,842.2825858075383
5.53E-4,63,113924.0506329114
0.067086,60,894.3743851176101
0.027066,54,1995.1230325870094
0.02741,54,1970.0839109813937
