66.0,60.0,1.60902952117,60.468,60.0,60.0,60.0
90.0,60.0,5.77731287018,61.784,60.0,60.0,60.0
90.0,60.0,4.19145034564,60.912,60.0,60.0,60.0
60.0,60.0,0.0,60.0,60.0,60.0,60.0
74.0,60.0,0.92270038474,60.068,60.0,60.0,60.0
94.0,60.0,3.36387633542,61.156,60.0,60.0,60.0
92.0,54.0,3.2462033208,61.142,60.0,60.0,60.0
74.0,60.0,2.40400998334,61.144,60.0,60.0,60.0
90.0,60.0,14.1085408175,71.226,60.0,60.0,90.0
90.0,60.0,12.9703161103,79.43,90.0,66.0,90.0
82.0,60.0,7.77689295284,64.456,60.0,60.0,66.0
82.0,60.0,10.0911644521,66.82,60.0,60.0,82.0
90.0,60.0,10.0406047627,64.516,60.0,60.0,60.0
90.0,60.0,7.04644591266,63.46,60.0,60.0,66.0
74.0,60.0,1.62785257318,60.436,60.0,60.0,60.0
82.0,60.0,4.70144658589,61.62,60.0,60.0,60.0
90.0,60.0,4.79256757907,61.536,60.0,60.0,60.0
74.0,60.0,2.27996842083,60.588,60.0,60.0,60.0
90.0,60.0,5.32706298067,61.12,60.0,60.0,60.0
82.0,60.0,4.41687491333,61.404,60.0,60.0,60.0
74.0,60.0,2.11461580435,60.82,60.0,60.0,60.0
90.0,60.0,5.9569710424,61.864,60.0,60.0,60.0
90.0,60.0,4.3375108069,61.3,60.0,60.0,60.0
82.0,60.0,3.84046663831,61.104,60.0,60.0,60.0
82.0,60.0,4.90565551175,61.388,60.0,60.0,60.0
74.0,60.0,1.87222220903,60.472,60.0,60.0,60.0
74.0,60.0,2.01189562354,60.326,60.0,60.0,60.0
66.0,60.0,2.04391389251,60.804,60.0,60.0,60.0
66.0,60.0,2.17713205847,60.936,60.0,60.0,60.0
85.0,60.0,2.49918066574,60.436,60.0,60.0,60.0
92.0,54.0,2.22758972883,60.438,60.0,60.0,60.0
74.0,60.0,1.43921645349,60.284,60.0,60.0,60.0
90.0,60.0,4.95318241134,61.728,60.0,60.0,60.0
90.0,60.0,3.58007597685,60.916,60.0,60.0,60.0
74.0,60.0,2.29226176516,60.744,60.0,60.0,60.0
82.0,60.0,3.25939626311,61.156,60.0,60.0,60.0
90.0,60.0,3.27360107527,60.756,60.0,60.0,60.0
82.0,60.0,2.64291959772,60.824,60.0,60.0,60.0
82.0,60.0,3.47038672197,61.304,60.0,60.0,60.0
90.0,60.0,7.13288160563,62.9,60.0,60.0,60.0
90.0,60.0,4.10823757833,61.372,60.0,60.0,60.0
82.0,60.0,3.06988208243,60.732,60.0,60.0,60.0
82.0,60.0,2.83544423327,61.016,60.0,60.0,60.0
82.0,60.0,2.7912405844,60.676,60.0,60.0,60.0
82.0,60.0,2.7161708341,60.804,60.0,60.0,60.0
74.0,60.0,2.69511855027,60.844,60.0,60.0,60.0
90.0,60.0,6.11929930629,62.776,60.0,60.0,60.0
82.0,60.0,3.93631502804,61.868,60.0,60.0,60.0
74.0,60.0,2.0695274823,60.584,60.0,60.0,60.0
90.0,60.0,5.21667940361,61.484,60.0,60.0,60.0
98.0,60.0,6.11286217741,62.446,60.0,60.0,60.0
85.0,60.0,4.73866605702,62.638,60.0,60.0,66.0
94.0,60.0,5.70256468617,62.766,60.0,60.0,66.0
94.0,60.0,8.52272702836,63.182,60.0,60.0,60.0
94.0,60.0,9.23463285681,63.166,60.0,60.0,60.0
94.0,60.0,8.81563406682,63.814,60.0,60.0,66.0
94.0,60.0,7.88875123198,63.598,60.0,60.0,66.0
94.0,60.0,3.12289865349,61.252,60.0,60.0,60.0
94.0,60.0,3.22504201523,61.152,60.0,60.0,60.0
94.0,60.0,5.26399240121,62.628,60.0,60.0,66.0
94.0,60.0,3.40659125813,61.056,60.0,60.0,60.0
94.0,60.0,6.76641589026,62.296,60.0,60.0,60.0
94.0,60.0,8.64391948135,64.216,60.0,60.0,66.0
94.0,60.0,7.66420876542,64.352,60.0,60.0,66.0
74.0,60.0,2.99818345002,61.836,60.0,60.0,66.0
66.0,60.0,2.40895329967,61.212,60.0,60.0,60.0
90.0,60.0,11.1747400865,82.072,90.0,74.0,90.0
90.0,60.0,11.7028570871,78.056,82.0,66.0,90.0
90.0,60.0,11.1305640468,74.612,74.0,66.0,90.0
90.0,60.0,9.12675188662,69.72,66.0,66.0,74.0
90.0,60.0,7.90209187494,69.212,66.0,66.0,74.0
90.0,60.0,9.32204612733,72.616,66.0,66.0,82.0
90.0,60.0,9.22967301696,69.556,66.0,64.5,74.0
90.0,60.0,9.37206999547,69.548,66.0,66.0,74.0
90.0,60.0,6.47874555759,67.184,66.0,66.0,66.0
90.0,60.0,8.37890207605,69.9,66.0,66.0,74.0
90.0,60.0,6.70390453393,66.608,66.0,60.0,66.0
90.0,60.0,9.74954439961,71.372,66.0,66.0,78.0
90.0,60.0,10.3568520314,73.296,66.0,66.0,82.0
90.0,60.0,9.0636601878,69.508,66.0,66.0,74.0
90.0,60.0,8.75009119952,69.648,66.0,66.0,74.0
90.0,60.0,9.38044263348,70.464,66.0,66.0,74.0
90.0,60.0,7.00862440141,68.572,66.0,66.0,66.0
90.0,60.0,6.12873102689,66.784,66.0,60.0,66.0
90.0,60.0,9.08005638749,72.024,66.0,66.0,78.0
90.0,60.0,7.20068774493,68.436,66.0,66.0,68.0
90.0,60.0,7.57856345226,69.376,66.0,66.0,74.0
90.0,60.0,6.46689539114,66.792,66.0,60.0,66.0
90.0,60.0,9.76977461357,69.252,66.0,60.0,78.0
90.0,60.0,7.44935326052,66.944,66.0,60.0,66.0
90.0,60.0,8.40283380771,67.872,66.0,60.0,66.0
90.0,60.0,10.1368997233,71.792,66.0,66.0,82.0
90.0,60.0,9.36709133082,70.36,66.0,66.0,74.0
90.0,60.0,8.68095755087,68.676,66.0,66.0,74.0
90.0,60.0,7.20474843419,68.46,66.0,66.0,74.0
90.0,60.0,6.86750493265,68.624,66.0,66.0,74.0
90.0,60.0,7.09633821065,67.728,66.0,66.0,66.0
90.0,60.0,5.77511766114,65.004,66.0,60.0,66.0
85.0,60.0,6.16832683959,62.912,60.0,60.0,66.0
85.0,60.0,4.59986912857,65.302,66.0,60.0,66.0
85.0,60.0,3.94485741187,60.89,60.0,60.0,60.0
85.0,60.0,2.8866284832,60.876,60.0,60.0,60.0
85.0,60.0,6.19304642321,62.776,60.0,60.0,60.0
85.0,60.0,5.3623129338,62.16,60.0,60.0,60.0
85.0,60.0,4.74614580476,61.69,60.0,60.0,60.0
85.0,60.0,3.53631390009,62.478,60.0,60.0,66.0
85.0,60.0,3.30997039262,62.064,60.0,60.0,66.0
76.0,60.0,2.93305574444,61.928,60.0,60.0,66.0
86.0,60.0,4.57141159818,62.486,60.0,60.0,66.0
85.0,60.0,3.22421525336,61.794,60.0,60.0,66.0
94.0,60.0,3.31050207672,62.024,60.0,60.0,66.0
96.0,60.0,3.20253587021,62.042,60.0,60.0,66.0
85.0,60.0,3.03040855331,61.932,60.0,60.0,66.0
86.0,60.0,3.16834341573,61.84,60.0,60.0,66.0
77.0,60.0,2.87747875752,61.954,60.0,60.0,66.0
85.0,60.0,3.26084406251,62.164,60.0,60.0,66.0
98.0,60.0,3.65474540837,61.906,60.0,60.0,66.0
94.0,60.0,3.90718517606,62.148,60.0,60.0,66.0
85.0,60.0,3.00916666205,62.054,60.0,60.0,66.0
74.0,60.0,2.84859544337,61.752,60.0,60.0,66.0
90.0,60.0,3.6934856166,62.142,60.0,60.0,66.0
76.0,60.0,2.78969532387,61.76,60.0,60.0,66.0
74.0,60.0,2.90549479435,61.99,60.0,60.0,66.0
92.0,60.0,3.42486145705,62.018,60.0,60.0,66.0
90.0,60.0,3.04299589221,61.724,60.0,60.0,66.0
82.0,60.0,3.7762515806,62.618,60.0,60.0,66.0
83.0,60.0,3.06755603046,61.69,60.0,60.0,66.0
85.0,60.0,2.8256673548,61.598,60.0,60.0,66.0
74.0,60.0,2.99315485734,62.032,60.0,60.0,66.0
74.0,60.0,2.79603934164,61.642,60.0,60.0,66.0
86.0,60.0,2.92431188487,61.78,60.0,60.0,66.0
66.0,60.0,2.53194865667,61.394,60.0,60.0,60.0
90.0,60.0,3.52386151828,61.88,60.0,60.0,66.0
88.0,60.0,2.92929752671,61.404,60.0,60.0,60.0
94.0,60.0,3.53473959437,61.796,60.0,60.0,66.0
94.0,60.0,3.51250281139,61.982,60.0,60.0,66.0
91.0,60.0,3.09060253025,61.724,60.0,60.0,66.0
87.0,60.0,3.29901500451,61.65,60.0,60.0,60.0
66.0,60.0,2.53952042717,61.406,60.0,60.0,60.0
80.0,60.0,2.88572417254,61.686,60.0,60.0,66.0
75.0,60.0,2.79792708983,61.598,60.0,60.0,66.0
94.0,60.0,3.66311561379,61.828,60.0,60.0,66.0
66.0,60.0,2.69399331848,61.68,60.0,60.0,66.0
78.0,60.0,2.85650415718,61.872,60.0,60.0,66.0
89.0,60.0,3.39060997462,61.542,60.0,60.0,60.0
94.0,60.0,3.65713330356,61.624,60.0,60.0,60.0
86.0,60.0,3.58049382069,61.992,60.0,60.0,66.0
96.0,60.0,3.59176613938,61.596,60.0,60.0,60.0
82.0,60.0,3.55652414585,61.944,60.0,60.0,66.0
74.0,60.0,2.76823120422,61.664,60.0,60.0,66.0
85.0,60.0,3.3365245391,61.902,60.0,60.0,66.0
74.0,60.0,2.9098975927,61.636,60.0,60.0,66.0
94.0,60.0,4.51255847608,62.604,60.0,60.0,66.0
88.0,60.0,3.75638123731,62.36,60.0,60.0,66.0
85.0,60.0,3.74501855803,62.094,60.0,60.0,66.0
90.0,60.0,3.68611665578,62.112,60.0,60.0,66.0
76.0,60.0,3.1044967386,61.79,60.0,60.0,66.0
82.0,60.0,4.34246750132,62.824,60.0,60.0,66.0
75.0,60.0,2.84715928603,61.822,60.0,60.0,66.0
86.0,60.0,3.13909222547,61.81,60.0,60.0,66.0
94.0,60.0,3.5967896797,62.152,60.0,60.0,66.0
96.0,60.0,3.42555105056,62.16,60.0,60.0,66.0
74.0,60.0,2.99080992375,61.916,60.0,60.0,66.0
91.0,60.0,3.6052600461,62.09,60.0,60.0,66.0
100.0,60.0,4.79658878788,63.144,60.0,60.0,66.0
82.0,60.0,5.15360029494,63.398,60.0,60.0,66.0
74.0,60.0,2.89936820704,61.608,60.0,60.0,66.0
82.0,60.0,2.8428682699,61.51,60.0,60.0,60.0
95.0,60.0,3.61165668357,61.544,60.0,60.0,60.0
82.0,60.0,3.08748376514,61.538,60.0,60.0,60.0
90.0,60.0,3.40446765295,61.84,60.0,60.0,66.0
82.0,60.0,3.40682315361,61.834,60.0,60.0,66.0
80.0,60.0,2.83135585895,61.368,60.0,60.0,60.0
68.0,60.0,2.73577484454,61.756,60.0,60.0,66.0
100.0,60.0,3.42193863183,61.656,60.0,60.0,60.0
94.0,60.0,3.67652879766,61.944,60.0,60.0,66.0
