0.923486360612,0.217391304348,0.256502435499,0.12026697231,0.213243546577,0.115330520394,0.0237918215613
0.905854956753,0.652173913043,0.452763578652,0.313266698117,0.263748597082,0.196905766526,0.0953797132236
0.966733200266,0.652173913043,0.411099721806,0.312791543265,0.396184062851,0.374120956399,0.10653212958
0.892880904857,0.391304347826,0.330311453806,0.1569032847,0.0673400673401,0.0168776371308,0.0726500265534
0.967065868263,0.0,0.342038167224,0.20350422445,0.239057239057,0.0731364275668,0.0794476898566
0.945775116434,0.326086956522,0.545196708794,0.290043717652,0.228956228956,0.240506329114,0.0660647902284
0.994011976048,0.347826086957,0.681225456354,0.453701354106,0.233445566779,0.427566807314,0.135953266065
0.899201596806,0.304347826087,0.219505299832,0.0835318822093,0.175084175084,0.0225035161744,0.0108337758895
0.967065868263,0.326086956522,0.33391072011,0.136933156442,0.0740740740741,0.0056258790436,0.0191184280404
0.693945442448,0.478260869565,0.0404332309268,0.0127712768041,0.00897867564534,0.0112517580872,0.00764737121614
0.0312707917498,0.739130434783,0.0298820752014,0.0343508005252,0.0516273849607,0.0056258790436,0.00764737121614
0.0,0.304347826087,0.0,0.0120372562277,0.0,0.0,0.005629314923
0.970392548237,0.695652173913,0.526475136288,0.254935053655,0.153759820426,0.0056258790436,0.0216675517791
0.963073852295,0.217391304348,0.772393511174,0.677594660554,0.574635241302,0.590717299578,0.471163037706
0.982368596141,0.434782608696,0.826459308457,0.759145879352,0.637485970819,0.497890295359,0.564418481147
0.98868928809,0.54347826087,0.834052084777,0.810121990473,0.774410774411,0.568213783404,0.637918215613
0.979041916168,0.152173913043,0.863573145418,0.881202771907,0.809203142536,0.635724331927,0.740414232608
0.995342648037,0.847826086957,0.887826615141,0.840138493163,0.784511784512,0.540084388186,0.665639936272
0.994344644045,0.869565217391,0.831225086267,0.870533076057,0.850729517396,0.544303797468,0.705151354222
0.984031936128,0.586956521739,0.787412363482,0.665666400421,0.558922558923,0.493670886076,0.447796070101
0.972055888224,0.826086956522,0.810047281728,0.71557639349,0.628507295174,0.48382559775,0.560807222517
0.999334664005,0.326086956522,0.906060723369,0.848333637046,0.671156004489,0.517580872011,0.688688263409
0.984364604125,0.0869565217391,0.884858270749,0.814131003088,0.785634118967,0.504922644163,0.577695167286
0.988356620093,0.847826086957,0.849561750947,0.789186224937,0.768799102132,0.517580872011,0.600318640467
0.994011976048,0.913043478261,0.764069254872,0.733233760859,0.757575757576,0.454289732771,0.584705257568
0.992681304059,1.0,0.81512055796,0.768958934018,0.640852974186,0.56258790436,0.624429102496
0.987358616101,0.673913043478,0.692904984509,0.496633894039,0.25140291807,0.213783403657,0.189484864578
0.975715236194,0.0217391304348,0.559675937805,0.314707490246,0.206509539843,0.0393811533052,0.0890069038768
0.951763140386,0.0,0.519823832657,0.328403530792,0.351290684624,0.206751054852,0.108231545406
0.989354624085,0.0652173913043,0.474556962081,0.274091117329,0.20202020202,0.0393811533052,0.0881571959639
0.936460412508,0.173913043478,0.607845001969,0.433942405782,0.246913580247,0.274261603376,0.134678704195
0.95874916833,0.0217391304348,0.382246892552,0.240479446572,0.254769921437,0.101265822785,0.0904938927244
0.989687292083,0.0869565217391,0.616004297035,0.530736047223,0.500561167228,0.583684950774,0.321826872013
0.971723220226,0.108695652174,0.616078624684,0.55367802213,0.56228956229,0.881856540084,0.376845459373
0.994677312043,0.0652173913043,0.718905951513,0.743099610509,0.832772166105,0.786216596343,0.563993627191
0.981370592149,0.0217391304348,0.67082459494,0.611277349079,0.58810325477,0.959212376934,0.428677642061
1.0,0.108695652174,0.698149246409,0.613348274881,0.561167227834,0.825597749648,0.428040361126
0.987691284098,0.0869565217391,0.617478600756,0.516399654619,0.507295173962,0.600562587904,0.280084970791
0.997338656021,0.54347826087,0.64349527137,0.594871733736,0.579124579125,0.594936708861,0.46702071163
0.981370592149,0.152173913043,0.595836984015,0.547911447485,0.571268237935,0.565400843882,0.367073818375
0.98369926813,0.239130434783,0.720687716107,0.739264310421,0.840628507295,0.98452883263,0.533828996283
0.998669328011,0.0434782608696,0.678268135744,0.601758924481,0.575757575758,0.915611814346,0.396494954859
0.976047904192,0.391304347826,0.657116567529,0.610872019851,0.582491582492,0.939521800281,0.440998406798
0.975715236194,0.304347826087,0.649844490993,0.614812909906,0.570145903479,0.76511954993,0.480934678704
0.9750499002,0.0652173913043,0.648328943257,0.651289134281,0.729517396184,0.92264416315,0.514816781731
0.939787092482,0.0217391304348,0.505156785255,0.336751950434,0.286195286195,0.150492264416,0.124269782262
0.999667332003,0.130434782609,0.574286296892,0.379531214608,0.25140291807,0.461322081575,0.124907063197
0.979707252162,0.152173913043,0.64524592686,0.491710336066,0.26936026936,0.212376933896,0.26585236325
0.996007984032,0.913043478261,0.525340167483,0.291520274125,0.195286195286,0.0450070323488,0.0447158789166
0.960079840319,0.826086956522,0.490294465576,0.265792086543,0.204264870932,0.0393811533052,0.0756240042485
0.99500998004,0.130434782609,0.729065989972,0.642450232213,0.547699214366,0.361462728551,0.477323420074
0.899534264804,0.195652173913,0.306404025808,0.132079424092,0.0650953984287,0.0225035161744,0.0148698884758
0.995342648037,0.108695652174,0.471669257309,0.27126914031,0.227833894501,0.0393811533052,0.087307488051
0.919827012641,0.0434782608696,0.619038073704,0.450330990485,0.375982042649,0.528832630098,0.162612851832
0.993679308051,0.130434782609,0.618869863082,0.471804924239,0.439955106622,0.523206751055,0.158789166224
0.992348636061,0.0869565217391,0.633248827089,0.440473656155,0.390572390572,0.225035161744,0.135740839087
0.974717232202,0.282608695652,0.716174477467,0.54240544163,0.455667789001,0.201125175809,0.257886351567
0.978376580173,0.0652173913043,0.519282310936,0.286397457666,0.215488215488,0.0661040787623,0.0751991502921
0.993679308051,0.586956521739,0.641117070168,0.520803778077,0.267115600449,0.195499296765,0.329686670207
0.9750499002,0.130434782609,0.778335020117,0.618886638952,0.373737373737,0.20253164557,0.354965480616
0.994011976048,0.130434782609,0.691620532412,0.642692067298,0.658810325477,0.244725738397,0.484439723845
0.97371922821,0.0869565217391,0.921686824147,0.911868141974,0.772166105499,0.551336146273,0.803398831652
0.987358616101,0.695652173913,1.0,1.0,0.765432098765,0.461322081575,1.0
0.98868928809,0.586956521739,0.809302141116,0.743867692365,0.590347923681,0.587904360056,0.510462028678
0.964071856287,0.0217391304348,0.186845468666,0.0519570759754,0.020202020202,0.0225035161744,0.00509824747743
0.208582834331,0.173913043478,0.0254372292584,0.0,0.00673400673401,0.0168776371308,0.0
0.173985362608,0.173913043478,0.0244613908595,0.0184867595291,0.0246913580247,0.0337552742616,0.00775358470526
0.96373918829,0.54347826087,0.262565434479,0.155074193982,0.181818181818,0.0450070323488,0.0361125862985
0.860279441118,0.108695652174,0.233997509164,0.112516328126,0.0796857463524,0.028129395218,0.0250663834307
0.995342648037,0.0652173913043,0.398014500745,0.207411053226,0.166105499439,0.0225035161744,0.0407859798194
0.987691284098,0.195652173913,0.331026333551,0.148536131354,0.10101010101,0.028129395218,0.0266595857674
0.946107784431,0.0,0.355595410177,0.169674561504,0.148148148148,0.0337552742616,0.0246415294742
0.979041916168,0.0434782608696,0.378663380301,0.189549318178,0.159371492705,0.0393811533052,0.0263409453001
0.720558882236,0.173913043478,0.273296298631,0.141488852595,0.164983164983,0.0393811533052,0.0161444503452
0.993346640053,0.152173913043,0.267258497394,0.0970780531254,0.106621773288,0.0393811533052,0.0148698884758
0.782435129741,0.239130434783,0.244662939248,0.0934471207149,0.0909090909091,0.0337552742616,0.0123207647371
0.774451097804,0.260869565217,0.258706013772,0.114694546959,0.112233445567,0.0337552742616,0.0144450345194
0.474717232202,0.347826086957,0.159428648877,0.0624326225312,0.0796857463524,0.028129395218,0.010302708444
0.781437125749,0.108695652174,0.223366280013,0.0912450589856,0.153759820426,0.0604781997187,0.0135953266065
0.967731204258,0.130434782609,0.22598912261,0.0811697324657,0.0628507295174,0.0225035161744,0.0124269782262
0.899201596806,0.217391304348,0.221301749342,0.0816312628049,0.0561167227834,0.028129395218,0.00934678704195
0.99500998004,0.173913043478,0.292788388065,0.108161593523,0.0942760942761,0.028129395218,0.0128518321827
0.967065868263,0.130434782609,0.323179811878,0.11772259472,0.0617283950617,0.028129395218,0.0135953266065
0.779441117764,0.217391304348,0.204082789924,0.0761576151654,0.0673400673401,0.0393811533052,0.0108337758895
0.928143712575,0.217391304348,0.287159452932,0.0940891758362,0.0561167227834,0.028129395218,0.0106213489113
0.870592149035,0.152173913043,0.234348411233,0.0809176789963,0.0561167227834,0.028129395218,0.0080722251726
0.812375249501,0.108695652174,0.204916218408,0.0815903892693,0.0875420875421,0.0506329113924,0.0132766861391
0.671324018629,0.173913043478,0.182434518005,0.0637729338854,0.0516273849607,0.028129395218,0.00817843866171
0.981037924152,0.0434782608696,0.222693198736,0.088114827386,0.0796857463524,0.028129395218,0.0145512480085
0.98502994012,0.326086956522,0.239048608245,0.0663087961552,0.0538720538721,0.0225035161744,0.00860329261816
0.807717897538,0.130434782609,0.209037822999,0.0603991641362,0.0516273849607,0.0168776371308,0.00679766330324
0.502994011976,0.108695652174,0.142642727162,0.067100720907,0.0740740740741,0.0393811533052,0.0106213489113
0.994677312043,0.239130434783,0.295662995099,0.107885697158,0.0606060606061,0.0337552742616,0.00934678704195
0.760811709914,0.152173913043,0.187297058973,0.073100615317,0.0314253647587,0.0168776371308,0.00764737121614
0.9125083167,0.152173913043,0.203228829648,0.0886104190048,0.116722783389,0.0450070323488,0.0148698884758
0.72754491018,0.108695652174,0.24838761432,0.102774802147,0.0606060606061,0.0393811533052,0.0123207647371
0.835994677312,0.108695652174,0.266684828945,0.115489877839,0.0785634118967,0.0393811533052,0.0128518321827
0.908183632735,0.130434782609,0.375574814008,0.177936124882,0.1088664422,0.0337552742616,0.0204992033988
0.997338656021,0.0869565217391,0.611645636692,0.462794012708,0.280583613917,0.336146272855,0.271694105151
0.999334664005,0.239130434783,0.695939217488,0.420895232613,0.169472502806,0.0450070323488,0.0733935209772
0.983033932136,0.0217391304348,0.363131931823,0.144384061365,0.0886644219978,0.0225035161744,0.0191184280404
0.996673320027,0.0,0.591566398157,0.383572585438,0.234567901235,0.0436005625879,0.10419543282
0.991683300067,0.369565217391,0.793468550772,0.582062989524,0.446689113356,0.324894514768,0.179075942645
0.934131736527,0.0434782608696,0.415206433779,0.190797664077,0.040404040404,0.0225035161744,0.0216675517791
0.987358616101,0.173913043478,0.877014407067,0.844081086282,0.606060606061,0.606188466948,0.698459904408
0.98369926813,0.152173913043,0.57783226673,0.374204030471,0.37037037037,0.0506329113924,0.0965480616038
0.972388556221,0.108695652174,0.757990723533,0.722613453865,0.579124579125,0.950773558368,0.507381837493
0.999001996008,0.282608695652,0.768112947744,0.74110702565,0.643097643098,0.753867791842,0.581625066383
0.996340652029,0.282608695652,0.769746986775,0.685740415582,0.567901234568,0.5935302391,0.452044609665
0.957085828343,0.0652173913043,0.7425428672,0.715882945006,0.74859708193,0.84388185654,0.521614445035
0.995675316035,0.326086956522,0.783900585503,0.758672427564,0.72278338945,0.517580872011,0.626872012746
0.990352628077,0.391304347826,0.79091114065,0.76005190939,0.799102132435,0.67229254571,0.535209771641
0.986027944112,0.347826086957,0.851257499805,0.871379498856,0.859708193042,0.845288326301,0.616144450345
0.997671324019,0.152173913043,0.755322577828,0.65918283584,0.493827160494,0.188466947961,0.534678704195
0.973053892216,0.130434782609,0.754664571181,0.740114139348,0.818181818182,0.630098452883,0.568454593733
0.997338656021,0.347826086957,0.833365212691,0.819861813388,0.802469135802,0.914205344585,0.646309081253
0.994011976048,0.108695652174,0.770832807347,0.721249299615,0.746352413019,0.594936708861,0.463303239511
0.987025948104,0.152173913043,0.820172953573,0.838919099352,0.848484848485,0.872011251758,0.631864046734
0.995342648037,0.478260869565,0.761129522623,0.780544878291,0.838383838384,0.904360056259,0.565374402549
0.99500998004,0.434782608696,0.844077395477,0.812918421532,0.749719416386,0.753867791842,0.597238449283
0.968396540253,0.108695652174,0.749118446303,0.711594629899,0.754208754209,0.604781997187,0.505469994689
0.997338656021,0.0869565217391,0.890617158592,0.90507121362,0.836139169473,0.793248945148,0.697503983006
0.999667332003,0.217391304348,0.814533231373,0.799602164254,0.741863075196,0.711673699015,0.595432819968
0.997338656021,0.0869565217391,0.753847464133,0.807575909819,0.851851851852,0.932489451477,0.603292618163
0.997671324019,0.0434782608696,0.796904863022,0.790228500095,0.85746352413,0.65682137834,0.562400424854
0.998003992016,0.608695652174,0.73079336835,0.672465031839,0.720538720539,0.585091420534,0.48029739777
0.992681304059,0.0869565217391,0.778709430704,0.748469371246,0.818181818182,0.720112517581,0.535953266065
0.959414504325,0.195652173913,0.818655515399,0.761220211282,0.735129068462,0.71870604782,0.580138077536
0.971723220226,0.0652173913043,0.777231984089,0.689308334625,0.610549943883,0.239099859353,0.469569835369
0.991017964072,0.108695652174,0.810316192849,0.847505947951,0.887766554433,0.724331926864,0.661922464153
0.994011976048,0.195652173913,0.854322173506,0.888951713027,0.922558922559,0.803094233474,0.662984599044
0.998669328011,0.152173913043,0.833837846893,0.831773042881,0.830527497194,0.758087201125,0.604992033988
0.969394544245,0.0,0.851379664151,0.849065954559,0.805836139169,0.755274261603,0.631970260223
0.999667332003,0.0434782608696,0.830214793682,0.773896116503,0.728395061728,0.675105485232,0.600318640467
0.986027944112,0.0,0.78634446895,0.779969242664,0.792368125701,0.731364275668,0.587785448752
0.984031936128,0.673913043478,0.763826638867,0.795949092011,0.843995510662,0.907172995781,0.589060010621
0.981037924152,0.239130434783,0.768823815124,0.761896327683,0.819304152637,0.825597749648,0.538714816782
0.987691284098,0.0869565217391,0.768501953776,0.751895935978,0.676767676768,0.604781997187,0.585023898035
0.991350632069,0.0434782608696,0.809940093068,0.816656646974,0.851851851852,0.947960618847,0.559532660648
0.985695276114,0.108695652174,0.765155708384,0.740425800057,0.830527497194,0.744022503516,0.526818906001
0.998669328011,0.0,0.847992004336,0.850149103252,0.832772166105,0.962025316456,0.615825809878
0.967398536261,0.0,0.728536842436,0.699284883434,0.744107744108,0.67229254571,0.501009028147
1.0,0.0869565217391,0.810554002083,0.845486114068,0.850729517396,0.729957805907,0.674455655868
0.991350632069,0.304347826087,0.773168884219,0.74750884316,0.808080808081,0.777777777778,0.554965480616
0.975382568197,0.130434782609,0.765480817541,0.792072918387,0.852974186308,0.973277074543,0.584705257568
0.991017964072,0.413043478261,0.859952644437,0.886979564935,0.835016835017,0.742616033755,0.732342007435
0.997338656021,0.0217391304348,0.82974982225,0.870866876598,0.87317620651,0.909985935302,0.620180562931
0.955422488357,0.195652173913,0.897665653971,0.970426293945,1.0,1.0,0.804460966543
0.994344644045,0.608695652174,0.808945384873,0.839724648615,0.83950617284,0.956399437412,0.636112586298
0.976380572189,0.0652173913043,0.752729348652,0.787556392706,0.846240179574,0.933895921238,0.589484864578
0.993346640053,0.130434782609,0.745817769723,0.699392176465,0.635241301908,0.701828410689,0.517047265003
0.972388556221,0.0,0.825958272662,0.735059445448,0.665544332211,0.658227848101,0.484014869888
0.962075848303,0.0217391304348,0.827676435688,0.931897877471,0.910213243547,0.978902953586,0.759851301115
0.99500998004,0.108695652174,0.88367057693,0.907075719928,0.837261503928,0.893108298172,0.677004779607
0.98868928809,0.0217391304348,0.817432859615,0.86638611526,0.913580246914,0.960618846695,0.600637280935
0.984364604125,0.282608695652,0.894566912642,0.945944749198,0.927048260382,0.814345991561,0.677217206585
0.99500998004,0.173913043478,0.828661649997,0.85536558823,0.86531986532,0.84388185654,0.661603823686
0.999667332003,0.152173913043,0.87367065688,0.929695815742,0.902356902357,0.971870604782,0.743175783324
0.998669328011,0.152173913043,0.816002122196,0.817043242498,0.793490460157,0.872011251758,0.603292618163
0.998336660013,0.0652173913043,0.830824548614,0.794278386245,0.747474747475,0.572433192686,0.598406797663
0.997338656021,0.152173913043,0.832627959839,0.851176050833,0.803591470258,0.649789029536,0.6682952735
0.997671324019,0.173913043478,0.816564662107,0.839321022451,0.843995510662,0.897327707454,0.621773765268
0.999001996008,0.0434782608696,0.828446450221,0.888806952588,0.866442199776,0.98452883263,0.710993096123
0.972388556221,0.304347826087,0.777650758551,0.787447396611,0.817059483726,0.789029535865,0.570260223048
0.989021956088,0.130434782609,0.734481482186,0.715850586791,0.796857463524,0.700421940928,0.507912904939
0.991683300067,0.130434782609,0.775926350775,0.699766850541,0.630751964085,0.517580872011,0.474030801912
1.0,0.0652173913043,0.777903021402,0.758141071602,0.739618406285,0.715893108298,0.551672862454
0.984697272122,0.130434782609,0.821728840852,0.782482965103,0.787878787879,0.748241912799,0.569198088157
0.999001996008,0.0652173913043,0.731647223468,0.636206799653,0.570145903479,0.561181434599,0.39766330324
0.997005988024,0.195652173913,0.748982377456,0.628359080822,0.523007856341,0.599156118143,0.349123738715
0.999667332003,0.217391304348,0.843173952877,0.76796775078,0.702581369248,0.63994374121,0.525650557621
0.992681304059,0.0652173913043,0.774297868177,0.727809502075,0.753086419753,0.949367088608,0.483271375465
1.0,0.108695652174,0.739111335562,0.635074262105,0.507295173962,0.534458509142,0.434625597451
0.997671324019,0.130434782609,0.74195756934,0.586686808237,0.478114478114,0.510548523207,0.249389272438
0.998336660013,0.413043478261,0.800969244026,0.65974314389,0.485970819304,0.585091420534,0.429527349973
0.984697272122,0.0869565217391,0.791461009953,0.724117259361,0.737373737374,0.725738396624,0.484864577801
