0.956260032103,0.119047619048,0.40348218357,0.200949475241,0.137865311309,0.279069767442,0.0866493995762
0.864767255217,0.103174603175,0.515579593949,0.320991605098,0.226175349428,0.321274763135,0.143748528373
0.851524879615,0.0952380952381,0.305289075401,0.120710118001,0.138500635324,0.158484065461,0.0829997645397
0.758828250401,0.126984126984,0.0822755679359,0.073289173621,0.156925031766,0.330749354005,0.0814692724276
0.993980738363,0.214285714286,0.425854973533,0.170691165779,0.112452350699,0.0180878552972,0.102189781022
0.968699839486,0.238095238095,0.495233761894,0.311021493684,0.336086404066,0.414298018949,0.140805274311
0.832664526485,0.047619047619,0.333489219987,0.261562408734,0.373570520966,0.726098191214,0.137508829762
0.596308186196,0.119047619048,0.215474279651,0.130872858554,0.151207115629,0.160206718346,0.123616670591
0.903691813804,0.396825396825,0.426564276317,0.225372985938,0.158195679797,0.350559862188,0.130680480339
0.93378812199,0.198412698413,0.344058068542,0.110050269991,0.104828462516,0.0249784668389,0.0668707322816
0.941813804173,0.301587301587,0.429105471352,0.154504104243,0.120076238882,0.021533161068,0.0898281139628
0.882423756019,0.238095238095,0.230016502643,0.0587674220629,0.114358322745,0.0249784668389,0.0545090652225
0.932584269663,0.0555555555556,0.330045969824,0.265613834501,0.369758576874,0.826873385013,0.140452083824
0.921348314607,0.420634920635,0.338633339453,0.225363665173,0.363405336722,0.592592592593,0.138921591712
0.549357945425,0.150793650794,0.214564801326,0.170119492205,0.253494282084,0.385874246339,0.129620908877
0.813804173355,0.396825396825,0.30260613077,0.264809141806,0.37166454892,0.826873385013,0.141158464799
0.790930979133,0.047619047619,0.248569016484,0.225615325823,0.386912325286,0.684754521964,0.143042147398
0.99518459069,0.103174603175,0.516345551956,0.309934071124,0.239517153748,0.393626184324,0.165175417942
0.882825040128,0.18253968254,0.435573706413,0.223210568505,0.119440914867,0.0249784668389,0.135154226513
0.599919743178,0.222222222222,0.326047774986,0.232146075026,0.231893265565,0.293712316968,0.144690369673
0.935393258427,0.365079365079,0.469389171171,0.295334646526,0.33418043202,0.403962101637,0.143042147398
0.932182985554,0.111111111111,0.49890059925,0.3079456413,0.257941550191,0.347114556417,0.153284671533
0.984349919743,0.246031746032,0.726183904381,0.45686971435,0.326556543837,0.383290267011,0.176595243701
0.766853932584,0.103174603175,0.386849243888,0.317931287322,0.37166454892,0.815676141258,0.143042147398
0.975521669342,0.380952380952,0.207252195863,0.157536459725,0.309402795426,0.39879414298,0.125618083353
0.974317817014,0.285714285714,0.71022120128,0.515891903984,0.285260482846,0.579672695952,0.230633388274
0.74518459069,0.166666666667,0.310250880703,0.127828075386,0.120711562897,0.0111972437554,0.0907699552625
0.901284109149,0.309523809524,0.492001053229,0.207368375266,0.12706480305,0.068044788975,0.089121732988
0.842696629213,0.0555555555556,0.317855823913,0.0494994749302,0.0260482846252,0.0077519379845,0.0356722392277
0.926163723917,0.253968253968,0.628306842537,0.385158856901,0.224904701398,0.378983634798,0.179773958088
0.975521669342,0.119047619048,0.478963094308,0.243933735576,0.149301143583,0.31955211025,0.158347068519
0.935794542536,0.380952380952,0.556712177229,0.318456357072,0.207115628971,0.33850129199,0.158817989169
0.888844301766,0.126984126984,0.39140494164,0.182391832524,0.142312579416,0.264427217916,0.119967035555
0.774879614767,0.0793650793651,0.382074682004,0.183870727206,0.16709021601,0.279931093885,0.121026607017
0.478731942215,0.0555555555556,0.187630428392,0.143897073901,0.154383735705,0.170542635659,0.132681893101
0.989165329053,0.111111111111,0.438213996557,0.133361502756,0.104828462516,0.0249784668389,0.04532611255
0.993178170144,0.0952380952381,0.553354986949,0.309300259117,0.219822109276,0.34797588286,0.151283258771
0.8158105939,0.301587301587,0.297747355063,0.148417644829,0.14040660737,0.0714900947459,0.108664939958
0.984751203852,0.119047619048,0.61078299532,0.298124662122,0.163913595934,0.304048234281,0.147633623734
0.581861958266,0.214285714286,0.230070545866,0.140815007674,0.160101651842,0.299741602067,0.110901813045
0.903691813804,0.0952380952381,0.294211130653,0.132037954154,0.153113087675,0.237726098191,0.10784082882
0.994783306581,0.142857142857,0.41944362766,0.23442655548,0.151207115629,0.271317829457,0.138450671062
0.799759229535,0.373015873016,0.225916610001,0.103171545569,0.143583227446,0.305770887166,0.107487638333
0.886436597111,0.0952380952381,0.114777410931,0.0993344973933,0.216010165184,0.335055986219,0.118554273605
0.832263242376,0.269841269841,0.481786225984,0.295353288055,0.272554002541,0.354005167959,0.173416529315
0.997592295345,0.396825396825,0.61768374064,0.444917386955,0.373570520966,0.803617571059,0.171650576878
0.85834670947,0.0714285714286,0.430905186421,0.278535521435,0.24459974587,0.369509043928,0.159759830469
0.855939004815,0.214285714286,0.357724839805,0.196186564428,0.203303684879,0.052540913006,0.12738403579
0.873996789727,0.047619047619,0.571944511459,0.354791805184,0.227445997459,0.321274763135,0.157758417707
0.973916532905,0.111111111111,0.541083412305,0.407115471848,0.357687420584,0.636520241171,0.202966800094
0.819020866774,0.134920634921,0.506813178982,0.290385320417,0.209656925032,0.289405684755,0.149281846009
0.99518459069,0.126984126984,0.481628959205,0.263640939285,0.233799237611,0.335055986219,0.123498940429
0.829454253612,0.285714285714,0.294681879164,0.162700163424,0.240787801779,0.366063738157,0.121497527667
0.889646869984,0.142857142857,0.259104395074,0.131627840503,0.160101651842,0.261843238587,0.11690605133
0.538121990369,0.047619047619,0.184498363397,0.0975853005325,0.127700127065,0.0585701981051,0.0890040028255
0.996388443018,0.285714285714,0.384115530926,0.192961579807,0.272554002541,0.142118863049,0.135625147163
0.738362760835,0.142857142857,0.137106948112,0.0633998421684,0.139771283355,0.151593453919,0.105721685896
0.479534510433,0.325396825397,0.233086896751,0.148138021885,0.155654383736,0.316106804479,0.115493289381
0.979133226324,0.0634920634921,0.485830099351,0.261885528581,0.157560355781,0.250645994832,0.139745702849
0.961878009631,0.325396825397,0.472372153777,0.266421634116,0.167725540025,0.248062015504,0.144925829998
0.833868378812,0.103174603175,0.509253561207,0.290969421678,0.151207115629,0.282515073213,0.146691782435
0.709069020867,0.0396825396825,0.169255529422,0.127930603799,0.235069885642,0.366925064599,0.133976924888
0.861958266453,0.222222222222,0.284209550379,0.152369649104,0.150571791614,0.264427217916,0.111019543207
0.821829855538,0.0714285714286,0.541070654707,0.31070458768,0.174078780178,0.148148148148,0.145867671297
0.801364365971,0.126984126984,0.390051970336,0.239251604725,0.285895806861,0.310938845823,0.139863433012
0.866372391653,0.34126984127,0.455227950905,0.31229533154,0.367852604828,0.588285960379,0.143748528373
0.845906902087,0.246031746032,0.332178839396,0.277504023463,0.333545108005,0.464254952627,0.13692017895
0.99077046549,0.142857142857,0.322724912329,0.122453101018,0.122617534943,0.0422049956934,0.0931245585119
0.886436597111,0.404761904762,0.381405480211,0.230915734072,0.202033036849,0.335055986219,0.136213797975
0.901284109149,0.269841269841,0.591616651573,0.344436435491,0.146124523507,0.303186907838,0.176830704026
0.74077046549,0.269841269841,0.190616124186,0.0931765787822,0.135959339263,0.186907838071,0.0825288438898
0.950240770465,0.0555555555556,0.455082156859,0.28866408585,0.278271918679,0.35745047373,0.161996703555
0.892857142857,0.269841269841,0.374848906716,0.335168488358,0.379923761118,0.941429801895,0.165528608429
0.782504012841,0.206349206349,0.403794350734,0.206284059628,0.258576874206,0.304048234281,0.133859194726
0.903290529695,0.420634920635,0.544006106796,0.373100894172,0.365946632783,0.716623600345,0.157405227219
0.997993579454,0.0634920634921,0.389595260829,0.20999683094,0.317662007624,0.341085271318,0.140452083824
0.943017656501,0.047619047619,0.474647022756,0.33260838496,0.365946632783,0.757967269595,0.139627972687
0.963081861958,0.269841269841,0.302915441666,0.231770137512,0.369123252859,0.526270456503,0.138332940899
0.874398073836,0.0714285714286,0.266343088245,0.202664495964,0.297966963151,0.403962101637,0.145279020485
0.942215088283,0.253968253968,0.239395213681,0.109276646513,0.147395171537,0.118001722653,0.102660701672
0.970706260032,0.174603174603,0.560951509111,0.298767794893,0.245870393901,0.246339362618,0.144690369673
0.827447833066,0.277777777778,0.387931901031,0.210149070098,0.15501905972,0.311800172265,0.140452083824
0.939807383628,0.134920634921,0.446764158126,0.225730281922,0.179796696315,0.279931093885,0.12879679774
0.991974317817,0.126984126984,0.347708994886,0.1797416284,0.141041931385,0.261843238587,0.117141511655
0.919341894061,0.269841269841,0.546040323628,0.302856503719,0.170266836086,0.321274763135,0.156463385919
0.885232744783,0.206349206349,0.458221364483,0.235405235784,0.142312579416,0.306632213609,0.138450671062
0.856741573034,0.0634920634921,0.484555984553,0.294853073678,0.190597204574,0.323858742463,0.147044972922
0.906902086677,0.198412698413,0.378571908089,0.262068836955,0.364040660737,0.419465977606,0.141747115611
0.83467094703,0.103174603175,0.329003133773,0.20867638926,0.235705209657,0.321274763135,0.160819401931
0.94823434992,0.253968253968,0.261243721023,0.169842976182,0.155654383736,0.267011197244,0.133623734401
0.984349919743,0.126984126984,0.342446008785,0.184302589308,0.262388818297,0.0956072351421,0.131386861314
0.989566613162,0.166666666667,0.56859299639,0.422376670747,0.38373570521,1.0,0.14551448081
0.92937399679,0.253968253968,0.488948981358,0.340956683299,0.363405336722,0.68992248062,0.158229338356
0.788523274478,0.238095238095,0.284825857038,0.143626771722,0.155654383736,0.15503875969,0.130209559689
0.884028892456,0.388888888889,0.393634277028,0.21256004126,0.152477763659,0.255813953488,0.137273369437
0.880417335474,0.0952380952381,0.297340532894,0.145543742349,0.148030495553,0.314384151593,0.105957146221
0.793338683788,0.0555555555556,0.367945662094,0.210649284476,0.189326556544,0.123169681309,0.124558511891
0.982343499197,0.285714285714,0.352999916476,0.199545146678,0.142947903431,0.191214470284,0.135625147163
0.791332263242,0.134920634921,0.175919636006,0.0883422087727,0.143583227446,0.254952627046,0.0814692724276
0.691011235955,0.142857142857,0.196786023533,0.102817356507,0.143583227446,0.289405684755,0.113962797269
0.998394863563,0.119047619048,0.269864881552,0.162551031187,0.148665819568,0.155900086133,0.126089004003
0.985152487961,0.253968253968,0.35524321137,0.142744405988,0.132147395172,0.0482342807924,0.0813515422651
0.886436597111,0.277777777778,0.554162900422,0.334606135549,0.195679796696,0.328165374677,0.166234989404
0.988362760835,0.365079365079,0.526801219894,0.272010986075,0.142947903431,0.266149870801,0.142571226748
0.98595505618,0.253968253968,0.460729819195,0.209120679049,0.14040660737,0.118001722653,0.119613845067
0.79695024077,0.404761904762,0.3430030182,0.177476682553,0.233799237611,0.445305770887,0.105368495409
0.903290529695,0.214285714286,0.240201581803,0.0868042825807,0.139135959339,0.136950904393,0.112314574994
0.625200642055,0.222222222222,0.140245674919,0.0734476266226,0.132147395172,0.259259259259,0.074523192842
0.928571428571,0.134920634921,0.452624321321,0.218357556965,0.181067344346,0.310938845823,0.122203908641
0.845505617978,0.214285714286,0.160409770977,0.0612809216372,0.125158831004,0.0344530577089,0.106898987521
0.997993579454,0.246031746032,0.547886080787,0.297506384724,0.157560355781,0.289405684755,0.151871909583
0.766452648475,0.285714285714,0.209600596448,0.1007450398,0.132147395172,0.0249784668389,0.111725924182
0.986356340289,0.119047619048,0.446316724339,0.190960722297,0.146124523507,0.240310077519,0.127266305628
0.950642054575,0.119047619048,0.310486659249,0.168469716835,0.198856416773,0.328165374677,0.122439368966
0.945826645265,0.0873015873016,0.407185491313,0.24267853925,0.206480304956,0.328165374677,0.151283258771
0.896468699839,0.246031746032,0.38569592406,0.214380697317,0.149301143583,0.144702842377,0.138215210737
0.985152487961,0.0555555555556,0.481421761798,0.282478204945,0.151207115629,0.269595176572,0.157758417707
0.948635634029,0.285714285714,0.508294435451,0.28357494827,0.179796696315,0.277347114556,0.156816576407
0.857945425361,0.047619047619,0.488437602669,0.285582019623,0.208386277001,0.270456503015,0.160230751118
0.799759229535,0.15873015873,0.360312547955,0.147112737757,0.0895806861499,0.021533161068,0.0894749234754
0.991974317817,0.380952380952,0.457564664425,0.233553510511,0.146759847522,0.283376399655,0.142688956911
0.815008025682,0.0555555555556,0.37686558211,0.185793911676,0.142312579416,0.241171403962,0.101954320697
0.860754414125,0.166666666667,0.345668536814,0.192980221337,0.1416772554,0.26270456503,0.128090416765
0.926966292135,0.150793650794,0.364321749249,0.209804201801,0.209656925032,0.334194659776,0.149752766659
0.915730337079,0.0952380952381,0.462721810977,0.252642436821,0.233799237611,0.121447028424,0.126795384978
0.690609951846,0.142857142857,0.243756630284,0.131382393697,0.167725540025,0.137812230835,0.120555686367
0.985553772071,0.246031746032,0.578360375573,0.306438784324,0.163278271919,0.222222222222,0.14551448081
0.985553772071,0.214285714286,0.33066746284,0.189074820886,0.247141041931,0.401378122308,0.1373910996
0.391252006421,0.0634920634921,0.274648940245,0.202245061548,0.149301143583,0.135228251507,0.147280433247
0.805778491172,0.150793650794,0.411074093551,0.274101944312,0.181067344346,0.306632213609,0.153991052508
0.898876404494,0.0714285714286,0.400956352606,0.240746034015,0.155654383736,0.124892334195,0.151989639746
0.916131621188,0.380952380952,0.433351554623,0.224583827852,0.165184243964,0.259259259259,0.137037909112
0.991171749599,0.142857142857,0.444073116683,0.238748283426,0.158831003812,0.316106804479,0.135860607488
0.996789727127,0.190476190476,0.644645967418,0.361216919052,0.145489199492,0.298018949182,0.159053449494
0.993178170144,0.142857142857,0.514539434617,0.295710584039,0.203939008895,0.328165374677,0.15505062397
0.847913322632,0.301587301587,0.523188093464,0.288514953614,0.135959339263,0.0353143841516,0.139039321874
0.808988764045,0.0714285714286,0.300661302478,0.12867005114,0.135324015248,0.0387596899225,0.0857075582764
0.607142857143,0.388888888889,0.286406776674,0.184327444681,0.151207115629,0.282515073213,0.136213797975
0.932985553772,0.119047619048,0.413494995263,0.160009569319,0.111181702668,0.021533161068,0.113609606781
0.885634028892,0.166666666667,0.407566685917,0.211022115068,0.172172808132,0.309216192937,0.123381210266
0.999197431782,0.309523809524,0.428801334794,0.219373520329,0.146759847522,0.135228251507,0.131033670826
0.9386035313,0.0555555555556,0.531366844056,0.295154445073,0.199491740788,0.30060292851,0.140334353661
0.896869983949,0.047619047619,0.470664509953,0.229436839391,0.156289707751,0.254091300603,0.119142924417
0.916934189406,0.0634920634921,0.438280104344,0.293119411425,0.234434561626,0.358311800172,0.168707322816
0.998394863563,0.190476190476,0.695317065319,0.482116559271,0.26874205845,0.308354866494,0.27148575465
0.963884430177,0.0793650793651,0.75993610399,0.428261180257,0.146759847522,0.287683031869,0.177419354839
0.995987158909,0.119047619048,0.630197340299,0.331878258384,0.134688691233,0.0869939707149,0.157876147869
0.995585874799,0.111111111111,0.23756261702,0.107766682616,0.111817026684,0.062015503876,0.06345655757
0.896468699839,0.214285714286,0.288190463941,0.0228358737596,0.0,0.00430663221361,0.0
0.99518459069,0.119047619048,0.496699743752,0.213892910626,0.124523506989,0.0921619293712,0.0987756063103
0.912520064205,0.0238095238095,0.405676775363,0.166823048387,0.111817026684,0.021533161068,0.0819401930775
0.938202247191,0.126984126984,0.397051679541,0.163772051376,0.123252858958,0.0180878552972,0.0682834942312
0.516853932584,0.0555555555556,0.152116298392,0.0345178989753,0.0114358322745,0.0146425495263,0.03626089004
0.619983948636,0.015873015873,0.313990179382,0.121045665534,0.11499364676,0.0172265288544,0.0409700965387
0.998394863563,0.15873015873,0.527327819661,0.286076020158,0.136594663278,0.11714039621,0.149870496821
0.913322632424,0.031746031746,0.398782452838,0.16041968297,0.118805590851,0.0111972437554,0.0699317165058
0.951845906902,0.111111111111,0.598546313065,0.402290422603,0.207115628971,0.217054263566,0.25476807158
0.854735152488,0.0,0.459219813766,0.286076020158,0.159466327827,0.134366925065,0.166588179892
0.951845906902,0.00793650793651,0.450905063959,0.270491701412,0.178526048285,0.2721791559,0.17412291029
0.998394863563,0.126984126984,0.502311847238,0.282732972516,0.117534942821,0.0180878552972,0.152696020721
0.887640449438,0.126984126984,0.60391380802,0.39236070117,0.22998729352,0.2721791559,0.182834942312
0.915730337079,0.222222222222,0.533105505255,0.313311294903,0.188691232529,0.246339362618,0.149870496821
0.824237560193,0.261904761905,0.453841301358,0.293010669169,0.262388818297,0.276485788114,0.136331528138
0.83467094703,0.285714285714,0.431607870687,0.277367318913,0.277001270648,0.328165374677,0.143042147398
0.979133226324,0.333333333333,0.476994939893,0.367750775177,0.341168996188,0.723514211886,0.16505768778
0.951043338684,0.166666666667,0.481726223209,0.259673400401,0.190597204574,0.131782945736,0.126677654815
0.863964686998,0.150793650794,0.476928344212,0.369664638883,0.335451080051,0.623600344531,0.168471862491
0.940609951846,0.293650793651,0.73048186681,0.527421690041,0.336086404066,0.705426356589,0.166352719567
0.983948635634,0.198412698413,0.605983838271,0.404639255333,0.286531130877,0.326442721792,0.172356957853
0.826645264848,0.253968253968,0.497660734686,0.357749594547,0.313850063532,0.343669250646,0.14692724276
0.97150882825,0.301587301587,0.556468683464,0.285041415265,0.261753494282,0.124892334195,0.119142924417
0.91492776886,0.34126984127,0.475056262306,0.3315209624,0.314485387548,0.375538329027,0.147044972922
0.922552166934,0.119047619048,0.654161806393,0.444435814107,0.294790343075,0.327304048234,0.178949846951
0.898073836276,0.365079365079,0.523799329483,0.316371612679,0.234434561626,0.285960378984,0.164704497292
0.998394863563,0.134920634921,0.683925057228,0.518775127228,0.324650571792,0.359173126615,0.38073934542
0.897271268058,0.230158730159,0.737334315651,0.470403464839,0.16581956798,0.106804478898,0.28149281846
0.908507223114,0.126984126984,0.28127220541,0.0984428108941,0.0552731893266,0.0077519379845,0.0521544619732
0.90088282504,0.111111111111,0.580207770183,0.328003927149,0.15501905972,0.068044788975,0.176006592889
0.965088282504,0.365079365079,0.461299620693,0.181481504496,0.105463786531,0.0249784668389,0.0749941134919
0.716292134831,0.285714285714,0.334597207555,0.202161174665,0.153113087675,0.311800172265,0.154697433482
0.985553772071,0.111111111111,0.479359599468,0.227063151288,0.146124523507,0.0766580534022,0.120437956204
0.63683788122,0.333333333333,0.298607222507,0.281487096955,0.372299872935,0.772609819121,0.13786202025
0.997191011236,0.126984126984,0.464857916165,0.183845871833,0.118170266836,0.0387596899225,0.124205321403
0.718298555377,0.34126984127,0.391017340353,0.220053936159,0.138500635324,0.206718346253,0.139627972687
0.834269662921,0.293650793651,0.300854347666,0.187965649875,0.211562897078,0.151593453919,0.141040734636
0.869983948636,0.150793650794,0.477477542093,0.311745406416,0.313850063532,0.372954349699,0.143159877561
0.752808988764,0.111111111111,0.480780311991,0.304723763601,0.214739517154,0.309216192937,0.161408052743
0.90569823435,0.119047619048,0.491455722266,0.255351672456,0.138500635324,0.077519379845,0.14410171886
0.918138041734,0.261904761905,0.451135986592,0.346723129789,0.357687420584,0.413436692506,0.180951259713
0.852728731942,0.333333333333,0.348528593221,0.215474333721,0.148030495553,0.273040482343,0.132210972451
0.920545746388,0.190476190476,0.30106178051,0.219333130348,0.317026683609,0.397071490095,0.135271956675
0.833467094703,0.119047619048,0.416408831984,0.264492235803,0.221092757306,0.371231696813,0.155403814457
0.899678972713,0.0555555555556,0.465323901912,0.273583088404,0.194409148666,0.306632213609,0.139510242524
0.949036918138,0.0555555555556,0.45033504421,0.241904915771,0.148030495553,0.244616709733,0.144808099835
0.958667736758,0.119047619048,0.568072052315,0.321839794695,0.222363405337,0.345391903531,0.138215210737
0.989165329053,0.301587301587,0.618768899438,0.310375253991,0.139135959339,0.083548664944,0.138568401224
0.918940609952,0.047619047619,0.344133300499,0.205908122114,0.146124523507,0.313522825151,0.130445020014
0.947833065811,0.134920634921,0.393474739505,0.21102522199,0.161372299873,0.254091300603,0.134918766188
0.911316211878,0.285714285714,0.609170017931,0.290257936631,0.137229987294,0.0249784668389,0.137626559925
0.973113964687,0.119047619048,0.413372352652,0.216042900373,0.190597204574,0.149009474591,0.128914527902
0.957062600321,0.0555555555556,0.429481323344,0.146506888045,0.0432020330368,0.021533161068,0.101718860372
0.947431781701,0.119047619048,0.356993405573,0.223831952825,0.325921219822,0.131782945736,0.1373910996
0.951845906902,0.142857142857,0.515268660148,0.306737048797,0.306861499365,0.310938845823,0.14504356016
0.979935794543,0.047619047619,0.446637319269,0.235504657275,0.148030495553,0.197243755383,0.127972686602
0.962680577849,0.174603174603,0.389696897805,0.208729206927,0.207750952986,0.260981912145,0.124440781728
0.800963081862,0.246031746032,0.420768962689,0.219345558034,0.135959339263,0.112833763997,0.124323051566
0.936998394864,0.238095238095,0.633804643674,0.37148529494,0.156925031766,0.11714039621,0.163762655992
0.67455858748,0.111111111111,0.30248655083,0.17453753472,0.147395171537,0.121447028424,0.100306098422
0.951845906902,0.150793650794,0.435766372274,0.255065835669,0.259212198221,0.350559862188,0.126677654815
0.83025682183,0.047619047619,0.390735735037,0.267083408417,0.26874205845,0.321274763135,0.151518719096
0.884430176565,0.0555555555556,0.38632658208,0.210341699238,0.160101651842,0.241171403962,0.137508829762
0.992375601926,0.253968253968,0.503647562249,0.286725366772,0.214739517154,0.123169681309,0.1364492583
0.899277688604,0.373015873016,0.443264798868,0.179704345341,0.0972045743329,0.0180878552972,0.10831174947
0.882423756019,0.111111111111,0.454050465218,0.255982377541,0.141041931385,0.254091300603,0.158347068519
0.867174959872,0.119047619048,0.42897423107,0.238201465224,0.158831003812,0.198105081826,0.147280433247
0.833868378812,0.0634920634921,0.21789107622,0.146637378752,0.26874205845,0.266149870801,0.135507417
0.924157303371,0.134920634921,0.413506716414,0.188496933468,0.130876747141,0.0318690783807,0.114080527431
0.934991974318,0.111111111111,0.458287490771,0.276401066295,0.243964421855,0.331610680448,0.168942783141
0.783306581059,0.357142857143,0.509959228928,0.364998042639,0.26874205845,0.393626184324,0.188485990111
0.553772070626,0.126984126984,0.310197286263,0.223167071602,0.246505717916,0.31007751938,0.150812338121
0.997993579454,0.0555555555556,0.35407892777,0.217093039874,0.257306226175,0.348837209302,0.143513068048
0.896869983949,0.166666666667,0.452001763656,0.372097358495,0.349428208386,0.521102497847,0.176124323052
0.966693418941,0.246031746032,0.404230060534,0.239748712181,0.274459974587,0.337639965547,0.154815163645
0.902487961477,0.0634920634921,0.505952374209,0.298833040247,0.15501905972,0.148148148148,0.154461973158
0.965489566613,0.0396825396825,0.641444218972,0.413031050574,0.263659466328,0.344530577089,0.183776783612
0.970304975923,0.365079365079,0.554158286921,0.355335516464,0.3208386277,0.33850129199,0.167883211679
0.982343499197,0.0952380952381,0.500411784553,0.244023836303,0.149301143583,0.257536606374,0.129620908877
0.930979133226,0.293650793651,0.376672419937,0.226040974082,0.152477763659,0.306632213609,0.141276194961
0.959069020867,0.253968253968,0.426008614,0.231633432962,0.148665819568,0.26270456503,0.13786202025
0.823033707865,0.15873015873,0.420933161705,0.227895806277,0.142947903431,0.0275624461671,0.123498940429
0.969502407705,0.0952380952381,0.506953388645,0.311316651236,0.171537484117,0.316968130922,0.183776783612
0.985152487961,0.277777777778,0.454120943237,0.314923787213,0.369758576874,0.410852713178,0.143042147398
0.994382022472,0.277777777778,0.629687061607,0.408268139762,0.367217280813,0.581395348837,0.160701671768
0.839887640449,0.206349206349,0.410801088107,0.219901697001,0.135324015248,0.127476313523,0.128679067577
0.95746388443,0.0714285714286,0.47855736399,0.254888741138,0.149301143583,0.122308354866,0.136566988462
0.777688603531,0.0555555555556,0.495186640007,0.264166009035,0.147395171537,0.0861326442722,0.126324464328
0.882825040128,0.357142857143,0.476522671511,0.259427953595,0.152477763659,0.31007751938,0.149281846009
0.890048154093,0.373015873016,0.304367793369,0.148274726436,0.152477763659,0.204134366925,0.106898987521
0.917736757624,0.166666666667,0.49228067434,0.391698926869,0.369758576874,0.777777777778,0.167059100542
0.895264847512,0.52380952381,0.539388338602,0.421115260578,0.37166454892,0.761412575366,0.179891688251
0.805778491172,0.388888888889,0.416104256222,0.26190417011,0.29542566709,0.320413436693,0.154815163645
0.884831460674,0.301587301587,0.444530709946,0.327926254109,0.355781448539,0.434108527132,0.155286084295
0.82544141252,0.126984126984,0.350092533954,0.0979488103597,0.0775095298602,0.0318690783807,0.0413232870261
0.982343499197,0.190476190476,0.648027826842,0.482535993687,0.310673443456,0.324720068906,0.277136802449
0.885634028892,0.126984126984,0.452427665382,0.218509796124,0.149301143583,0.133505598622,0.117141511655
0.930979133226,0.190476190476,0.531507493145,0.315355649316,0.178526048285,0.329888027562,0.172474688015
0.980337078652,0.0873015873016,0.441849460554,0.254742715822,0.193138500635,0.323858742463,0.135154226513
0.915730337079,0.190476190476,0.281051385662,0.142657412183,0.137229987294,0.0456503014643,0.132564162939
0.941412520064,0.119047619048,0.460411324724,0.305690016218,0.362134688691,0.588285960379,0.140452083824
0.880016051364,0.238095238095,0.479532678935,0.277569268817,0.300508259212,0.14556416882,0.130091829527
0.798154093098,0.0714285714286,0.40001166838,0.313246049549,0.360864040661,0.57278208441,0.140805274311
0.955056179775,0.388888888889,0.533925728512,0.327419825888,0.209656925032,0.321274763135,0.168707322816
0.887640449438,0.0396825396825,0.51862174799,0.274695366337,0.205209656925,0.109388458226,0.128090416765
0.95746388443,0.301587301587,0.582819861309,0.364401513692,0.353240152478,0.575366063738,0.138568401224
0.951845906902,0.388888888889,0.473455056825,0.371149747407,0.326556543837,0.424633936262,0.186837767836
0.900080256822,0.222222222222,0.493026009066,0.281201260167,0.202033036849,0.274763135228,0.143159877561
0.82062600321,0.357142857143,0.435752920737,0.306056632967,0.333545108005,0.331610680448,0.157169766894
0.887640449438,0.420634920635,0.400010512196,0.320208660855,0.371029224905,0.818260120586,0.139510242524
0.991573033708,0.357142857143,0.526511534092,0.418399811099,0.375476493011,0.86391042205,0.147869084059
0.967897271268,0.31746031746,0.718505483136,0.448083340065,0.277636594663,0.229112833764,0.172827878502
0.961878009631,0.0634920634921,0.569182151348,0.308389931088,0.15501905972,0.269595176572,0.13503649635
0.995987158909,0.373015873016,0.589085459406,0.348984968713,0.21918678526,0.330749354005,0.137744290087
0.750401284109,0.198412698413,0.398204504059,0.204003579174,0.137229987294,0.0318690783807,0.129620908877
0.812600321027,0.0555555555556,0.369199655193,0.199601071267,0.151207115629,0.285960378984,0.120555686367
0.838282504013,0.126984126984,0.488137765304,0.229613933922,0.145489199492,0.242894056848,0.122086178479
0.817415730337,0.0396825396825,0.416295959202,0.211289310326,0.147395171537,0.140396210164,0.120084765717
0.983146067416,0.0634920634921,0.286380286823,0.149362148996,0.18043202033,0.131782945736,0.119967035555
0.935794542536,0.0634920634921,0.35593008726,0.211665247839,0.249047013977,0.336778639104,0.127737226277
0.993579454254,0.333333333333,0.516542566901,0.326509497859,0.362134688691,0.363479758829,0.141747115611
0.954654895666,0.47619047619,0.484297196442,0.400320634309,0.373570520966,0.86391042205,0.161408052743
0.99036918138,0.0555555555556,0.563844041568,0.352346657884,0.315120711563,0.331610680448,0.153284671533
0.926163723917,0.126984126984,0.645120371738,0.433825676843,0.338627700127,0.364341085271,0.184718624912
0.982343499197,0.396825396825,0.382153378437,0.286939744362,0.312579415502,0.390180878553,0.147398163409
0.963483146067,0.277777777778,0.413356017855,0.259396884379,0.349428208386,0.376399655469,0.141629385449
0.943820224719,0.365079365079,0.54729177771,0.390431302857,0.368487928844,0.696813092162,0.149988226984
0.999197431782,0.103174603175,0.480587420558,0.297192585642,0.226810673443,0.309216192937,0.157640687544
0.955858747994,0.222222222222,0.529075214533,0.329591564086,0.206480304956,0.331610680448,0.177654815164
0.927768860353,0.214285714286,0.474865425853,0.223487084527,0.143583227446,0.0456503014643,0.123734400753
0.857945425361,0.150793650794,0.432147551503,0.21083259285,0.136594663278,0.121447028424,0.139392512362
0.982744783307,0.0952380952381,0.455476981174,0.428630903928,0.374841168996,0.819982773471,0.184600894749
0.995585874799,0.206349206349,0.565362636209,0.438989380542,0.372299872935,0.782084409991,0.160466211443
0.991974317817,0.222222222222,0.337666879697,0.165362795235,0.188691232529,0.11714039621,0.123381210266
0.979534510433,0.222222222222,0.504500799497,0.353946722508,0.324015247776,0.394487510767,0.172827878502
0.92937399679,0.238095238095,0.569808148374,0.362002970217,0.254764930114,0.352282515073,0.170120084766
0.846308186196,0.142857142857,0.473544533747,0.199678744307,0.0921219822109,0.0146425495263,0.114080527431
0.920545746388,0.142857142857,0.449766444179,0.188375763526,0.130876747141,0.0249784668389,0.106192606546
0.930979133226,0.373015873016,0.483557873371,0.323244123258,0.28081321474,0.118001722653,0.176359783377
0.930979133226,0.0952380952381,0.57611090794,0.420583976984,0.371029224905,0.586563307494,0.196020720509
0.991573033708,0.134920634921,0.400931454612,0.31274272825,0.3583227446,0.573643410853,0.153873322345
0.951845906902,0.246031746032,0.611977516594,0.325304012279,0.213468869123,0.304048234281,0.14410171886
0.786115569823,0.293650793651,0.39992018202,0.218453871535,0.148665819568,0.149009474591,0.130327289852
0.978330658106,0.047619047619,0.542405350475,0.320736837527,0.259847522236,0.382428940568,0.158700259006
0.980738362761,0.388888888889,0.570059212573,0.402647718587,0.379923761118,0.868217054264,0.153755592183
0.872391653291,0.126984126984,0.408352242858,0.269165045889,0.264930114358,0.306632213609,0.143630798211
0.99518459069,0.119047619048,0.471948432059,0.233690215061,0.136594663278,0.0378983634798,0.118672003767
0.928571428571,0.333333333333,0.38843447874,0.155669199843,0.132782719187,0.0516795865633,0.083588415352
0.84911717496,0.365079365079,0.407675527369,0.173080388489,0.135324015248,0.11714039621,0.110077701907
0.902889245586,0.174603174603,0.483413928402,0.351091461558,0.360228716645,0.431524547804,0.161408052743
0.969101123596,0.142857142857,0.489209779465,0.229815883826,0.158195679797,0.0826873385013,0.13503649635
0.983146067416,0.301587301587,0.399216195566,0.178035928441,0.144218551461,0.103359173127,0.121850718154
0.500802568218,0.15873015873,0.329825233435,0.173555747494,0.137229987294,0.021533161068,0.118201083117
0.963884430177,0.222222222222,0.450987074627,0.193756951737,0.113087674714,0.0249784668389,0.0975983046857
0.961075441413,0.246031746032,0.668025918293,0.343575818208,0.165184243964,0.143841515935,0.140923004474
0.860754414125,0.325396825397,0.477551040519,0.236020406261,0.141041931385,0.180017226529,0.131386861314
0.975120385233,0.373015873016,0.449021364361,0.299311506173,0.375476493011,0.552110249785,0.147162703085
0.943017656501,0.047619047619,0.611047508231,0.423805854683,0.324015247776,0.404823428079,0.169060513304
0.66974317817,0.0555555555556,0.371433653101,0.278700188279,0.380559085133,0.307493540052,0.153520131858
0.6272070626,0.0952380952381,0.302021177843,0.117537951047,0.0463786531131,0.0180878552972,0.0980692253355
0.968699839486,0.309523809524,0.556050106173,0.318555778563,0.191867852605,0.137812230835,0.14410171886
0.884028892456,0.349206349206,0.570343025908,0.362537360732,0.343074968234,0.422911283376,0.143159877561
0.963483146067,0.119047619048,0.631081714536,0.44714194282,0.3583227446,0.358311800172,0.160113020956
0.965890850722,0.222222222222,0.757512150303,0.548654392255,0.361499364676,0.354005167959,0.307511184365
0.575040128411,0.119047619048,0.350445505168,0.274850712417,0.278907242694,0.33850129199,0.164233576642
0.95264847512,0.388888888889,0.502776567246,0.254901168824,0.143583227446,0.269595176572,0.134683305863
0.988764044944,0.0555555555556,0.416026493309,0.201900193251,0.149936467598,0.0516795865633,0.122674829291
0.884028892456,0.222222222222,0.477194087705,0.324312904288,0.368487928844,0.709732988803,0.137037909112
0.982744783307,0.206349206349,0.606724165748,0.455409461198,0.348157560356,0.429801894918,0.233576642336
0.884028892456,0.373015873016,0.532862760951,0.336641169197,0.266200762389,0.273040482343,0.151165528608
0.890850722311,0.047619047619,0.514846112953,0.373560718569,0.339898348158,0.565030146425,0.165881798917
0.981540930979,0.285714285714,0.627583677624,0.429507055819,0.363405336722,0.710594315245,0.162467624205
0.995987158909,0.253968253968,0.603082230684,0.372886516582,0.321473951715,0.391903531438,0.162349894043
0.998796147673,0.214285714286,0.504038727203,0.342475967961,0.360228716645,0.437553832903,0.147869084059
0.91532905297,0.142857142857,0.510879256988,0.455176442078,0.374205844981,0.900086132644,0.189310101248
0.969502407705,0.333333333333,0.66238708419,0.488985962928,0.365946632783,0.700258397933,0.174947021427
0.936597110754,0.198412698413,0.562136669518,0.386752707682,0.262388818297,0.283376399655,0.183070402637
0.983146067416,0.103174603175,0.492173065988,0.311105380567,0.28208386277,0.340223944875,0.146574052272
0.983146067416,0.238095238095,0.483181078255,0.218926123618,0.156289707751,0.124031007752,0.123381210266
0.981942215088,0.261904761905,0.641596301691,0.448555592148,0.368487928844,0.813092161929,0.150341417471
0.557784911717,0.373015873016,0.25106354107,0.158561743853,0.202668360864,0.124892334195,0.127148575465
0.864365971108,0.134920634921,0.49141771688,0.276354462471,0.264294790343,0.2721791559,0.1373910996
0.999598715891,0.126984126984,0.573420726747,0.403085794533,0.274459974587,0.361757105943,0.188368259948
0.947030497592,0.0396825396825,0.567812278608,0.231763923669,0.112452350699,0.0284237726098,0.110784082882
0.917736757624,0.325396825397,0.573497316544,0.303073988231,0.141041931385,0.0318690783807,0.128914527902
0.884028892456,0.103174603175,0.404522466226,0.173415936022,0.121346886912,0.0206718346253,0.100777019072
0.756019261637,0.119047619048,0.303049661592,0.0930243396238,0.11626429479,0.0318690783807,0.0744054626795
0.972311396469,0.0634920634921,0.391721062863,0.14659388185,0.0972045743329,0.0284237726098,0.100423828585
0.983146067416,0.373015873016,0.397797735513,0.239444233864,0.264294790343,0.337639965547,0.133270543913
0.952247191011,0.0396825396825,0.395833653835,0.245838278517,0.23125794155,0.316106804479,0.156816576407
0.691011235955,0.047619047619,0.134781883847,0.0373327699449,0.0857687420584,0.0249784668389,0.0666352719567
0.910914927769,0.119047619048,0.116768335417,0.0,0.0438373570521,0.021533161068,0.0399105250765
0.988764044944,0.047619047619,0.467371443476,0.288660978929,0.368487928844,0.469422911283,0.136566988462
0.883627608347,0.309523809524,0.460733413467,0.264576122686,0.324015247776,0.358311800172,0.13503649635
0.880417335474,0.150793650794,0.149671119643,0.070524013397,0.137229987294,0.062015503876,0.0966564633859
0.856741573034,0.253968253968,0.308386676638,0.0933661009998,0.12833545108,0.0981912144703,0.0732281610549
0.802166934189,0.119047619048,0.24033398428,0.121390533831,0.137229987294,0.131782945736,0.0912408759124
0.866773675762,0.18253968254,0.32500488819,0.135530134033,0.124523506989,0.0146425495263,0.0834706851895
0.705056179775,0.285714285714,0.478365798223,0.26953476956,0.138500635324,0.24375538329,0.142571226748
0.920144462279,0.174603174603,0.269758643967,0.108729828312,0.123888182973,0.0284237726098,0.0877089710384
0.525280898876,0.126984126984,0.185841093714,0.0561669286837,0.113087674714,0.021533161068,0.0669884624441
0.830658105939,0.0714285714286,0.556413007361,0.284783540772,0.139771283355,0.0981912144703,0.14410171886
0.995585874799,0.174603174603,0.655919343697,0.372451547558,0.214739517154,0.324720068906,0.163880386155
0.637239165329,0.111111111111,0.331697312904,0.166484393933,0.118170266836,0.0447889750215,0.105015304921
0.951845906902,0.134920634921,0.408117474253,0.185657207126,0.135324015248,0.0826873385013,0.0893571933129
0.803772070626,0.111111111111,0.382721992727,0.180117565913,0.159466327827,0.127476313523,0.104308923946
0.863964686998,0.119047619048,0.452251055847,0.226839452933,0.151207115629,0.161929371232,0.120084765717
0.736356340289,0.246031746032,0.346676065271,0.154441965811,0.126429479034,0.0146425495263,0.0978337650106
0.979935794543,0.0634920634921,0.21749841036,0.043972261404,0.0927573062262,0.0180878552972,0.03626089004
0.857142857143,0.198412698413,0.254798433054,0.172921935488,0.20457433291,0.33850129199,0.117023781493
0.881621187801,0.31746031746,0.286326739334,0.0902094686543,0.113087674714,0.0275624461671,0.0414410171886
0.908507223114,0.365079365079,0.368342604689,0.134539026042,0.113722998729,0.0353143841516,0.0413232870261
0.928972712681,0.111111111111,0.45644427838,0.213955049058,0.1416772554,0.161068044789,0.0913586060749
0.856741573034,0.111111111111,0.269733745783,0.0937731077294,0.0984752223634,0.021533161068,0.0429715093007
0.949036918138,0.253968253968,0.300006670531,0.118432744468,0.126429479034,0.0206718346253,0.081822462915
0.654895666132,0.190476190476,0.207118035328,0.0916448664334,0.131512071156,0.116279069767,0.0622792559454
0.838683788122,0.253968253968,0.352621756918,0.176417222288,0.152477763659,0.0353143841516,0.0960678125736
0.966292134831,0.238095238095,0.399704738134,0.177221914982,0.121982210928,0.0249784668389,0.119378384742
0.993178170144,0.198412698413,0.538024904754,0.243753534123,0.163913595934,0.103359173127,0.118201083117
0.993178170144,0.333333333333,0.546946982781,0.255854993755,0.137229987294,0.0689061154177,0.123028019779
0.992375601926,0.214285714286,0.375595272763,0.107474631985,0.0997458703939,0.0180878552972,0.0565104779845
0.853531300161,0.190476190476,0.317822401442,0.122341251841,0.123252858958,0.0689061154177,0.0827643042147
0.943017656501,0.293650793651,0.338429333674,0.130074379703,0.130876747141,0.0732127476314,0.0427360489757
0.989165329053,0.15873015873,0.665210180027,0.474936463453,0.326556543837,0.335055986219,0.227690134212
0.887239165329,0.103174603175,0.521941980973,0.399208356376,0.354510800508,0.645994832041,0.173063338827
0.961075441413,0.0,0.39005131133,0.178756734253,0.133418043202,0.0249784668389,0.118554273605
0.950642054575,0.0,0.501095582064,0.223853701276,0.132782719187,0.0559862187769,0.120555686367
0.898876404494,0.134920634921,0.18785971381,0.0423690898584,0.110546378653,0.0111972437554,0.0404991758889
0.930979133226,0.0952380952381,0.219393054942,0.072108543413,0.0419313850064,0.000861326442722,0.0655757004945
0.908507223114,0.0952380952381,0.65250841095,0.332878687139,0.135324015248,0.0447889750215,0.131622321639
0.956260032103,0.230158730159,0.465503744454,0.202602357532,0.0997458703939,0.00689061154177,0.102660701672
0.926565008026,0.166666666667,0.463176964651,0.229262851781,0.125794155019,0.021533161068,0.10925359077
0.998796147673,0.174603174603,0.288533129287,0.106427599406,0.111817026684,0.0180878552972,0.0550977160348
0.83467094703,0.0555555555556,0.112306344555,0.0248615866427,0.0908513341804,0.000861326442722,0.038026842477
0.979534510433,0.015873015873,0.213041051222,0.0528052395126,0.0991105463787,0.0103359173127,0.0375559218272
0.924157303371,0.198412698413,0.458534597545,0.162308691302,0.102287166455,0.0077519379845,0.0741700023546
0.906902086677,0.174603174603,0.686304451723,0.4419751322,0.156289707751,0.147286821705,0.216858959265
0.993178170144,0.0238095238095,0.60512164809,0.37731077294,0.219822109276,0.0551248923342,0.204144101719
0.850722311396,0.047619047619,0.663698746169,0.480724658394,0.275730622618,0.410852713178,0.224393689663
0.982744783307,0.18253968254,0.72969766641,0.484272762861,0.281448538755,0.528854435831,0.185071815399
0.966693418941,0.0396825396825,0.55205387973,0.356031466902,0.271283354511,0.403100775194,0.149517306334
0.979133226324,1.0,0.483999123659,0.397521297948,0.358958068615,0.802756244617,0.151754179421
0.991974317817,0.047619047619,0.648382743543,0.476138842112,0.362134688691,0.832902670112,0.163527195668
0.996789727127,0.047619047619,0.43748639476,0.318344507895,0.326556543837,0.707149009475,0.12832587709
0.819020866774,0.119047619048,0.45283154213,0.27029285843,0.195679796696,0.258397932817,0.135154226513
0.988362760835,0.103174603175,0.867427386618,0.505657704233,0.138500635324,0.114556416882,0.126089004003
0.989967897271,0.230158730159,0.91496980166,0.540234634719,0.143583227446,0.26270456503,0.162467624205
0.955858747994,0.150793650794,0.648090002502,0.319798547203,0.135959339263,0.112833763997,0.139745702849
0.0,0.126984126984,0.0,0.0119150443358,0.0368487928844,0.0077519379845,0.0725217800801
0.271669341894,0.031746031746,0.101408451498,0.0879507366511,0.134688691233,0.0490956072351,0.117141511655
0.44823434992,0.18253968254,0.146988513714,0.0862139674767,0.116899618806,0.021533161068,0.096421003061
0.784911717496,0.238095238095,0.178280508329,0.0809322007568,0.114358322745,0.0249784668389,0.108194019308
0.819823434992,0.142857142857,0.215421083175,0.145988032138,0.135959339263,0.077519379845,0.141747115611
0.996388443018,0.373015873016,0.246793462221,0.118342643742,0.0991105463787,0.0146425495263,0.122203908641
0.8772070626,0.0396825396825,0.302076942054,0.134815542065,0.114358322745,0.0318690783807,0.116552860843
0.987961476726,0.0396825396825,0.266566881368,0.126871143534,0.109911054638,0.0172265288544,0.0605133035084
0.493178170144,0.0396825396825,0.184474362913,0.11987435609,0.122617534943,0.031007751938,0.0844125264893
0.686998394864,0.222222222222,0.162117511661,0.0755510125457,0.100381194409,0.0249784668389,0.0631033670826
0.903691813804,0.103174603175,0.0750605906896,0.00344557605433,0.0482846251588,0.0111972437554,0.0367318106899
0.640850722311,0.0793650793651,0.137729175996,0.0384046578969,0.0635324015248,0.0111972437554,0.0394396044267
0.944221508828,0.166666666667,0.247182568458,0.0769025234417,0.0400254129606,0.00430663221361,0.0384977631269
0.852728731942,0.150793650794,0.178815659972,0.0606781788468,0.113087674714,0.0111972437554,0.0954791617612
0.0730337078652,0.134920634921,0.100930664005,0.0673021356979,0.104193138501,0.021533161068,0.0984224158229
0.944221508828,0.0634920634921,0.243710844393,0.111721793812,0.0959339263024,0.0111972437554,0.0432069696256
0.753210272873,0.103174603175,0.24019983705,0.0942608944206,0.0597204574333,0.0180878552972,0.0409700965387
0.929775280899,0.0,0.212169533341,0.123124196084,0.10292249047,0.0111972437554,0.114551448081
0.829052969502,0.230158730159,0.271349916682,0.124180549428,0.0559085133418,0.00430663221361,0.0834706851895
0.178972712681,0.126984126984,0.150255462739,0.0632538168532,0.0171537484117,0.0,0.0377913821521
0.857945425361,0.126984126984,0.289503907521,0.124857858337,0.0393900889454,0.00689061154177,0.104073463621
0.333868378812,0.015873015873,0.146696738124,0.0989150629773,0.0978398983482,0.0111972437554,0.0892394631505
0.874398073836,0.031746031746,0.29216831181,0.164881222387,0.10292249047,0.0275624461671,0.100423828585
0.936597110754,0.142857142857,0.294142127406,0.16504278231,0.118170266836,0.0904392764858,0.0809983517777
0.42455858748,0.047619047619,0.233917207907,0.126467243726,0.0800508259212,0.0077519379845,0.0888862726631
0.91051364366,0.166666666667,0.26099330944,0.0619333751732,0.0146124523507,0.0077519379845,0.0381445726395
0.950240770465,0.214285714286,0.36336448417,0.193061001299,0.111817026684,0.021533161068,0.148810925359
0.95304975923,0.198412698413,0.277275875053,0.142989852794,0.0946632782719,0.0180878552972,0.122321638804
0.987961476726,0.150793650794,0.272417444925,0.115456313575,0.0991105463787,0.0077519379845,0.0565104779845
0.942215088283,0.0396825396825,0.335770747584,0.157182270663,0.117534942821,0.0249784668389,0.115022368731
0.695024077047,0.166666666667,0.258962878088,0.114406174075,0.0889453621347,0.0146425495263,0.0661643513068
0.577046548957,0.206349206349,0.191777340267,0.102640261976,0.102287166455,0.0111972437554,0.0792323993407
0.590690208668,0.18253968254,0.156079038127,0.0964264187757,0.118170266836,0.0456503014643,0.0545090652225
0.61797752809,0.0873015873016,0.227302449332,0.122406497194,0.110546378653,0.0456503014643,0.0507417000235
0.672552166934,0.0555555555556,0.275671083321,0.0779215937265,0.0603557814485,0.0077519379845,0.0401459854015
0.945024077047,0.0,0.221127423025,0.104277609659,0.108005082592,0.0146425495263,0.059924652696
0.899678972713,0.15873015873,0.247393184014,0.0848655635024,0.0177890724269,0.00430663221361,0.059924652696
0.770064205457,0.0873015873016,0.230087228553,0.131783186583,0.121982210928,0.0422049956934,0.0807628914528
0.862359550562,0.0952380952381,0.25185680471,0.139662339761,0.110546378653,0.031007751938,0.0872380503885
0.756821829856,0.134920634921,0.149096492295,0.0363323411897,0.0438373570521,0.0111972437554,0.0372027313398
0.885232744783,0.00793650793651,0.121428819902,0.0271141048027,0.106099110546,0.0146425495263,0.0384977631269
0.930979133226,0.293650793651,0.246103814125,0.0680726522547,0.113722998729,0.0111972437554,0.0370850011773
0.545345104334,0.134920634921,0.167618000138,0.103485344651,0.131512071156,0.0706287683032,0.0516835413233
0.923354735152,0.111111111111,0.214515725755,0.0587456736117,0.0393900889454,0.0111972437554,0.0386154932894
0.83467094703,0.166666666667,0.299634726149,0.130192442724,0.0622617534943,0.0146425495263,0.110784082882
0.41974317817,0.126984126984,0.165075726804,0.11367915442,0.108005082592,0.0275624461671,0.0809983517777
0.835874799358,0.230158730159,0.406020861445,0.264660009569,0.139135959339,0.0551248923342,0.194019307747
0.586677367576,0.119047619048,0.292803694384,0.205964046703,0.141041931385,0.127476313523,0.168236402166
0.869582664526,0.349206349206,0.306976383727,0.145211301738,0.113722998729,0.0284237726098,0.110784082882
0.719502407705,0.333333333333,0.319930920738,0.152431787536,0.106099110546,0.0249784668389,0.104426654109
0.770465489567,0.222222222222,0.38866990841,0.227386271135,0.115628970775,0.031007751938,0.169766894278
0.817014446228,0.0793650793651,0.376169942763,0.217757921097,0.129606099111,0.0318690783807,0.170591005416
0.863563402889,0.0793650793651,0.503626173563,0.325179735415,0.144218551461,0.230835486649,0.210619260655
0.451043338684,0.0634920634921,0.161653085832,0.0687499611635,0.0914866581957,0.0146425495263,0.0467388744996
0.758828250401,0.18253968254,0.246961892983,0.105306000708,0.109911054638,0.0284237726098,0.0940663998116
0.774077046549,0.126984126984,0.246018394285,0.131363752167,0.118170266836,0.0318690783807,0.107605368495
0.939406099518,0.047619047619,0.356550198792,0.155243551584,0.120711562897,0.0387596899225,0.0631033670826
0.997191011236,0.0873015873016,0.355627810035,0.126644338257,0.0978398983482,0.021533161068,0.04532611255
0.954253611557,0.246031746032,0.191442289877,0.103448061592,0.105463786531,0.021533161068,0.0850011773016
0.928571428571,0.174603174603,0.165309536515,0.0578291317397,0.0921219822109,0.0146425495263,0.0394396044267
0.435393258427,0.222222222222,0.177505621458,0.107859890264,0.11499364676,0.0516795865633,0.0953614315988
0.598715890851,0.18253968254,0.209988098464,0.0785243365169,0.0705209656925,0.0146425495263,0.0436778902755
0.495585874799,0.174603174603,0.153763117849,0.0690482256371,0.0914866581957,0.021533161068,0.0390864139393
0.914125200642,0.174603174603,0.249700739459,0.14113812752,0.130876747141,0.0723514211886,0.137744290087
0.76404494382,0.047619047619,0.24478590803,0.118811788903,0.0940279542567,0.0180878552972,0.060160113021
0.812600321027,0.214285714286,0.194532509051,0.0793259222897,0.114358322745,0.0344530577089,0.0560395573346
0.396468699839,0.134920634921,0.11871297245,0.0704121642194,0.0940279542567,0.0111972437554,0.0629856369202
0.949839486356,0.103174603175,0.209315904373,0.0565832561781,0.0177890724269,0.0103359173127,0.0489757475865
0.497592295345,0.142857142857,0.185165648924,0.0930585157614,0.119440914867,0.0249784668389,0.089121732988
0.663322632424,0.261904761905,0.215538810516,0.116410138507,0.103557814485,0.0275624461671,0.0866493995762
0.371589085072,0.166666666667,0.182627499176,0.111091088727,0.0813214739517,0.0249784668389,0.0953614315988
0.922552166934,0.150793650794,0.273931431975,0.141013850656,0.12706480305,0.0353143841516,0.124911702378
0.206260032103,0.0714285714286,0.139657857786,0.0768062088721,0.0838627700127,0.0111972437554,0.0390864139393
0.642455858748,0.253968253968,0.201713424048,0.109015665099,0.124523506989,0.0456503014643,0.0695785260184
0.887239165329,0.222222222222,0.180469266832,0.0750414774034,0.0673443456163,0.021533161068,0.0410878267012
0.941011235955,0.0634920634921,0.336744792357,0.0880315166127,0.0114358322745,0.0146425495263,0.0386154932894
0.65088282504,0.246031746032,0.143499478618,0.0434378708888,0.0800508259212,0.021533161068,0.0384977631269
0.936597110754,0.0714285714286,0.284673042849,0.134716120573,0.121982210928,0.037037037037,0.0523899222981
0.637640449438,0.15873015873,0.133423304158,0.0862574643791,0.126429479034,0.157622739018,0.0620437956204
0.17455858748,0.277777777778,0.0747360273216,0.0454263007127,0.0425667090216,0.0180878552972,0.0450906522251
0.749197431782,0.269841269841,0.221171627054,0.0988125345645,0.110546378653,0.0275624461671,0.102660701672
0.963884430177,0.0714285714286,0.316922736119,0.165117348429,0.134053367217,0.134366925065,0.132564162939
0.817415730337,0.261904761905,0.155240147655,0.0668982358899,0.102287166455,0.0249784668389,0.0592182717212
0.648475120385,0.349206349206,0.243022968949,0.132777401495,0.0978398983482,0.0249784668389,0.118554273605
0.912921348315,0.269841269841,0.141512719985,0.030155781049,0.0336721728081,0.0111972437554,0.0370850011773
0.991171749599,0.0793650793651,0.318227984515,0.13185464578,0.0438373570521,0.0111972437554,0.0496821285613
0.833868378812,0.119047619048,0.281293190296,0.141200265952,0.130241423126,0.121447028424,0.0913586060749
0.400080256822,0.15873015873,0.0819651313034,0.0597989200341,0.115628970775,0.0284237726098,0.043795620438
0.840690208668,0.111111111111,0.285112976866,0.145475390074,0.111181702668,0.021533161068,0.106074876383
0.998796147673,0.126984126984,0.458736600904,0.261431918027,0.136594663278,0.131782945736,0.157522957382
0.999598715891,0.142857142857,0.629750735412,0.466420391348,0.317026683609,0.283376399655,0.393336472804
0.972712680578,0.166666666667,0.692100779606,0.499881936979,0.258576874206,0.0956072351421,0.407110901813
0.776083467095,0.047619047619,0.646083567397,0.338377938371,0.117534942821,0.0275624461671,0.0906522251001
0.969101123596,0.0,0.541959765224,0.330470822899,0.149301143583,0.0697674418605,0.19943489522
0.960272873194,0.0,0.595791818464,0.380119430066,0.170266836086,0.0697674418605,0.192135625147
0.868780096308,0.222222222222,0.460570969674,0.302337647812,0.207750952986,0.157622739018,0.171415116553
0.983948635634,0.230158730159,0.346732109848,0.184268413171,0.132147395172,0.0413436692506,0.139745702849
0.943017656501,0.134920634921,0.672091549283,0.380492260658,0.221728081321,0.114556416882,0.15505062397
0.999598715891,0.285714285714,0.814256296393,0.581634365038,0.286531130877,0.335917312661,0.390510948905
0.98113964687,0.00793650793651,1.0,0.853726131075,0.328462515883,0.378983634798,0.802919708029
0.984349919743,0.246031746032,0.871675671181,0.748121865893,0.337357052097,0.514211886305,0.605015304921
0.994783306581,0.150793650794,0.939638004828,0.949406888667,0.698221092757,0.441860465116,0.869201789498
0.988764044944,0.261904761905,0.919584583584,0.877842056534,0.477128335451,0.586563307494,0.716034848128
0.949036918138,0.206349206349,0.938200076707,0.994211805059,0.94790343075,0.574504737295,0.949022839652
0.96227929374,0.134920634921,0.866655615271,0.953144515351,0.970775095299,0.624461670973,0.856133741465
0.992375601926,0.142857142857,0.942799721132,0.979867148032,0.88500635324,0.435831180017,0.905933600188
0.988764044944,0.31746031746,0.883845012799,0.868030398121,0.520965692503,0.453057708872,0.891805980692
0.951043338684,0.230158730159,0.913477402187,1.0,0.996823379924,0.703703703704,0.941017188604
0.936195826645,0.230158730159,0.892487266491,0.864199563788,0.423125794155,0.567614125754,0.888038615493
0.955056179775,0.0634920634921,0.906948333434,0.901019691669,0.517789072427,0.724375538329,0.787732517071
0.991974317817,0.142857142857,0.891720793452,0.799311506173,0.352604828463,0.409991386736,0.649870496821
0.997592295345,0.166666666667,0.817825930525,0.76864308306,0.328462515883,0.402239448751,0.791382152107
0.975521669342,0.119047619048,0.848935249286,0.842103137369,0.489199491741,0.480620155039,0.80056510478
0.961075441413,0.0793650793651,0.852720351628,0.933900242961,1.0,0.634797588286,0.897103838003
0.978731942215,0.246031746032,0.901155421329,0.962493242446,0.959339263024,0.7278208441,0.823875676948
0.987961476726,0.301587301587,0.834723369268,0.915774462347,0.930749682338,0.578811369509,0.877678361196
0.997993579454,0.285714285714,0.921998449077,0.997850010253,0.849428208386,0.618432385874,0.96468095126
0.996388443018,0.0793650793651,0.760316880048,0.682174348013,0.341804320203,0.386735572782,0.572404049918
0.932182985554,0.206349206349,0.788370746357,0.648044814237,0.306226175349,0.354866494401,0.601247939722
0.993178170144,0.277777777778,0.840729017206,0.620719438766,0.313850063532,0.396210163652,0.450671061926
0.985553772071,0.214285714286,0.755215691847,0.572764103871,0.302414231258,0.372093023256,0.477395808806
0.927367576244,0.388888888889,0.742877275902,0.589087869957,0.324015247776,0.392764857881,0.467035554509
0.972712680578,0.111111111111,0.760537168,0.609671225556,0.353240152478,0.37984496124,0.465034141747
0.998796147673,0.349206349206,0.674699471916,0.398232782994,0.216645489199,0.120585701981,0.169531433953
0.965088282504,0.380952380952,0.685338228603,0.52306889288,0.328462515883,0.301464254953,0.407581822463
0.717897271268,0.0714285714286,0.592080107644,0.475175696416,0.284625158831,0.334194659776,0.373204615022
0.979534510433,0.357142857143,0.755074947812,0.561430053874,0.315120711563,0.249784668389,0.40981869555
0.928170144462,0.309523809524,0.675017207137,0.527051966371,0.305590851334,0.34797588286,0.404520838239
0.989566613162,0.134920634921,0.772622474801,0.598539125464,0.304955527319,0.383290267011,0.499764539675
0.99518459069,0.380952380952,0.881885282675,0.765293821576,0.331639135959,0.460809646856,0.770308453026
0.962680577849,0.166666666667,0.66944128427,0.519085819388,0.27001270648,0.430663221361,0.416882505298
0.958667736758,0.230158730159,0.679348989683,0.5770547626,0.327827191868,0.476313522825,0.511655286084
0.935794542536,0.206349206349,0.643220134773,0.540234634719,0.325285895807,0.485788113695,0.4542029668
0.846308186196,0.261904761905,0.621904737567,0.559205498008,0.33418043202,0.5443583118,0.470449729221
0.965489566613,0.0634920634921,0.734787004386,0.629083271713,0.315120711563,0.554694229113,0.580056510478
0.946227929374,0.293650793651,0.724767205395,0.656346508752,0.356416772554,0.579672695952,0.545679303037
0.859149277689,0.047619047619,0.757709430253,0.649595168116,0.354510800508,0.576227390181,0.49093477749
0.944622792937,0.222222222222,0.696787644997,0.676777625193,0.418043202033,0.631352282515,0.586767129739
0.980738362761,0.230158730159,0.771140545572,0.63977729586,0.333545108005,0.530577088717,0.53578996939
0.951043338684,0.214285714286,0.778122529114,0.644120772256,0.331639135959,0.569336778639,0.48092771368
0.996388443018,0.119047619048,0.787956212617,0.600384636894,0.274459974587,0.416881998277,0.483870967742
0.999197431782,0.238095238095,0.726924635188,0.586099011378,0.305590851334,0.554694229113,0.42606545797
0.998796147673,0.0396825396825,0.718634546038,0.584439915243,0.311308767471,0.565891472868,0.479632681893
0.983948635634,0.269841269841,0.754044658184,0.720731245068,0.364040660737,0.611541774332,0.720861784789
0.967495987159,0.222222222222,0.686702215631,0.614216651857,0.340533672173,0.521102497847,0.519425476807
0.976725521669,0.174603174603,0.686572238519,0.557391055794,0.304955527319,0.354005167959,0.438544855192
0.967897271268,0.357142857143,0.775000512534,0.718994475893,0.420584498094,0.60120585702,0.587002590064
0.960272873194,0.111111111111,0.696338367329,0.490206983117,0.261118170267,0.378122308355,0.287497056746
0.989967897271,0.150793650794,0.712670511368,0.666434683187,0.374205844981,0.568475452196,0.588768542501
0.921348314607,0.198412698413,0.68053762434,0.613766148225,0.3583227446,0.420327304048,0.551683541323
0.999598715891,0.206349206349,0.761652246964,0.725301526741,0.468869123253,0.575366063738,0.57252178008
0.975922953451,0.0952380952381,0.752970401006,0.662569672717,0.369123252859,0.523686477175,0.564162938545
0.973113964687,0.325396825397,0.859759772065,0.783975741156,0.389453621347,0.579672695952,0.744878737933
0.996388443018,0.0396825396825,0.775690979477,0.705022649458,0.360228716645,0.57278208441,0.590063574288
0.991171749599,0.0714285714286,0.712109216178,0.53942062126,0.277636594663,0.42721791559,0.324111137273
0.978330658106,0.269841269841,0.774672701059,0.669398686394,0.327827191868,0.502153316107,0.57440546268
1.0,0.103174603175,0.736188307774,0.575728107077,0.291613722999,0.438415159345,0.444431363315
0.986356340289,0.238095238095,0.75059831279,0.657346937507,0.310673443456,0.55383290267,0.512950317871
0.973515248796,0.142857142857,0.739357917404,0.662296263616,0.351969504447,0.584840654608,0.539792794914
0.903691813804,0.0555555555556,0.746932141826,0.676084781677,0.329097839898,0.579672695952,0.61643513068
0.997592295345,0.142857142857,0.7632398066,0.731714212924,0.386912325286,0.669250645995,0.590063574288
0.939004815409,0.103174603175,0.749247581653,0.610845641921,0.316391359593,0.552110249785,0.476453967506
0.996388443018,0.325396825397,0.803015220234,0.781210580932,0.412960609911,0.646856158484,0.722980927714
0.930577849117,0.277777777778,0.772789110109,0.684790376,0.370393900889,0.58225667528,0.572168589593
0.925361155698,0.126984126984,0.690910361102,0.587090119368,0.310673443456,0.566752799311,0.489757475865
0.997191011236,0.269841269841,0.700646500787,0.647845971255,0.362770012706,0.596037898363,0.589004002826
0.97150882825,0.18253968254,0.883528414868,0.760798106021,0.372299872935,0.428940568475,0.655403814457
0.922953451043,0.0555555555556,0.682065047495,0.542900373452,0.315120711563,0.559000861326,0.413939251236
0.992375601926,0.142857142857,0.83414430094,0.813681018573,0.433926302414,0.665805340224,0.747821991994
0.997592295345,0.119047619048,0.806014519415,0.718985155129,0.366581956798,0.585701981051,0.641511655286
0.995585874799,0.126984126984,0.72096011821,0.650275583946,0.333545108005,0.57278208441,0.604662114434
0.965088282504,0.277777777778,0.725926858814,0.559628039346,0.316391359593,0.46511627907,0.448080998352
0.999197431782,0.206349206349,0.826605962607,0.6955496455,0.334815756036,0.366925064599,0.766187897339
0.969101123596,0.246031746032,0.830975632187,0.731894414376,0.344345616264,0.569336778639,0.722392276901
0.941011235955,0.015873015873,0.801075249113,0.740833027819,0.357052096569,0.576227390181,0.727807864375
0.935393258427,0.0238095238095,0.808741989261,0.731496728412,0.339898348158,0.596037898363,0.61878973393
0.996789727127,0.222222222222,0.857129845232,0.725640181196,0.360228716645,0.57278208441,0.610077701907
0.999197431782,0.261904761905,0.734228090079,0.60577514587,0.310038119441,0.517657192076,0.516129032258
0.982343499197,0.261904761905,0.730964905061,0.653873399159,0.364040660737,0.57278208441,0.531904874029
0.977929373997,0.190476190476,0.866463745928,0.794700834519,0.379288437103,0.585701981051,0.750882976219
0.99077046549,0.0873015873016,0.693946562268,0.607350355121,0.333545108005,0.546942291128,0.495055333176
0.894060995185,0.277777777778,0.701458725634,0.616972491316,0.321473951715,0.541774332472,0.534141747116
0.979935794543,0.126984126984,0.836454294616,0.673325835296,0.331003811944,0.569336778639,0.558394160584
0.943820224719,0.206349206349,0.888462064206,0.819938358675,0.390724269377,0.60120585702,0.727690134212
0.998394863563,0.142857142857,0.840565727863,0.694381442979,0.368487928844,0.570198105082,0.552154461973
0.927367576244,0.111111111111,0.724916267593,0.510936364032,0.30876747141,0.47459086994,0.222156816576
0.98113964687,0.222222222222,0.790063714509,0.750160006462,0.362134688691,0.57278208441,0.80915940664
0.963884430177,0.190476190476,0.727459420665,0.619023059572,0.34625158831,0.578811369509,0.542618318813
0.955457463884,0.309523809524,0.883427394836,0.785821252587,0.370393900889,0.571920757967,0.71038380033
0.950240770465,0.111111111111,0.840993078976,0.770056732388,0.377382465057,0.598621877692,0.647398163409
0.997993579454,0.103174603175,0.862643317944,0.791040880874,0.360228716645,0.605512489233,0.73663762656
0.936597110754,0.119047619048,0.813134346203,0.776062411841,0.377382465057,0.715762273902,0.741464563221
0.984751203852,0.0555555555556,0.782052764349,0.651198339661,0.35959339263,0.547803617571,0.505533317636
0.969502407705,0.142857142857,0.680451561213,0.566718034437,0.30749682338,0.57278208441,0.459736284436
0.896869983949,0.047619047619,0.674260418322,0.573074796031,0.323379923761,0.471145564169,0.483164586767
0.937399678973,0.222222222222,0.832980262424,0.812087167792,0.377382465057,0.615848406546,0.784671532847
0.966693418941,0.0555555555556,0.751767724889,0.731962766652,0.379288437103,0.603789836348,0.676359783377
0.983948635634,0.214285714286,0.908145252945,0.888725602898,0.438373570521,0.703703703704,0.954556157287
0.945826645265,0.190476190476,0.804734120609,0.691954937209,0.322109275731,0.58225667528,0.602896161997
0.955457463884,0.230158730159,0.781659291601,0.635763153153,0.316391359593,0.561584840655,0.482575935955
0.834269662921,0.206349206349,0.735857948685,0.690311375683,0.375476493011,0.607235142119,0.61019543207
0.942616372392,0.0555555555556,0.760969182522,0.795418533409,0.527954256671,0.713178294574,0.747351071344
0.987158908507,0.111111111111,0.734107388757,0.713700281487,0.416772554003,0.710594315245,0.581469272428
0.970706260032,0.214285714286,0.738703534283,0.674068389558,0.357687420584,0.579672695952,0.60065928891
0.973916532905,0.325396825397,0.825767493974,0.74730163859,0.38373570521,0.598621877692,0.629267718389
0.982744783307,0.198412698413,0.837569323063,0.798205442084,0.455527318933,0.61068044789,0.665999529079
0.970304975923,0.134920634921,0.741981207946,0.674155383363,0.374841168996,0.531438415159,0.565928890982
0.913322632424,0.0952380952381,0.753817245454,0.733149610703,0.484116899619,0.611541774332,0.60878267012
0.940609951846,0.134920634921,0.759617306834,0.777842677918,0.527318932656,0.695951765719,0.68942783141
0.923756019262,0.0873015873016,0.691860371636,0.660429003735,0.376747141042,0.579672695952,0.604662114434
0.878410914928,0.285714285714,0.788505833876,0.83604464025,0.453621346887,0.714039621016,0.89168825053
0.921749598716,0.214285714286,0.795398628061,0.736063903163,0.362770012706,0.583118001723,0.654344242995
0.943820224719,0.119047619048,0.754336580104,0.743943056341,0.377382465057,0.627045650301,0.825994819873
0.976725521669,0.214285714286,0.719654768041,0.672480752621,0.363405336722,0.57278208441,0.599835177773
0.916934189406,0.214285714286,0.778188392928,0.805860896906,0.4625158831,0.640826873385,0.835060042383
0.998796147673,0.230158730159,0.784775856502,0.721448943957,0.367217280813,0.612403100775,0.677301624676
0.98113964687,0.285714285714,0.667060743881,0.573795601842,0.3208386277,0.522825150732,0.496350364964
0.942215088283,0.230158730159,0.749548563948,0.627178728772,0.326556543837,0.552110249785,0.494231222039
0.864365971108,0.031746031746,0.658183647353,0.594984807153,0.343074968234,0.579672695952,0.485519190016
0.98113964687,0.119047619048,0.935019083092,0.778001130919,0.369123252859,0.579672695952,0.601483400047
0.985152487961,0.253968253968,0.776591080201,0.635623341681,0.305590851334,0.503875968992,0.477631269131
0.91532905297,0.293650793651,0.799105241722,0.776298537883,0.383100381194,0.664944013781,0.808806216153
0.996388443018,0.31746031746,0.815714684296,0.749013552392,0.382465057179,0.67097329888,0.714268895691
0.975120385233,0.261904761905,0.887761913149,0.95869658425,0.547649301144,0.748492678725,1.0
0.865569823435,0.222222222222,0.751121928481,0.820429252288,0.517789072427,0.707149009475,0.854132328703
0.884028892456,0.253968253968,0.636291665886,0.626697155924,0.374841168996,0.578811369509,0.513421238521
0.99518459069,0.18253968254,0.820856584126,0.740600008699,0.374205844981,0.621016365202,0.572404049918
1.0,0.309523809524,0.897634727026,0.800635054775,0.365946632783,0.590008613264,0.693430656934
0.980738362761,0.206349206349,0.865501881033,0.863307877289,0.502541296061,0.707149009475,0.746056039557
0.979133226324,0.293650793651,0.905240759109,0.880482939893,0.394536213469,0.692506459948,0.910054155875
0.963081861958,0.277777777778,0.821885726636,0.717058863737,0.33290978399,0.551248923342,0.662938544855
0.981942215088,0.238095238095,0.782687719663,0.772899565652,0.374841168996,0.633936261843,0.822816105486
0.951845906902,0.214285714286,0.813503326089,0.7544661998,0.3583227446,0.645994832041,0.794560866494
0.959069020867,0.214285714286,0.854523507812,0.924349565963,0.550190597205,0.714039621016,0.941841299741
0.987961476726,0.103174603175,0.791538957725,0.739434913099,0.37166454892,0.571059431525,0.657522957382
0.991573033708,0.0555555555556,0.855214906263,0.751511517358,0.369123252859,0.609819121447,0.636213797975
0.988362760835,0.0555555555556,0.915762487427,0.757346316123,0.337992376112,0.500430663221,0.653991052508
0.971107544141,0.214285714286,0.890207113122,0.720498225948,0.333545108005,0.557278208441,0.598422415823
0.973515248796,0.0396825396825,0.80240984523,0.757408454555,0.391994917408,0.585701981051,0.764539675065
0.987560192616,0.0634920634921,0.77691741863,0.793663122705,0.419313850064,0.654608096469,0.878031551684
0.838683788122,0.103174603175,0.712621106563,0.63144763905,0.356416772554,0.50645994832,0.520838238757
0.867576243981,0.269841269841,0.621114400547,0.485406789245,0.306861499365,0.504737295435,0.35542736049
0.986757624398,0.0396825396825,0.701249125918,0.629431246932,0.33418043202,0.579672695952,0.551448080998
0.939406099518,0.222222222222,0.763395465792,0.688543537292,0.351969504447,0.57278208441,0.620202495879
0.991573033708,0.269841269841,0.693274951197,0.710649284476,0.39707750953,0.555555555556,0.697551212621
0.956661316212,0.190476190476,0.715754928509,0.709117572127,0.383100381194,0.644272179156,0.67271014834
0.956260032103,0.246031746032,0.823108292251,0.68352896583,0.324650571792,0.58225667528,0.577348716741
0.989165329053,0.277777777778,0.845870706208,0.782614909495,0.356416772554,0.669250645995,0.742641864846
0.96227929374,0.261904761905,0.780677392224,0.688764128726,0.368487928844,0.545219638243,0.61737697198
0.997993579454,0.230158730159,0.774635722399,0.665142203802,0.360228716645,0.559862187769,0.573699081705
0.999197431782,0.246031746032,0.836127154588,0.791118553914,0.366581956798,0.693367786391,0.715210736991
0.932985553772,0.0634920634921,0.838963664821,0.75172900187,0.353875476493,0.529715762274,0.653520131858
0.966693418941,0.253968253968,0.665502773486,0.607505701201,0.341168996188,0.576227390181,0.512597127384
0.959470304976,0.047619047619,0.739002552263,0.641315222052,0.329097839898,0.58225667528,0.512361667059
0.871187800963,0.214285714286,0.662947944693,0.492269979059,0.289072426938,0.488372093023,0.221921356251
0.981540930979,0.134920634921,0.652157686581,0.514304267046,0.301143583227,0.579672695952,0.380150694608
0.999598715891,0.238095238095,0.884971212666,0.699815448857,0.325921219822,0.557278208441,0.520485048269
