0.971636363636,0.264150943396,0.726618040727,0.378899021611,0.143208358943,0.142114384749,0.266379658281
0.906181818182,0.377358490566,0.435301305438,0.150977558512,0.114320835894,0.0723570190641,0.0312121619804
0.527272727273,0.622641509434,0.333660147335,0.116204049767,0.109403810695,0.0121317157712,0.0495089465895
0.614545454545,0.792452830189,0.136689838713,0.0614740618927,0.109403810695,0.013431542461,0.0391497376564
0.951272727273,0.169811320755,0.930647314679,0.440393016727,0.20528580209,0.167677642981,0.22373200592
0.917818181818,0.132075471698,0.63194860542,0.288033421372,0.19483712354,0.15554592721,0.157002556168
0.985454545455,0.169811320755,0.515132706244,0.210692513413,0.185003073141,0.0883882149047,0.0968653302839
0.818181818182,0.584905660377,0.945764263226,0.495221009618,0.231714812538,0.171143847487,0.260729180681
0.923636363636,0.396226415094,0.375975361893,0.137818308666,0.135218192993,0.100519930676,0.05098883358
0.903272727273,0.905660377358,0.270149399685,0.0747612165911,0.108174554395,0.0155979202773,0.00739943495224
0.850909090909,0.509433962264,0.928052914536,0.571213102772,0.293792255685,0.174610051993,0.559397282389
0.966545454545,0.22641509434,0.756609614112,0.366196574808,0.216349108789,0.165944540728,0.187945647787
0.723636363636,0.169811320755,0.71555914192,0.409288882244,0.229256299939,0.173310225303,0.2295170187
0.898909090909,0.188679245283,0.744926255964,0.357861165097,0.220651505839,0.168110918544,0.185658549711
0.712,0.320754716981,0.622720085426,0.30320426571,0.20897357099,0.169844020797,0.157809767254
0.975272727273,0.547169811321,0.781009068967,0.386599890367,0.226183159189,0.164644714038,0.198977532625
0.928,0.358490566038,0.604713282894,0.246211856946,0.19729563614,0.164644714038,0.11892909996
0.994909090909,0.0,0.185115589647,0.108160994003,0.173325138291,0.0983535528596,0.0555630297323
0.947636363636,0.547169811321,0.848166117443,0.66607199216,0.705593116165,0.30849220104,0.636351405893
0.969454545455,0.716981132075,0.986224184335,1.0,1.0,0.925043327556,1.0
0.917818181818,1.0,0.870032430776,0.722627531104,0.706822372465,0.417244367418,0.704426207453
0.907636363636,0.245283018868,0.82138295496,0.486784272687,0.302397049785,0.146880415945,0.374411408583
0.982545454545,0.867924528302,0.454151043881,0.172812743974,0.115550092194,0.0121317157712,0.0999596394457
1.0,0.358490566038,0.921357473754,0.651459278085,0.588199139521,0.317157712305,0.56235705637
0.996363636364,0.679245283019,0.330627983794,0.137328283583,0.115550092194,0.0155979202773,0.056370240818
0.884363636364,0.584905660377,0.303862404161,0.104863706583,0.0835894283958,0.00693240901213,0.0488362706848
0.918545454545,0.396226415094,0.413527519985,0.13930997824,0.103872157345,0.00866551126516,0.0526032557514
0.992,0.415094339623,0.61097959039,0.274048603844,0.19729563614,0.145147313692,0.137764025293
0.740363636364,0.415094339623,0.236796324359,0.138917958173,0.147510755993,0.107452339688,0.0579846629894
0.962181818182,0.660377358491,0.438682291402,0.16697230943,0.133988936693,0.0225303292894,0.0559666352751
0.890909090909,0.433962264151,0.435177371177,0.146309861962,0.110633066994,0.00693240901213,0.0526032557514
0.817454545455,0.207547169811,0.301773717713,0.138667131775,0.145052243393,0.150346620451,0.0552939593704
0.688727272727,0.622641509434,0.373736275498,0.129408149366,0.104486785495,0.0121317157712,0.050854298399
0.952727272727,0.415094339623,0.170237797806,0.0652829687214,0.104486785495,0.00693240901213,0.0441275393515
0.669818181818,0.188679245283,0.299843482586,0.11346489261,0.110633066994,0.0173310225303,0.0480290595991
0.915636363636,0.396226415094,0.308477673047,0.139510971579,0.161647203442,0.0619584055459,0.061751648056
0.68,0.566037735849,0.397698178149,0.154906064683,0.115550092194,0.011698440208,0.053679537199
0.519272727273,0.433962264151,0.112122900208,0.0891812428365,0.132145052243,0.053726169844,0.0538140723799
0.648727272727,0.301886792453,0.260530986648,0.13555920998,0.165949600492,0.078856152513,0.0581191981703
1.0,0.188679245283,0.436600346627,0.198770784538,0.183159188691,0.0463604852686,0.0987488228172
0.754181818182,0.169811320755,0.255199943295,0.0990614773841,0.118008604794,0.0346620450607,0.0521996502085
0.842909090909,0.358490566038,0.325186127971,0.111631036029,0.114320835894,0.0307625649913,0.0485672003229
0.848,0.320754716981,0.311028494257,0.125806880284,0.116779348494,0.0381282495667,0.0526032557514
0.963636363636,0.735849056604,0.348711002234,0.168058670122,0.175783650891,0.145147313692,0.0595990851608
0.685090909091,0.622641509434,0.491715255492,0.190651318084,0.123540258144,0.0203639514731,0.0586573388941
0.605090909091,0.358490566038,0.27112331244,0.10225411538,0.109403810695,0.00693240901213,0.0495089465895
0.925090909091,0.849056603774,0.307319706549,0.0911762263085,0.039950829748,0.00346620450607,0.0343064711422
0.953454545455,0.301886792453,0.408597640389,0.166517167489,0.178856791641,0.112651646447,0.0601372258846
0.300363636364,0.735849056604,0.302367225138,0.150936030963,0.151813153042,0.0446273830156,0.0748015606081
0.957090909091,0.22641509434,0.511995785452,0.182194647929,0.115550092194,0.00866551126516,0.0581191981703
0.925090909091,0.415094339623,0.486876357589,0.185950399495,0.132145052243,0.0589254766031,0.0586573388941
0.999272727273,0.433962264151,0.537107789267,0.263100280726,0.19791026429,0.17157712305,0.134266110588
0.790545454545,0.339622641509,0.0198570992116,0.0397136260195,0.106945298095,0.0121317157712,0.0425131171801
0.795636363636,0.377358490566,0.0503584208701,0.0554940947825,0.116779348494,0.0155979202773,0.0526032557514
0.999272727273,0.88679245283,0.505736214798,0.194010066278,0.146281499693,0.0138648180243,0.0655186331226
0.882181818182,0.867924528302,0.184459729729,0.0853607082939,0.113091579594,0.0138648180243,0.0496434817705
0.786181818182,0.415094339623,0.419849807244,0.182897294065,0.147510755993,0.0463604852686,0.0624243239607
0.462545454545,0.396226415094,0.320117853226,0.150384545107,0.141364474493,0.108752166378,0.0574465222656
0.891636363636,0.792452830189,0.496170082193,0.1792262587,0.130301167793,0.0294627383016,0.0571774519037
0.945454545455,0.679245283019,0.275070448498,0.0850318101028,0.0971112476951,0.00693240901213,0.0387461321135
0.598545454545,0.415094339623,0.277695118892,0.141589010149,0.144437615243,0.159445407279,0.0597336203417
0.847272727273,0.207547169811,0.236404178619,0.102853773193,0.118008604794,0.0381282495667,0.0542176779228
0.630545454545,0.547169811321,0.378317470992,0.158572116742,0.121696373694,0.0363951473137,0.0579846629894
0.978909090909,0.339622641509,0.200115671592,0.0793109749007,0.110633066994,0.0121317157712,0.0517960446657
0.674909090909,0.735849056604,0.261315129177,0.0799056494078,0.108174554395,0.0723570190641,0.00686129422844
0.957818181818,0.509433962264,0.341544928545,0.0844936130629,0.105716041795,0.0173310225303,0.00417059060944
0.918545454545,0.396226415094,0.414547520719,0.105579641534,0.0977258758451,0.00866551126516,0.00417059060944
0.700363636364,0.566037735849,0.321914812998,0.103720868424,0.108174554395,0.0242634315425,0.00847571639984
0.898909090909,0.566037735849,0.235652188439,0.0824122522882,0.100184388445,0.011698440208,0.00739943495224
0.837818181818,0.77358490566,0.448668944154,0.147351372901,0.101413644745,0.0103986135182,0.00914839230459
0.982545454545,0.905660377358,0.439697431875,0.157766482284,0.102028272895,0.00866551126516,0.00901385712364
0.920727272727,0.735849056604,0.41048102858,0.140017607681,0.113091579594,0.0433275563258,0.0129153773712
0.992,0.660377358491,0.471007446576,0.135479477085,0.0921942224954,0.00866551126516,0.00901385712364
0.176727272727,0.849056603774,0.219532224097,0.0940449494194,0.100799016595,0.00866551126516,0.0369971747612
0.986181818182,0.88679245283,0.494261859908,0.158332918058,0.106945298095,0.0207972270364,0.00847571639984
0.599272727273,0.622641509434,0.282190860544,0.117104367037,0.110018438844,0.0320623916811,0.00955199784744
0.962181818182,0.22641509434,0.323368498517,0.10493679507,0.102028272895,0.0121317157712,0.00861025158079
0.541090909091,0.641509433962,0.214953695556,0.0761582033521,0.0940381069453,0.0103986135182,0.00524687205704
0.675636363636,0.509433962264,0.335558049308,0.101772395807,0.0934234787953,0.00693240901213,0.00497780169514
0.938181818182,0.698113207547,0.415641874304,0.146867992226,0.110018438844,0.0307625649913,0.0478945244181
0.747636363636,0.77358490566,0.140205350283,0.0570704805568,0.0983405039951,0.0138648180243,0.0333647248756
0.327272727273,0.735849056604,0.152427112574,0.0649989202837,0.0989551321451,0.0121317157712,0.0542176779228
0.992727272727,0.283018867925,0.209576398888,0.0732479526918,0.111247695144,0.0225303292894,0.0640387461321
0.981090909091,0.905660377358,0.158400407518,0.0500074749589,0.0872771972956,0.00693240901213,0.00686129422844
0.957090909091,0.245283018868,0.462204488782,0.153994119699,0.118008604794,0.0740901213172,0.0769541235033
0.932363636364,0.188679245283,1.0,0.620338532583,0.354640442532,0.204939341421,0.52697430378
0.896,0.415094339623,0.266727473804,0.121684025182,0.180700676091,0.0745233968804,0.0585228037132
0.952727272727,0.547169811321,0.625077254182,0.237172139998,0.19114935464,0.155979202773,0.108704426207
0.921454545455,0.169811320755,0.391123985508,0.151550638694,0.189305470191,0.11698440208,0.0606753666084
0.976727272727,0.207547169811,0.16662858887,0.0567399212638,0.100184388445,0.0173310225303,0.0452038207991
0.893090909091,0.433962264151,0.396966660655,0.134881480374,0.124154886294,0.0238301559792,0.0520651150276
0.978909090909,0.377358490566,0.507670976369,0.177432268567,0.132759680393,0.0207972270364,0.0604062962465
0.848,0.396226415094,0.320615381773,0.142821547815,0.154886293792,0.0675909878683,0.0570429167227
0.941090909091,0.207547169811,0.557131855205,0.225549409478,0.159803318992,0.0966204506066,0.0770886586842
0.930181818182,0.169811320755,0.275385611119,0.103197621302,0.129686539644,0.0238301559792,0.05098883358
0.909818181818,0.377358490566,0.218083012797,0.0861281374064,0.119237861094,0.0203639514731,0.0515269743038
0.943272727273,0.358490566038,0.343877465739,0.167822793641,0.234173325138,0.161178509532,0.0941746266649
0.912727272727,0.339622641509,0.26785723493,0.0903506586269,0.118008604794,0.0329289428076,0.0511233687609
0.914181818182,0.603773584906,0.0645168088593,0.012715735619,0.039950829748,0.00866551126516,0.00470873133324
0.341818181818,0.622641509434,0.258223421318,0.101936844903,0.104486785495,0.0541594454073,0.00484326651419
0.629818181818,0.415094339623,0.337367278133,0.143937808342,0.124769514444,0.0567590987868,0.0575810574465
0.936727272727,0.358490566038,0.116033730412,0.0973688144715,0.177627535341,0.157712305026,0.059060944437
0.825454545455,0.660377358491,0.514837732565,0.300719257155,0.248309772588,0.108318890815,0.226557244719
0.730181818182,0.377358490566,0.409945083048,0.249171940665,0.249539028888,0.182842287695,0.164132920759
0.988363636364,0.358490566038,0.242342045246,0.120703975017,0.143822987093,0.0849220103986,0.056370240818
0.818181818182,0.622641509434,0.3053587056,0.123916546237,0.143822987093,0.050259965338,0.0554284945513
0.706909090909,0.547169811321,0.471724624221,0.153294795768,0.102642901045,0.0121317157712,0.0554284945513
0.999272727273,0.301886792453,0.269491360051,0.123059417618,0.139520590043,0.0584922010399,0.0543522131037
0.880727272727,0.566037735849,0.34270370107,0.130207139416,0.110633066994,0.0138648180243,0.0555630297323
0.859636363636,0.22641509434,0.322041351983,0.137726948057,0.125384142594,0.0168977469671,0.0559666352751
0.770909090909,0.547169811321,0.43402140265,0.168640055813,0.144437615243,0.0623916811092,0.0598681555227
0.965818181818,0.509433962264,0.501378743723,0.179224597598,0.145052243393,0.0927209705373,0.0575810574465
0.996363636364,0.264150943396,0.291230879927,0.109827079284,0.116164720344,0.0225303292894,0.0515269743038
0.885818181818,0.584905660377,0.30174833266,0.112217405026,0.128457283344,0.0242634315425,0.053679537199
0.617454545455,0.584905660377,0.407347443101,0.141301639508,0.0983405039951,0.0138648180243,0.0523341853895
0.565090909091,0.301886792453,0.306269043945,0.119622597631,0.108789182545,0.0103986135182,0.0552939593704
0.799272727273,0.415094339623,0.49758411505,0.189493530008,0.147510755993,0.0220970537262,0.0581191981703
0.798545454545,0.22641509434,0.464047662537,0.200478397369,0.168408113092,0.155979202773,0.0601372258846
0.971636363636,0.415094339623,0.237946469336,0.102898622946,0.141364474493,0.0203639514731,0.0591954796179
0.679272727273,0.150943396226,0.316813540826,0.186488596535,0.20651505839,0.143414211438,0.0948473025696
0.821090909091,0.547169811321,0.763282167726,0.55217022973,0.474492931776,0.330589254766,0.44611866003
0.930909090909,0.679245283019,0.844165186789,0.552505772329,0.40073755378,0.223136915078,0.493340508543
0.683636363636,0.358490566038,0.364174315732,0.12677031943,0.131530424093,0.0203639514731,0.0538140723799
0.968727272727,0.698113207547,0.392925950231,0.142167073637,0.125998770744,0.0242634315425,0.0552939593704
0.823272727273,0.698113207547,0.337034428114,0.147487583263,0.144437615243,0.0563258232236,0.0575810574465
0.96,0.301886792453,0.615404347131,0.247311506453,0.162261831592,0.0762564991334,0.0636351405893
0.943272727273,0.301886792453,0.580264072601,0.268495539941,0.189920098341,0.139948006932,0.13736041975
0.738909090909,0.339622641509,0.37780952728,0.131939668776,0.111862323294,0.0173310225303,0.045472891161
0.682909090909,0.358490566038,0.263969687757,0.130811780535,0.146281499693,0.0675909878683,0.0565047759989
0.970909090909,0.264150943396,0.290083686743,0.0879586717829,0.105716041795,0.0121317157712,0.0500470873133
0.896,0.377358490566,0.176868425957,0.0513496453547,0.0934234787953,0.00866551126516,0.00578501278084
0.797090909091,0.867924528302,0.285173701521,0.0883540140529,0.105716041795,0.0121317157712,0.00686129422844
0.279272727273,0.867924528302,0.0552282324299,0.0402916895068,0.108789182545,0.0506932409012,0.00578501278084
0.948363636364,0.792452830189,0.230289422077,0.0461288018471,0.0786724031961,0.0051993067591,0.000403605542849
0.997090909091,0.792452830189,0.425671395082,0.107538080763,0.0940381069453,0.0103986135182,0.00417059060944
0.660363636364,0.641509433962,0.40684660511,0.11745153735,0.0915795943454,0.0103986135182,0.00524687205704
0.982545454545,0.698113207547,0.444064712767,0.122903274032,0.0442532267978,0.00693240901213,0.00255616843805
0.827636363636,0.88679245283,0.493675750069,0.199423597615,0.106945298095,0.0121317157712,0.0828736714651
0.964363636364,0.867924528302,0.258816785677,0.0769505489942,0.0835894283958,0.0051993067591,0.00376698506659
0.536727272727,0.716981132075,0.336030307626,0.113051278218,0.106945298095,0.0255632582322,0.00686129422844
0.959272727273,0.830188679245,0.252077790981,0.0787079948838,0.109403810695,0.0155979202773,0.0551594241894
0.885818181818,0.754716981132,0.283322878748,0.055462533845,0.039336201598,0.0051993067591,0.0
0.948363636364,0.547169811321,0.343471823971,0.0733741964419,0.0817455439459,0.0051993067591,0.00309430916185
0.993454545455,0.811320754717,0.397397293162,0.108325443099,0.0989551321451,0.0103986135182,0.00793757567604
0.997818181818,0.566037735849,0.860410816525,0.952366239763,0.967424708052,1.0,0.825507870308
0.880727272727,0.905660377358,0.900138869169,0.889094865534,0.925015365704,0.816291161179,0.765236109243
0.869090909091,0.660377358491,0.0626945965999,0.0,0.0,0.0051993067591,0.00147988699045
0.248,0.301886792453,0.0266681513677,0.024836796731,0.102642901045,0.0138648180243,0.00309430916185
0.596363636364,0.754716981132,0.0639002404639,0.0245793259248,0.0964966195452,0.00693240901213,0.00578501278084
0.850181818182,0.867924528302,0.339929912949,0.10613112739,0.104486785495,0.0194974003466,0.00417059060944
0.961454545455,0.622641509434,0.323051313303,0.0908157671799,0.103257529195,0.0103986135182,0.00417059060944
0.976,0.849056603774,0.292842157917,0.0794405408548,0.0817455439459,0.0051993067591,0.00255616843805
0.954181818182,0.339622641509,0.512457801522,0.166967326124,0.0964966195452,0.00866551126516,0.0504506928562
0.916363636364,0.641509433962,0.444450856763,0.194586468663,0.118008604794,0.0706239168111,0.104533835598
0.794181818182,0.169811320755,0.295689062215,0.113258915965,0.105716041795,0.0138648180243,0.0332301896946
0.976,0.622641509434,0.751411633526,0.313572864238,0.127842655194,0.0710571923744,0.14866137495
0.923636363636,0.698113207547,0.718085678096,0.308984900583,0.124154886294,0.0589254766031,0.154042782188
0.672,0.301886792453,0.394792916971,0.122453115397,0.0835894283958,0.00346620450607,0.00847571639984
0.706181818182,0.11320754717,0.512288892935,0.175040281723,0.100799016595,0.00346620450607,0.059060944437
0.994181818182,0.132075471698,0.677614507921,0.289682895633,0.124154886294,0.051993067591,0.158347907978
0.561454545455,0.188679245283,0.446167719569,0.136962841149,0.0940381069453,0.00649913344887,0.00255616843805
0.0,0.566037735849,0.0,0.0278566801216,0.0872771972956,0.00866551126516,0.00417059060944
0.709090909091,0.150943396226,0.428128065366,0.12302785668,0.0848186846958,0.00173310225303,0.00417059060944
0.832,0.132075471698,0.531978476426,0.179641534194,0.0940381069453,0.00346620450607,0.0604062962465
0.815272727273,0.509433962264,0.428192462907,0.122348465972,0.0835894283958,0.00173310225303,0.010628279295
0.989090909091,0.641509433962,0.498734612538,0.153052274879,0.103257529195,0.0381282495667,0.00847571639984
0.741090909091,0.603773584906,0.408758312302,0.169983887311,0.122311001844,0.0307625649913,0.0539486075609
0.891636363636,0.547169811321,0.213607052401,0.0511652630355,0.00983405039951,0.0051993067591,0.0220637696758
0.874909090909,0.0754716981132,0.685101523054,0.255557216658,0.113706207744,0.00996533795494,0.122023409121
0.921454545455,0.490566037736,0.903719902487,0.381389013472,0.136447449293,0.0415944540728,0.149603121216
0.909090909091,0.867924528302,0.458103153478,0.157533928008,0.111862323294,0.121317157712,0.0437239338087
0.971636363636,0.301886792453,0.563940924799,0.183993621368,0.0921942224954,0.00649913344887,0.0279833176376
0.765090909091,0.264150943396,0.297042580629,0.100157804688,0.0842040565458,0.00866551126516,0.0102246737522
0.896727272727,0.188679245283,0.429239039898,0.122300294015,0.0811309157959,0.00866551126516,0.00699582940939
0.909090909091,0.396226415094,0.45602863218,0.148220129234,0.109403810695,0.0485268630849,0.00847571639984
0.993454545455,0.566037735849,0.446353471471,0.149072274547,0.0934234787953,0.00346620450607,0.0289250639042
0.856727272727,0.641509433962,0.447324502915,0.138941213601,0.0964966195452,0.00693240901213,0.0552939593704
0.867636363636,0.0754716981132,0.478725628735,0.158718293716,0.0835894283958,0.00346620450607,0.0660567738464
0.901090909091,0.716981132075,0.521173023784,0.195257553861,0.102642901045,0.0307625649913,0.0591954796179
0.835636363636,0.0943396226415,0.410578888142,0.152512416737,0.0909649661955,0.00346620450607,0.0620207184179
0.949090909091,0.415094339623,0.464871208001,0.145891264265,0.0958819913952,0.0051993067591,0.00739943495224
0.954181818182,0.150943396226,0.374223130759,0.118366804538,0.0928088506454,0.00866551126516,0.00807211085699
0.698181818182,0.528301886792,0.411717316835,0.169201508281,0.109403810695,0.065424610052,0.0941746266649
0.961454545455,0.132075471698,0.355581429016,0.120443182007,0.106330669945,0.00996533795494,0.0548903538275
0.872727272727,0.0943396226415,0.476398045283,0.171307785585,0.0928088506454,0.00649913344887,0.0702273644558
0.525818181818,0.660377358491,0.326806692658,0.103880334214,0.0891210817455,0.0051993067591,0.00686129422844
0.806545454545,0.490566037736,0.347852085468,0.102749123769,0.0307314074985,0.00303292894281,0.0016144221714
0.714909090909,0.679245283019,0.278063881945,0.0735236956197,0.0786724031961,0.0,0.00201802771425
0.545454545455,0.0377358490566,0.145287818556,0.0462650122091,0.0479409956976,0.00346620450607,0.00147988699045
0.936727272727,0.301886792453,0.351379170422,0.090676234614,0.0897357098955,0.00693240901213,0.00417059060944
0.948363636364,0.301886792453,0.49880722317,0.132748625438,0.0614628149969,0.0,0.00699582940939
0.96,0.452830188679,0.330154024837,0.118418298699,0.102642901045,0.00866551126516,0.0575810574465
0.986909090909,0.754716981132,0.722801272655,0.380339197023,0.176398279041,0.0571923743501,0.182295170187
0.941818181818,0.754716981132,0.461687499367,0.146235112374,0.0848186846958,0.0051993067591,0.0185658549711
0.982545454545,0.188679245283,0.478250355169,0.154764871015,0.106330669945,0.011698440208,0.0538140723799
0.68,0.320754716981,0.319943718413,0.107287254365,0.0374923171481,0.00173310225303,0.00524687205704
0.880727272727,0.264150943396,0.291052985645,0.102435175495,0.0958819913952,0.0121317157712,0.00739943495224
0.986909090909,0.132075471698,0.6051879083,0.187111509776,0.0983405039951,0.0051993067591,0.0754742365128
0.220363636364,0.735849056604,0.369247914918,0.176570156642,0.127842655194,0.131715771231,0.113547692722
0.989818181818,0.811320754717,0.665787949806,0.269312802113,0.135218192993,0.0688908145581,0.138302166016
0.990545454545,0.584905660377,0.634216875113,0.284629823425,0.127842655194,0.0589254766031,0.156598950626
0.845090909091,0.245283018868,0.507359722026,0.207755685122,0.119852489244,0.0155979202773,0.0913493878649
0.913454545455,0.584905660377,0.42431075868,0.141094001761,0.114320835894,0.0138648180243,0.0597336203417
0.915636363636,0.547169811321,0.530497556876,0.227139084068,0.139520590043,0.0415944540728,0.0828736714651
