90.0,60.0,10.791644175,68.696,66.0,60.0,74.0
100.0,60.0,11.6524462668,80.364,86.0,66.0,90.0
90.0,60.0,9.27881371728,84.704,90.0,82.0,90.0
90.0,60.0,10.6489668982,79.748,82.0,74.0,90.0
100.0,60.0,9.69342044894,66.84,60.0,60.0,66.0
82.0,60.0,5.18057294129,63.608,60.0,60.0,66.0
82.0,60.0,4.72996363622,63.538,60.0,60.0,66.0
90.0,60.0,4.66307366444,62.912,60.0,60.0,66.0
90.0,60.0,11.9265881123,79.364,82.0,66.0,90.0
90.0,60.0,10.3595026908,83.552,90.0,82.0,90.0
90.0,60.0,3.05968364378,61.344,60.0,60.0,60.0
66.0,60.0,2.47954511957,61.316,60.0,60.0,60.0
66.0,60.0,1.97748931729,60.744,60.0,60.0,60.0
80.0,60.0,3.78404228306,61.968,60.0,60.0,66.0
74.0,60.0,2.79432567894,61.088,60.0,60.0,60.0
78.0,60.0,2.68855649001,60.892,60.0,60.0,60.0
90.0,60.0,4.77476701002,63.24,60.0,60.0,66.0
92.0,54.0,12.9013256683,76.714,74.0,60.0,90.0
90.0,60.0,10.0216174343,75.428,74.0,66.0,82.0
90.0,60.0,11.1401974848,69.8,66.0,60.0,74.0
90.0,60.0,10.1572366321,80.388,82.0,74.0,90.0
90.0,60.0,7.14968530776,64.3,60.0,60.0,66.0
90.0,60.0,10.8726445725,79.84,82.0,66.0,90.0
90.0,60.0,12.3130896204,75.732,74.0,60.0,90.0
90.0,60.0,10.9069108367,80.536,82.0,74.0,90.0
90.0,60.0,7.38701563556,86.2,90.0,82.0,90.0
90.0,60.0,9.26539799469,83.58,90.0,82.0,90.0
90.0,60.0,11.6264498451,80.392,90.0,66.0,90.0
90.0,60.0,11.310846299,78.766,82.0,66.0,90.0
90.0,60.0,10.9854150582,80.716,90.0,74.0,90.0
90.0,60.0,11.0300708973,77.744,74.0,66.0,90.0
90.0,60.0,10.5724010518,82.156,90.0,74.0,90.0
90.0,60.0,10.107150736,82.752,90.0,74.0,90.0
90.0,60.0,9.71801708169,81.988,90.0,74.0,90.0
90.0,60.0,10.0103914009,82.008,90.0,74.0,90.0
90.0,60.0,11.0196914657,79.92,82.0,66.0,90.0
90.0,60.0,9.77972105942,82.584,90.0,74.0,90.0
90.0,60.0,10.719232062,79.492,82.0,66.0,90.0
90.0,60.0,10.7471566472,77.432,74.0,66.0,90.0
90.0,60.0,10.9770167168,78.348,82.0,66.0,90.0
90.0,60.0,9.65182345466,81.048,82.0,74.0,90.0
90.0,60.0,9.94454704851,82.728,90.0,74.0,90.0
90.0,60.0,10.6323844927,80.62,82.0,74.0,90.0
90.0,60.0,9.8328193312,83.108,90.0,74.0,90.0
90.0,60.0,10.2222502415,82.04,90.0,74.0,90.0
90.0,60.0,9.49231605036,82.544,90.0,74.0,90.0
90.0,60.0,10.3029898573,81.42,90.0,74.0,90.0
90.0,60.0,10.599924528,78.64,82.0,66.0,90.0
90.0,60.0,10.408107609,80.464,82.0,74.0,90.0
90.0,60.0,10.9695279753,80.884,90.0,66.0,90.0
90.0,60.0,10.6473318724,80.518,82.0,74.0,90.0
90.0,60.0,10.8164496948,80.304,82.0,66.0,90.0
90.0,60.0,10.6552454688,80.412,82.0,74.0,90.0
90.0,60.0,11.198859942,79.256,82.0,66.0,90.0
90.0,60.0,10.7222945306,81.82,90.0,74.0,90.0
90.0,60.0,8.6640138504,84.692,90.0,82.0,90.0
90.0,60.0,10.4776020157,79.684,82.0,74.0,90.0
98.0,60.0,10.1256654102,82.77,90.0,74.0,90.0
90.0,60.0,10.5845200175,82.456,90.0,74.0,90.0
90.0,60.0,10.0568583564,83.94,90.0,82.0,90.0
90.0,60.0,10.0701189665,82.552,90.0,74.0,90.0
90.0,60.0,10.6445103222,80.32,82.0,74.0,90.0
90.0,60.0,9.94794370712,80.196,82.0,74.0,90.0
90.0,60.0,10.6564346758,81.62,90.0,74.0,90.0
90.0,60.0,11.0472411036,80.408,82.0,74.0,90.0
90.0,60.0,9.66001573498,83.064,90.0,82.0,90.0
90.0,60.0,11.79435526,80.928,90.0,66.0,90.0
90.0,60.0,10.3210689369,76.244,74.0,66.0,90.0
90.0,60.0,10.8800470587,80.976,90.0,74.0,90.0
90.0,60.0,9.83541031173,78.552,82.0,74.0,90.0
90.0,60.0,10.7013711271,82.716,90.0,74.0,90.0
90.0,60.0,10.9093721176,80.96,90.0,74.0,90.0
90.0,60.0,11.1356228384,77.852,74.0,66.0,90.0
90.0,60.0,11.2413636184,81.088,90.0,66.0,90.0
90.0,60.0,9.65937969023,84.872,90.0,82.0,90.0
90.0,60.0,10.299746793,82.596,90.0,74.0,90.0
90.0,60.0,10.653825604,81.2,90.0,74.0,90.0
90.0,60.0,10.7679011883,80.548,82.0,66.0,90.0
90.0,60.0,10.6355575312,80.946,82.0,74.0,90.0
90.0,60.0,10.4600237093,81.648,90.0,74.0,90.0
90.0,60.0,9.38628787114,82.64,90.0,74.0,90.0
90.0,60.0,7.73946147997,85.856,90.0,82.0,90.0
90.0,60.0,10.0119960048,78.456,82.0,66.0,90.0
90.0,60.0,9.16389786063,79.176,82.0,74.0,90.0
90.0,60.0,10.4572271659,79.52,82.0,74.0,90.0
90.0,60.0,6.15881936738,63.212,60.0,60.0,66.0
90.0,60.0,11.2882657658,78.916,82.0,66.0,90.0
90.0,60.0,11.7979381249,78.716,82.0,66.0,90.0
90.0,60.0,9.96384182933,79.816,82.0,74.0,90.0
90.0,60.0,11.0632356931,78.396,82.0,66.0,90.0
90.0,60.0,7.8709592808,86.0,90.0,82.0,90.0
90.0,60.0,11.161201369,79.328,82.0,74.0,90.0
90.0,60.0,10.9586013706,82.584,90.0,74.0,90.0
90.0,60.0,10.60298524,78.448,82.0,66.0,90.0
90.0,60.0,8.79141763312,83.176,90.0,82.0,90.0
90.0,60.0,9.23655238712,83.51,90.0,74.0,90.0
90.0,60.0,8.71346085089,82.74,90.0,74.0,90.0
90.0,60.0,9.24598853558,84.236,90.0,82.0,90.0
90.0,60.0,6.52109929383,87.208,90.0,90.0,90.0
90.0,60.0,9.06253827578,84.28,90.0,82.0,90.0
90.0,60.0,11.4702397534,81.16,90.0,74.0,90.0
90.0,60.0,9.87320900214,80.088,82.0,74.0,90.0
90.0,60.0,9.05061323889,81.52,82.0,74.0,90.0
90.0,60.0,9.15844877695,84.104,90.0,82.0,90.0
90.0,60.0,9.06885571613,84.316,90.0,82.0,90.0
90.0,60.0,9.15860251348,84.6,90.0,82.0,90.0
90.0,60.0,8.49476450527,85.824,90.0,90.0,90.0
92.0,54.0,9.43678144284,84.966,90.0,82.0,90.0
90.0,60.0,9.33849152701,85.024,90.0,90.0,90.0
90.0,60.0,8.74114408988,85.02,90.0,82.0,90.0
90.0,60.0,7.71906730117,86.0,90.0,82.0,90.0
90.0,60.0,10.1120917717,79.96,82.0,74.0,90.0
90.0,60.0,9.16459622678,80.776,82.0,74.0,90.0
90.0,60.0,10.0454168654,83.24,90.0,74.0,90.0
90.0,60.0,8.62244420104,85.116,90.0,82.0,90.0
90.0,60.0,8.87316493704,83.712,90.0,82.0,90.0
90.0,60.0,10.0708490208,81.9,90.0,74.0,90.0
90.0,60.0,9.59084480116,82.764,90.0,74.0,90.0
90.0,60.0,9.74297777889,81.372,82.0,74.0,90.0
90.0,60.0,9.86529756267,83.352,90.0,74.0,90.0
90.0,60.0,9.47081327025,80.764,82.0,74.0,90.0
90.0,60.0,9.6207475801,83.096,90.0,74.0,90.0
90.0,60.0,9.32310334599,82.088,82.0,74.0,90.0
90.0,60.0,9.98390705085,83.24,90.0,82.0,90.0
90.0,60.0,7.761932749,86.38,90.0,90.0,90.0
90.0,60.0,9.01773807559,84.78,90.0,82.0,90.0
90.0,60.0,9.87397062989,83.552,90.0,74.0,90.0
90.0,60.0,9.27867576759,82.224,82.0,74.0,90.0
90.0,60.0,8.27689217037,84.584,90.0,82.0,90.0
90.0,60.0,10.9842731211,81.412,90.0,74.0,90.0
90.0,60.0,10.6906546105,79.148,82.0,74.0,90.0
90.0,60.0,11.0184601465,82.256,90.0,74.0,90.0
90.0,60.0,8.57062798166,82.844,82.0,74.0,90.0
90.0,60.0,8.65977274529,84.156,90.0,82.0,90.0
90.0,60.0,8.72664975807,85.172,90.0,82.0,90.0
90.0,60.0,8.05843756568,85.828,90.0,82.0,90.0
90.0,60.0,8.70090661943,82.668,82.0,82.0,90.0
90.0,60.0,9.86348092714,81.912,90.0,74.0,90.0
90.0,60.0,9.0566881364,83.62,90.0,74.0,90.0
90.0,60.0,8.9281577047,84.4,90.0,82.0,90.0
90.0,60.0,10.1579297103,79.908,82.0,74.0,90.0
90.0,60.0,10.8198890937,82.1,90.0,74.0,90.0
90.0,60.0,9.20562871291,83.18,90.0,74.0,90.0
90.0,60.0,8.86478967602,84.748,90.0,82.0,90.0
90.0,60.0,7.6730968976,85.328,90.0,82.0,90.0
90.0,60.0,11.0199607985,83.092,90.0,74.0,90.0
90.0,60.0,7.60755308887,85.444,90.0,82.0,90.0
90.0,60.0,10.5491480225,82.074,90.0,74.0,90.0
90.0,60.0,9.7676846796,81.844,90.0,74.0,90.0
90.0,60.0,9.83482465527,83.832,90.0,74.0,90.0
90.0,60.0,10.0651724277,83.452,90.0,74.0,90.0
90.0,60.0,9.06638538779,85.716,90.0,90.0,90.0
90.0,60.0,11.9072791183,80.448,90.0,66.0,90.0
90.0,60.0,11.2895073409,71.532,66.0,60.0,82.0
90.0,60.0,12.9931198717,78.406,82.0,64.5,90.0
90.0,60.0,11.9621635167,71.238,66.0,60.0,82.0
66.0,60.0,1.97800303336,60.748,60.0,60.0,60.0
90.0,60.0,2.42048259651,60.708,60.0,60.0,60.0
74.0,60.0,2.41823406642,60.988,60.0,60.0,60.0
82.0,60.0,3.96692525768,61.748,60.0,60.0,60.0
78.0,60.0,3.28938352887,62.366,60.0,60.0,66.0
90.0,60.0,11.7392333651,71.48,66.0,60.0,82.0
74.0,60.0,3.51822455224,61.436,60.0,60.0,60.0
66.0,60.0,2.03094460781,60.792,60.0,60.0,60.0
90.0,60.0,5.88755840735,62.284,60.0,60.0,60.0
82.0,60.0,3.02892720282,61.44,60.0,60.0,60.0
90.0,60.0,7.6523711358,86.904,90.0,90.0,90.0
90.0,60.0,12.7235032912,81.908,90.0,74.0,90.0
90.0,60.0,13.5032345755,72.216,66.0,60.0,90.0
74.0,60.0,3.59717889463,61.548,60.0,60.0,60.0
70.0,60.0,2.47650075712,61.288,60.0,60.0,60.0
82.0,60.0,3.44317063185,61.976,60.0,60.0,66.0
82.0,60.0,3.0097734134,61.292,60.0,60.0,60.0
74.0,60.0,2.77841681538,61.38,60.0,60.0,60.0
74.0,60.0,3.04762202381,62.6,60.0,60.0,66.0
90.0,60.0,5.05402967937,61.972,60.0,60.0,60.0
66.0,60.0,2.17713205847,60.936,60.0,60.0,60.0
66.0,60.0,1.92134952572,60.696,60.0,60.0,60.0
74.0,60.0,2.10910028211,60.764,60.0,60.0,60.0
90.0,60.0,4.71879815207,62.212,60.0,60.0,60.0
66.0,60.0,1.8470257172,60.636,60.0,60.0,60.0
66.0,60.0,1.92675478461,60.704,60.0,60.0,60.0
66.0,60.0,2.04391389251,60.804,60.0,60.0,60.0
74.0,60.0,2.07685916711,60.784,60.0,60.0,60.0
66.0,60.0,1.9910961805,60.756,60.0,60.0,60.0
66.0,60.0,1.48969258574,60.396,60.0,60.0,60.0
78.0,60.0,2.18320864784,60.84,60.0,60.0,60.0
74.0,60.0,2.52222124327,61.12,60.0,60.0,60.0
92.0,54.0,3.5506455751,62.554,60.0,60.0,66.0
66.0,60.0,2.44384942253,61.26,60.0,60.0,60.0
66.0,60.0,2.55515478983,61.428,60.0,60.0,60.0
66.0,60.0,1.38912346464,60.344,60.0,60.0,60.0
66.0,60.0,1.53088209866,60.42,60.0,60.0,60.0
74.0,60.0,2.27505076866,60.988,60.0,60.0,60.0
78.0,60.0,2.85768017805,61.608,60.0,60.0,66.0
74.0,60.0,3.63260567637,61.724,60.0,60.0,60.0
82.0,60.0,2.8833757993,61.488,60.0,60.0,60.0
90.0,60.0,3.69425716484,61.908,60.0,60.0,66.0
82.0,60.0,3.75330467721,62.448,60.0,60.0,66.0
90.0,60.0,7.50266512647,63.496,60.0,60.0,66.0
74.0,60.0,2.35779897362,60.972,60.0,60.0,60.0
90.0,60.0,13.25040739,78.948,90.0,66.0,90.0
90.0,60.0,10.3463879688,82.984,90.0,82.0,90.0
90.0,60.0,9.16294712415,83.38,90.0,74.0,90.0
