0.005,7.5e-05,0.00115701277271,0.001027424,0.000472,0.00021375,0.001544
0.004991,5e-05,0.00117423547696,0.000952716,0.000394,0.000181,0.0013935
0.004798,5.3e-05,0.00108231225426,0.000838826,0.000273,0.000136,0.001253
0.004992,7.3e-05,0.00101093669424,0.000785662,0.000265,0.000181,0.00103075
0.004768,7.8e-05,0.00105599259391,0.00077236,0.000213,0.00010775,0.0012135
0.004958,5.1e-05,0.00126506836421,0.001184874,0.000511,0.00021375,0.0018805
0.004982,5.7e-05,0.000977314120383,0.00070731,0.0003015,0.000188,0.000561
0.004957,6.4e-05,0.00127291203912,0.000873716,0.000299,0.000154,0.00072675
0.004953,7.7e-05,0.00130747536459,0.001042614,0.0003495,0.000188,0.00162675
0.004941,5.6e-05,0.000882176137267,0.000481594,0.00019,0.000115,0.000238
0.004958,7.9e-05,0.00116097061989,0.000927912,0.000262,0.000134,0.001622
0.004976,6.8e-05,0.00105560097242,0.000758532,0.0002325,0.000123,0.00101575
0.004325,5.6e-05,0.000902587831391,0.000650432,0.000213,0.0001265,0.00057025
0.004989,6.9e-05,0.00118848968999,0.000913972,0.0002735,0.00017775,0.001346
0.004952,6.4e-05,0.00106172516988,0.000708194,0.000202,0.000113,0.00063475
0.00497,5.6e-05,0.00109968685775,0.00082507,0.0002785,0.000134,0.00106725
0.00455,5.6e-05,0.00106452287042,0.000830434,0.00025,0.000128,0.00136225
0.004889,7.5e-05,0.000839124209161,0.00055744,0.0002385,0.000126,0.000484
0.004891,7e-05,0.000857910578893,0.000554568,0.0002295,0.000127,0.000362
0.004757,6.3e-05,0.00101054192293,0.0007455,0.0002355,0.000127,0.000928
0.004993,6.7e-05,0.00107994914968,0.00084231,0.000259,0.00017575,0.001327
0.004884,7e-05,0.00116396253286,0.00095239,0.0002805,0.00013,0.00154325
0.004999,6.8e-05,0.00114278100658,0.000883114,0.000271,0.00014525,0.00132825
0.004993,5.7e-05,0.00112313754824,0.000878088,0.00027,0.00018875,0.001334
0.004888,6.8e-05,0.00100586982776,0.00074904,0.000257,0.00013,0.00095975
0.004848,6.5e-05,0.000980693042151,0.000704726,0.00024,0.00014675,0.000686
0.004928,5.6e-05,0.00102496461795,0.000756634,0.000267,0.000123,0.0009855
0.004924,5.5e-05,0.00109745470175,0.00085204,0.0002695,0.00015175,0.00126875
0.004884,6.4e-05,0.000986231550278,0.000749394,0.0002685,0.000134,0.0010265
0.004912,7.9e-05,0.00137331627297,0.00120772,0.000399,0.000212,0.0020015
0.004822,6.1e-05,0.00121722989823,0.000927692,0.0002605,0.000121,0.001521
0.004958,6e-05,0.00120773378229,0.000992818,0.000309,0.00013875,0.00159475
0.00498,6.5e-05,0.000938483584553,0.000621218,0.000207,0.000108,0.000504
0.004997,8.1e-05,0.000919389537054,0.000579034,0.0001995,0.000114,0.00040275
0.00499,6.4e-05,0.00101137064165,0.000819198,0.000294,0.00019575,0.00123825
0.004953,8e-05,0.00127108803915,0.001048418,0.0003245,0.00020075,0.001602
0.004987,5.9e-05,0.00116508053953,0.000838898,0.000196,0.00011,0.0014735
0.004815,8.1e-05,0.00116894565996,0.000865992,0.000227,0.00012475,0.001431
0.004855,5.5e-05,0.00105367388307,0.000695012,0.000196,0.00011475,0.00054125
0.004966,5.8e-05,0.00120054775041,0.000976824,0.0002785,0.000179,0.00162075
0.004772,6.1e-05,0.00114820089444,0.0009091,0.0002475,0.00012575,0.0014905
0.004981,5.8e-05,0.00109467382725,0.000849882,0.0002555,0.00013075,0.00128175
0.004948,8e-05,0.00114794444524,0.000912238,0.0003,0.00013975,0.00143425
0.004884,7e-05,0.00107186206851,0.00074669,0.000291,0.0001895,0.00059625
0.005,7.7e-05,0.00108090603081,0.000756742,0.000223,0.000126,0.0009285
0.004993,5.7e-05,0.00109458021545,0.000878634,0.000265,0.00012,0.00149625
0.004918,5.5e-05,0.00111549734136,0.000864132,0.0002665,0.00018025,0.00123625
0.004908,6.1e-05,0.00110255770579,0.000870086,0.0002345,0.00014275,0.0013235
0.004895,9.2e-05,0.0011269886251,0.00097327,0.000326,0.00019075,0.001598
0.004975,7.8e-05,0.00112237982008,0.000840926,0.000225,0.00012,0.00119425
0.004989,9.5e-05,0.00130081639039,0.001080478,0.0002305,0.000143,0.00190925
0.004837,5.6e-05,0.00110157522154,0.000744536,0.0001935,0.000108,0.00086
0.004844,6.6e-05,0.000979447499146,0.000651696,0.0002775,0.00011975,0.00050925
0.004807,6.9e-05,0.00111996814116,0.000776528,0.000198,0.00010775,0.00111925
0.004904,5.5e-05,0.00133559710999,0.001145786,0.0003215,0.00019375,0.0020155
0.004927,5.5e-05,0.00118578962265,0.000886702,0.000265,0.00011375,0.00139125
0.00497,6.8e-05,0.000958427514421,0.00060454,0.0001665,0.000105,0.00047025
0.004985,5.5e-05,0.00133188882999,0.000989888,0.000269,0.000116,0.001693
0.004884,5.5e-05,0.00116474590126,0.000743752,0.0001975,0.000104,0.00045575
0.004932,5.6e-05,0.00111871162564,0.000836784,0.0002605,0.000122,0.0012685
0.004934,5.1e-05,0.00120517077358,0.000850746,0.0002075,0.00011475,0.00126225
0.004875,5.9e-05,0.00115269207298,0.000794336,0.000226,0.000112,0.0009695
0.004908,5.9e-05,0.00122401954654,0.000866178,0.0002185,0.000116,0.001241
0.004878,5.9e-05,0.00106029101552,0.00074772,0.000207,0.000115,0.00091425
0.004812,7.2e-05,0.000799015197853,0.00048636,0.000188,0.000111,0.0003185
0.004993,5.5e-05,0.00113341538068,0.000783406,0.000238,0.000112,0.00067625
0.004911,5.6e-05,0.00117257418251,0.000887754,0.0002665,0.000129,0.001468
0.004994,6.4e-05,0.0011048620569,0.000873404,0.000291,0.00019175,0.00123425
0.00492,8.1e-05,0.00107802680279,0.000764092,0.000218,0.000112,0.0009665
0.004977,6.7e-05,0.00107977473934,0.000809174,0.0002385,0.00011875,0.001179
0.004958,7.3e-05,0.00113821165342,0.000821996,0.0003005,0.000136,0.0009555
0.004998,5.6e-05,0.00118661709089,0.000823402,0.000265,0.000111,0.00099675
0.004795,5.7e-05,0.00111617001403,0.000781576,0.0002635,0.000112,0.00105875
0.004996,6.7e-05,0.00111878099962,0.00077297,0.0002625,0.000112,0.00089525
0.004822,5.6e-05,0.000875700057335,0.000531172,0.000158,0.000105,0.00031625
0.004901,5.6e-05,0.00117912981686,0.000889614,0.000272,0.000113,0.00159125
0.004928,5.6e-05,0.00131739333037,0.001031652,0.00031,0.000172,0.00182625
0.004986,5.8e-05,0.00107702412322,0.000698502,0.0002025,0.00011675,0.00060675
0.004927,7.4e-05,0.0010778460267,0.000688644,0.000182,0.00011,0.00046925
0.004998,5.7e-05,0.00114862939798,0.00083509,0.000214,0.00017775,0.0012245
0.004996,5.6e-05,0.00112159777321,0.000762182,0.0002,0.000115,0.00077525
0.004749,6.9e-05,0.00107177791975,0.000764644,0.00021,0.00012775,0.00099725
0.004906,6.2e-05,0.00118816810843,0.00085139,0.0002065,0.000114,0.001145
0.004974,6.4e-05,0.00124925832031,0.000957556,0.0002735,0.000121,0.0015655
0.004996,5.9e-05,0.00113854052073,0.000710216,0.000216,0.00012375,0.00042825
0.004944,5.9e-05,0.000931218819129,0.00056067,0.0002315,0.0001415,0.00046
0.004318,8.1e-05,0.000552317339431,0.000376242,0.000215,0.000144,0.000394
0.004979,8e-05,0.00119680925754,0.000847416,0.000269,0.00013975,0.0008245
0.004911,6.5e-05,0.00128232961821,0.001046516,0.0002655,0.0001745,0.001751
0.004988,7e-05,0.00136979164212,0.000981072,0.0002135,0.00012475,0.00165075
0.004994,8e-05,0.0012214675258,0.000980368,0.0002555,0.0001695,0.0016655
0.00499,7.8e-05,0.00124236393697,0.000942454,0.000236,0.000137,0.00143925
0.004952,6.3e-05,0.00124768911792,0.000892032,0.000213,0.000124,0.00133875
0.004989,7.3e-05,0.00126338236584,0.001019264,0.000262,0.0001635,0.0017875
0.004904,8.4e-05,0.0011176038396,0.000737846,0.000208,0.000113,0.00055975
0.004937,5.7e-05,0.00122407294498,0.001028942,0.0003005,0.000134,0.0018125
0.004978,7.4e-05,0.00134736535721,0.001188514,0.0003235,0.00014475,0.00204225
0.004761,6e-05,0.00113230939066,0.000860268,0.0002625,0.000137,0.00138075
0.004863,5.7e-05,0.00113423969893,0.000787558,0.000263,0.00012075,0.000701
0.004948,5.7e-05,0.00105852187057,0.000718718,0.0001845,0.000106,0.00092775
0.004884,5.7e-05,0.00119486547986,0.000868362,0.00025,0.000111,0.00138125
0.004895,5.5e-05,0.00132517141166,0.001076154,0.0002795,0.000172,0.0018155
0.004989,5.5e-05,0.00130873897816,0.001068916,0.0003085,0.0001375,0.00191825
0.004996,6.5e-05,0.00124664348876,0.000958118,0.000269,0.0001635,0.00162725
0.004906,6.8e-05,0.00113713278358,0.00079805,0.000216,0.00012075,0.00098925
0.004958,5.7e-05,0.00119331097707,0.0008602,0.0002215,0.00013175,0.00116825
0.004925,5.5e-05,0.00110833491876,0.000846316,0.0002435,0.00016575,0.00126375
0.00484,7.2e-05,0.00111487277366,0.000764388,0.0002225,0.000127,0.000677
0.00485,6.9e-05,0.00111839540075,0.000748328,0.0001975,0.000116,0.0007945
0.004977,6.2e-05,0.00123035692813,0.000930086,0.0002405,0.000125,0.001372
0.004851,6.3e-05,0.00120077733937,0.000951292,0.0002645,0.000131,0.00182075
0.004912,5.5e-05,0.00124125704526,0.00079294,0.0002025,0.00012,0.00047
0.004952,6.9e-05,0.0010877511753,0.000676068,0.000232,0.00015,0.00044825
0.004945,6.2e-05,0.00100860706973,0.00059113,0.0001665,0.00011,0.0003665
0.004897,5.5e-05,0.00110833658357,0.000805282,0.000227,0.00012375,0.0009975
0.004928,6.2e-05,0.0010601362695,0.00071831,0.000214,0.000125,0.00051725
0.004994,6.7e-05,0.00114173264592,0.000767394,0.000214,0.00012675,0.00060625
0.004977,5.7e-05,0.00102387519864,0.000690204,0.000202,0.00012575,0.0004885
0.004935,6e-05,0.000762085947413,0.000478266,0.000211,0.000137,0.00043725
0.004983,5.6e-05,0.00116645284546,0.000790646,0.000232,0.0001615,0.0005425
0.004979,6e-05,0.00118093220135,0.000853732,0.000217,0.0001315,0.00131425
0.004888,5.5e-05,0.00111403168016,0.00076894,0.0002185,0.000108,0.00094775
0.004942,5.5e-05,0.00113967925628,0.000854604,0.000269,0.00011475,0.00135875
0.004975,6.7e-05,0.00105794807675,0.00075337,0.000268,0.00011,0.000971
0.00499,5.7e-05,0.0011271700617,0.000799004,0.000264,0.00010975,0.001114
0.004904,5.7e-05,0.00113967142331,0.00082097,0.000268,0.00011875,0.00106725
0.005,5.7e-05,0.00120409662263,0.000874876,0.000272,0.000111,0.00116875
0.004952,5.5e-05,0.000906709638945,0.000594238,0.0002205,0.000113,0.00040825
0.004944,6.2e-05,0.00109475831492,0.000709882,0.0001905,0.000104,0.00055175
0.004834,6.7e-05,0.000877033716868,0.000488426,0.0002065,0.000109,0.000375
0.005,5.5e-05,0.00096816927423,0.000548706,0.000211,0.00011875,0.00036925
0.004984,5.8e-05,0.000871851798441,0.000525166,0.000212,0.00012875,0.0004075
0.004991,5.5e-05,0.00117390836585,0.000769314,0.000214,0.000137,0.000494
0.004952,6.7e-05,0.00107558954826,0.000799108,0.0002225,0.0001445,0.00100175
0.004963,5.6e-05,0.00103305887655,0.000629172,0.000212,0.000118,0.00043225
0.004919,7.4e-05,0.00089891988831,0.00057588,0.0002045,0.000113,0.00046425
0.004963,5.6e-05,0.000986653439461,0.00063332,0.0001845,0.00011,0.0004855
0.004977,7e-05,0.00100444184576,0.000716978,0.000214,0.0001225,0.00098925
0.004982,5.8e-05,0.000944028758484,0.000550034,0.0002125,0.00011375,0.0004125
0.004949,6e-05,0.00122900186863,0.00085837,0.0002245,0.000115,0.00139125
0.004609,5.7e-05,0.000824619684567,0.000459268,0.000205,0.00010675,0.000382
0.004986,5.7e-05,0.000643261694006,0.000377032,0.0001965,0.000109,0.00034125
0.005,6.3e-05,0.00108478523341,0.000782624,0.0002395,0.000136,0.000852
0.00495,5.6e-05,0.000848250956536,0.000505356,0.000214,0.00013675,0.0004425
0.004984,5.5e-05,0.0010837872071,0.000732346,0.000213,0.000136,0.00061125
0.004676,5.9e-05,0.000990950805269,0.000676744,0.000205,0.00011975,0.0006235
0.004965,6e-05,0.00103876701772,0.00069437,0.0001995,0.000115,0.000648
0.004843,6e-05,0.000883840553356,0.000584338,0.000184,0.000108,0.00050775
0.0049,6.5e-05,0.00107715918828,0.000712848,0.000195,0.000113,0.0007855
0.005,5.1e-05,0.00125554561975,0.001529082,0.0011215,0.00044,0.00229575
0.004886,6e-05,0.00102911211164,0.000713178,0.0001955,0.00011575,0.000913
0.004832,5.1e-05,0.00125591766504,0.001010738,0.000359,0.00015625,0.00155275
0.004895,5.2e-05,0.00104959654534,0.0006968,0.000194,0.00010975,0.0005315
0.004949,6.5e-05,0.00102796860356,0.00069851,0.000218,0.00012575,0.00066625
0.004995,6.4e-05,0.00101348039443,0.00069309,0.000213,0.00011875,0.000687
0.004959,5.5e-05,0.000987826177827,0.00063512,0.000184,0.000108,0.00063075
0.004639,5.5e-05,0.000952602488048,0.000626542,0.000183,0.00011,0.00050375
0.004923,5.6e-05,0.0010321985589,0.000757114,0.000219,0.000116,0.0010765
0.004993,5.8e-05,0.00100508067815,0.00070968,0.0002115,0.00011975,0.00090075
0.004945,5.6e-05,0.00107371844969,0.000754298,0.00022,0.00011775,0.00086325
0.004955,6.6e-05,0.00095652709515,0.000636338,0.0002,0.000112,0.00053475
0.00481,5.5e-05,0.00100217555831,0.000673982,0.0001995,0.000113,0.000735
0.004969,7.8e-05,0.00100308472507,0.000634518,0.0002085,0.00010975,0.000475
0.00495,6.6e-05,0.000844981817222,0.000519742,0.0001845,0.000109,0.000362
0.004773,8e-05,0.000805542018417,0.000504742,0.000189,0.00011075,0.000304
0.004953,6.2e-05,0.00121935561876,0.000991614,0.000288,0.000151,0.00160125
0.004984,6.9e-05,0.000972125397212,0.000716064,0.00022,0.00013475,0.000914
0.004935,5.5e-05,0.00115463278151,0.000944684,0.0002975,0.00013875,0.0014335
0.004931,6.6e-05,0.00118206676677,0.00095947,0.000298,0.000186,0.0014285
