78.0,60.0,4.48394647604,62.668,60.0,60.0,66.0
97.0,60.0,4.79394409646,61.79,60.0,60.0,60.0
96.0,60.0,3.97601760559,61.278,60.0,60.0,60.0
96.0,60.0,3.71429885712,62.228,60.0,60.0,66.0
60.0,60.0,0.0,60.0,60.0,60.0,60.0
100.0,60.0,4.21218043298,61.744,60.0,60.0,60.0
100.0,60.0,3.44209238691,61.4,60.0,60.0,60.0
74.0,60.0,3.66875673764,61.832,60.0,60.0,60.0
100.0,60.0,4.80347207757,63.784,60.0,60.0,66.0
78.0,60.0,1.18642993893,65.872,66.0,66.0,66.0
78.0,60.0,1.7957460845,65.536,66.0,66.0,66.0
78.0,60.0,3.97829310132,66.928,66.0,66.0,66.0
78.0,60.0,3.44203428222,67.02,66.0,66.0,66.0
78.0,60.0,5.73622314768,67.912,66.0,66.0,66.0
74.0,60.0,0.987732757379,65.872,66.0,66.0,66.0
66.0,60.0,0.378713612113,65.976,66.0,66.0,66.0
94.0,60.0,7.14586845667,68.242,66.0,66.0,66.0
94.0,60.0,9.1410920573,87.294,94.0,86.0,94.0
98.0,60.0,9.97002226678,88.784,94.0,86.0,94.0
94.0,60.0,10.0252034393,71.536,66.0,66.0,78.0
66.0,60.0,0.918294070546,65.856,66.0,66.0,66.0
66.0,60.0,0.534505378832,65.952,66.0,66.0,66.0
66.0,60.0,0.268059694844,65.988,66.0,66.0,66.0
66.0,66.0,0.0,66.0,66.0,66.0,66.0
86.0,60.0,4.5611840568,67.34,66.0,66.0,66.0
94.0,60.0,11.9762859017,76.976,66.0,66.0,86.0
66.0,60.0,0.596992462264,65.94,66.0,66.0,66.0
66.0,66.0,0.0,66.0,66.0,66.0,66.0
94.0,60.0,6.50490399622,68.332,66.0,66.0,66.0
94.0,60.0,12.8936528571,73.154,66.0,66.0,94.0
82.0,66.0,0.842197126568,66.052,66.0,66.0,66.0
82.0,60.0,1.33461005541,66.104,66.0,66.0,66.0
78.0,60.0,5.91602434072,70.716,66.0,66.0,78.0
94.0,66.0,7.18622682637,82.512,78.0,78.0,94.0
86.0,66.0,6.23454120205,70.864,66.0,66.0,78.0
94.0,60.0,10.2971988424,71.236,66.0,66.0,78.0
74.0,60.0,0.952126042076,65.884,66.0,66.0,66.0
66.0,66.0,0.0,66.0,66.0,66.0,66.0
78.0,66.0,5.03850136449,68.752,66.0,66.0,66.0
74.0,60.0,0.784357061548,65.972,66.0,66.0,66.0
66.0,66.0,0.0,66.0,66.0,66.0,66.0
66.0,66.0,0.0,66.0,66.0,66.0,66.0
66.0,66.0,0.0,66.0,66.0,66.0,66.0
78.0,66.0,5.83629471497,73.392,78.0,66.0,78.0
94.0,66.0,10.3858365094,81.52,78.0,78.0,94.0
78.0,66.0,1.30662312853,66.144,66.0,66.0,66.0
94.0,60.0,10.4940142939,73.108,66.0,66.0,78.0
86.0,60.0,2.50803189772,66.076,66.0,66.0,66.0
66.0,66.0,0.0,66.0,66.0,66.0,66.0
78.0,66.0,5.43397313206,69.456,66.0,66.0,78.0
91.0,60.0,5.51454041603,68.938,66.0,66.0,78.0
74.0,60.0,0.447195706598,66.004,66.0,66.0,66.0
86.0,66.0,3.42007251385,77.152,78.0,78.0,78.0
94.0,66.0,13.2857433364,78.032,66.0,66.0,94.0
66.0,66.0,0.0,66.0,66.0,66.0,66.0
66.0,60.0,0.378713612113,65.976,66.0,66.0,66.0
94.0,66.0,10.4103210325,71.904,66.0,66.0,78.0
94.0,60.0,7.91229018679,69.108,66.0,66.0,66.0
82.0,66.0,0.714825852918,66.032,66.0,66.0,66.0
74.0,60.0,1.7503142575,65.82,66.0,66.0,66.0
66.0,60.0,1.02352332655,65.82,66.0,66.0,66.0
66.0,60.0,0.268059694844,65.988,66.0,66.0,66.0
74.0,66.0,0.357412926459,66.016,66.0,66.0,66.0
94.0,60.0,12.4380184917,75.764,66.0,66.0,86.0
94.0,60.0,6.6125940447,89.24,94.0,86.0,94.0
94.0,66.0,9.66221175508,83.392,86.0,78.0,94.0
74.0,60.0,0.447195706598,66.004,66.0,66.0,66.0
66.0,60.0,0.463361629831,65.964,66.0,66.0,66.0
66.0,60.0,0.268059694844,65.988,66.0,66.0,66.0
66.0,66.0,0.0,66.0,66.0,66.0,66.0
94.0,60.0,12.7135197329,74.196,66.0,66.0,94.0
86.0,66.0,4.49352244904,67.984,66.0,66.0,66.0
66.0,60.0,0.268059694844,65.988,66.0,66.0,66.0
94.0,60.0,9.94778286856,73.204,66.0,66.0,78.0
94.0,66.0,7.67421031768,75.864,78.0,66.0,78.0
94.0,66.0,10.8184021001,71.776,66.0,66.0,66.0
78.0,60.0,5.10504691457,68.136,66.0,66.0,66.0
66.0,66.0,0.0,66.0,66.0,66.0,66.0
66.0,66.0,0.0,66.0,66.0,66.0,66.0
66.0,66.0,0.0,66.0,66.0,66.0,66.0
66.0,66.0,0.0,66.0,66.0,66.0,66.0
66.0,60.0,0.378713612113,65.976,66.0,66.0,66.0
74.0,60.0,0.919782583005,65.9,66.0,66.0,66.0
74.0,60.0,1.61038628906,65.784,66.0,66.0,66.0
78.0,60.0,4.71531292705,68.232,66.0,66.0,66.0
85.0,60.0,5.53275735958,69.314,66.0,66.0,78.0
94.0,60.0,7.43537383055,78.596,78.0,78.0,78.0
94.0,66.0,11.6608061471,73.36,66.0,66.0,86.0
78.0,66.0,4.62289260096,68.192,66.0,66.0,66.0
78.0,60.0,4.03592665939,67.464,66.0,66.0,66.0
66.0,60.0,0.268059694844,65.988,66.0,66.0,66.0
66.0,66.0,0.0,66.0,66.0,66.0,66.0
86.0,66.0,8.70227556447,71.48,66.0,66.0,80.0
78.0,60.0,3.53808761904,67.044,66.0,66.0,66.0
94.0,66.0,10.6488264142,76.864,78.0,66.0,86.0
66.0,66.0,0.0,66.0,66.0,66.0,66.0
78.0,60.0,4.55785739136,67.956,66.0,66.0,66.0
78.0,66.0,2.82366003619,66.712,66.0,66.0,66.0
66.0,66.0,0.0,66.0,66.0,66.0,66.0
66.0,66.0,0.0,66.0,66.0,66.0,66.0
66.0,66.0,0.0,66.0,66.0,66.0,66.0
66.0,66.0,0.0,66.0,66.0,66.0,66.0
86.0,60.0,6.58159372797,69.568,66.0,66.0,78.0
98.0,60.0,2.40751822423,65.684,66.0,66.0,66.0
66.0,66.0,0.0,66.0,66.0,66.0,66.0
74.0,60.0,0.447195706598,66.004,66.0,66.0,66.0
66.0,60.0,0.596992462264,65.94,66.0,66.0,66.0
78.0,66.0,3.6940514344,67.272,66.0,66.0,66.0
78.0,66.0,5.38798663695,69.36,66.0,66.0,78.0
66.0,66.0,0.0,66.0,66.0,66.0,66.0
66.0,66.0,0.0,66.0,66.0,66.0,66.0
66.0,66.0,0.0,66.0,66.0,66.0,66.0
78.0,60.0,6.05043337291,72.016,76.0,66.0,78.0
94.0,60.0,10.3601536668,81.404,78.0,78.0,94.0
94.0,66.0,12.3254299722,74.424,66.0,66.0,94.0
86.0,66.0,8.92929022935,73.424,66.0,66.0,86.0
94.0,60.0,10.8838052169,72.528,66.0,66.0,78.0
66.0,66.0,0.0,66.0,66.0,66.0,66.0
86.0,60.0,8.63611394089,71.256,66.0,66.0,78.0
94.0,60.0,12.107647831,73.192,66.0,66.0,86.0
94.0,60.0,9.48132986453,73.128,66.0,66.0,78.0
66.0,66.0,0.0,66.0,66.0,66.0,66.0
66.0,66.0,0.0,66.0,66.0,66.0,66.0
66.0,66.0,0.0,66.0,66.0,66.0,66.0
66.0,66.0,0.0,66.0,66.0,66.0,66.0
66.0,66.0,0.0,66.0,66.0,66.0,66.0
86.0,60.0,5.76524622198,68.044,66.0,66.0,66.0
86.0,66.0,7.24916546921,75.36,78.0,66.0,78.0
86.0,60.0,7.96396283266,69.464,66.0,66.0,66.0
86.0,60.0,8.53657636292,74.308,78.0,66.0,86.0
78.0,60.0,5.61988469633,69.664,66.0,66.0,78.0
94.0,60.0,9.58450082164,71.312,66.0,66.0,78.0
66.0,60.0,0.534505378832,65.952,66.0,66.0,66.0
78.0,60.0,5.59353197899,69.78,66.0,66.0,78.0
94.0,66.0,7.13396832065,84.136,86.0,86.0,86.0
94.0,66.0,10.5881322243,86.384,94.0,78.0,94.0
94.0,66.0,9.96505895617,78.64,78.0,66.0,86.0
78.0,60.0,5.2643085016,69.084,66.0,66.0,78.0
86.0,60.0,6.56617270562,70.624,66.0,66.0,78.0
78.0,60.0,3.70788349332,67.26,66.0,66.0,66.0
86.0,60.0,6.07292219611,68.704,66.0,66.0,66.0
78.0,60.0,6.1984191533,69.06,66.0,66.0,78.0
86.0,60.0,6.7412461756,68.86,66.0,66.0,78.0
78.0,60.0,4.49347259923,67.448,66.0,66.0,66.0
66.0,66.0,0.0,66.0,66.0,66.0,66.0
66.0,66.0,0.0,66.0,66.0,66.0,66.0
66.0,66.0,0.0,66.0,66.0,66.0,66.0
66.0,60.0,0.534505378832,65.952,66.0,66.0,66.0
94.0,60.0,11.5244567768,74.836,66.0,66.0,86.0
86.0,60.0,5.13272792967,63.848,60.0,60.0,66.0
66.0,66.0,0.0,66.0,66.0,66.0,66.0
77.0,60.0,3.50187321301,65.122,66.0,66.0,66.0
66.0,60.0,0.98983635011,65.832,66.0,66.0,66.0
74.0,60.0,0.971563688082,65.992,66.0,66.0,66.0
66.0,66.0,0.0,66.0,66.0,66.0,66.0
66.0,60.0,0.596992462264,65.94,66.0,66.0,66.0
66.0,66.0,0.0,66.0,66.0,66.0,66.0
66.0,66.0,0.0,66.0,66.0,66.0,66.0
85.0,60.0,0.930485894573,66.014,66.0,66.0,66.0
66.0,60.0,0.378713612113,65.976,66.0,66.0,66.0
66.0,66.0,0.0,66.0,66.0,66.0,66.0
66.0,66.0,0.0,66.0,66.0,66.0,66.0
94.0,66.0,11.1608917206,86.864,94.0,84.0,94.0
94.0,66.0,10.8325406069,88.008,94.0,86.0,94.0
94.0,66.0,10.3142185356,86.336,94.0,86.0,94.0
66.0,66.0,0.0,66.0,66.0,66.0,66.0
94.0,66.0,11.3520281888,74.616,66.0,66.0,86.0
66.0,66.0,0.0,66.0,66.0,66.0,66.0
66.0,60.0,0.268059694844,65.988,66.0,66.0,66.0
