1.0,0.555555555556,0.687676445762,0.632917970757,0.485420240137,0.557228915663,0.674119940374,0.45,0.0,0.333341414567,0.0972549019608,0.0,0.0,0.176470588235,0.374839124839,0.0,0.160261689714,0.0821341348069,0.0690462669178,0.0254397974779,0.122552119983
0.806970509383,0.688888888889,0.65646729622,0.505614401831,0.328187535735,0.362449799197,0.527806444215,0.925,0.0,0.325779962044,0.0483333333333,0.0,0.0,0.0,0.458815958816,0.0496357042682,0.131893734578,0.143250445599,0.117061630411,0.0396727303527,0.212646977371
0.982126899017,0.244444444444,0.814141386588,0.631607067782,0.389937106918,0.380522088353,0.70267171196,0.9,0.0,0.378724759654,0.0652941176471,0.0,0.0,0.0,0.82057961576,0.00441501578944,0.189869191544,0.11748319327,0.0900597264147,0.0216925784759,0.175554337968
0.991957104558,0.0,0.498817824156,0.290033633858,0.140651801029,0.0522088353414,0.29744295379,0.9,0.0,0.305618572993,0.041862745098,0.0,0.0,0.0,1.0,0.00198237835787,0.320791622389,0.288995824279,0.248670830795,0.101125782745,0.468113468018
0.819481680071,0.6,0.652034056407,0.478432872425,0.196683819325,0.340361445783,0.625730994152,0.9,0.0,0.244564327915,0.028431372549,0.0,0.0,0.0,0.847066578774,0.0462831313417,0.158007856734,0.175647036172,0.190367065081,0.0272988333178,0.196183550044
0.492403932082,0.511111111111,0.527785600363,0.439660508245,0.277873070326,0.389558232932,0.456943011123,0.9,0.0,0.261368378367,0.0605882352941,0.0,0.0,0.176470588235,0.259163272862,0.140890007476,0.0636137354061,0.13381440827,0.139665653656,0.05175103916,0.189174586632
0.992850759607,0.622222222222,0.507395975471,0.29200436773,0.121212121212,0.0431726907631,0.2521499828,0.8,0.0,0.246884600803,0.0486274509804,0.0,0.0,0.0,0.35453100159,0.00176176110829,0.287747645084,0.310225790111,0.298944146062,0.119914163533,0.498710195344
0.792672028597,0.622222222222,0.619412867449,0.339164759191,0.0777587192682,0.00401606425703,0.263501891985,0.0,0.0,0.0,0.0,0.0,0.0,0.0,0.155925155925,0.0534913238516,0.329334850147,0.343661427267,0.344976981571,0.111254568341,0.548910891089
0.87399463807,0.0222222222222,0.706919236334,0.586598425749,0.325328759291,0.331325301205,0.672399954134,0.45,0.0,0.119896421217,0.00627450980392,0.0,0.0,0.0,0.953895071542,0.0319009650857,0.119046794996,0.120651355625,0.112301116727,0.0211869151141,0.199178203935
0.962466487936,0.0222222222222,0.843429762656,0.770130681553,0.473985134362,0.609437751004,0.860451783052,1.0,0.0,0.362114159606,0.0792156862745,0.0,0.0,0.176470588235,0.953895071542,0.0140284287399,0.0,0.035247451449,0.0671202925979,0.0116244916063,0.0953932969054
0.983914209115,0.622222222222,0.595925951035,0.402064745177,0.238421955403,0.36546184739,0.291251003325,1.0,0.0,0.278388450727,0.0433333333333,0.0,0.0,0.0,0.155925155925,0.00397191906228,0.0230456066417,0.153582687808,0.159504458772,0.106497998518,0.191486151655
0.921358355675,0.155555555556,0.465225780922,0.227822674826,0.181246426529,0.135542168675,0.156748079349,0.35,0.0,0.180470878948,0.0294117647059,0.0,0.0,0.0,0.711237553343,0.0196949971454,0.293359416073,0.273475449086,0.202507533257,0.188945624043,0.395663748463
0.961572832887,0.6,0.78074668804,0.405398934928,0.178387650086,0.131526104418,0.212475633528,0.35,0.0,0.288983899619,0.0696078431373,0.0,0.0,0.176470588235,0.531765531766,0.0222066015559,0.298705809576,0.258645805978,0.217116919503,0.157121628859,0.3742714697
0.95799821269,0.311111111111,0.924504910404,0.636433176064,0.271012006861,0.350401606426,0.624584336659,0.35,0.0,0.312192525049,0.0698039215686,0.0,0.0,0.176470588235,0.485641891892,0.0104318453026,0.195468317529,0.152409751695,0.149903068633,0.028815540903,0.200982652907
0.908847184987,0.6,0.828743933682,0.58174896062,0.251000571755,0.360441767068,0.670679967894,1.0,0.0,0.358843929313,0.131764705882,0.176470588235,0.0,0.176470588235,0.328185328185,0.0228935424704,0.20741267075,0.175610695612,0.168047134752,0.0294079834656,0.225335056174
0.9472743521,0.155555555556,0.44937900966,0.132138436026,0.0800457404231,0.0240963855422,0.0204105033826,0.35,0.0,0.0956434700793,0.169607843137,0.176470588235,0.176470588235,0.176470588235,0.917496443812,0.0424754967329,0.302981955502,0.483934042151,0.378382725741,0.543175720651,0.588347715505
0.784629133155,0.133333333333,0.205339188053,0.0350965805578,0.104631217839,0.110441767068,0.0253411306043,0.45,0.0,0.075686472901,0.178235294118,0.176470588235,0.176470588235,0.176470588235,0.958011583012,0.171172546395,0.150160463596,0.406633699236,0.332707622211,0.518701315153,0.450733144325
0.962466487936,0.644444444444,0.763083802427,0.580747535853,0.209262435678,0.143574297189,0.743836715973,0.15,0.0,0.0612788643971,0.172941176471,0.176470588235,0.176470588235,0.176470588235,0.285665412248,0.0291140879024,0.276902974346,0.215200699446,0.203619519181,0.019705151024,0.409215941926
0.9472743521,0.844444444444,0.726248824701,0.531882094642,0.201829616924,0.119477911647,0.659672055957,0.45,0.0,0.169505430824,0.151960784314,0.176470588235,0.176470588235,0.176470588235,0.118243243243,0.124373702236,0.285604865561,0.222210146392,0.205370852012,0.0303819397931,0.438881858111
0.97855227882,0.4,0.52551176855,0.30851473817,0.137221269297,0.0803212851406,0.285976378856,0.45,0.0,0.352954003178,0.226078431373,0.176470588235,0.176470588235,0.176470588235,0.550476947536,0.115766398743,0.2866865083,0.327967352266,0.31342277031,0.115778467026,0.511762376238
0.0428954423592,0.133333333333,0.422779467797,0.236488064652,0.106918238994,0.0522088353414,0.146428161908,0.45,0.0,0.079860554732,0.177647058824,0.176470588235,0.176470588235,0.176470588235,0.958011583012,0.439567691906,0.319865403895,0.371191079248,0.328638848758,0.220197152058,0.537931034483
0.918677390527,0.688888888889,0.482225519714,0.303396669314,0.130931961121,0.305220883534,0.222222222222,0.45,0.0,0.445613697553,0.271960784314,0.176470588235,0.176470588235,0.529411764706,0.512524719842,0.189754562297,0.203898809218,0.267620136236,0.294491974812,0.163435981796,0.294381056196
0.990169794459,0.422222222222,0.786205843615,0.59786226468,0.235563178959,0.397590361446,0.679623896342,0.45,0.0,0.404014949851,0.222745098039,0.176470588235,0.176470588235,0.176470588235,0.522914218566,0.112600159157,0.184418431154,0.172253542145,0.182962432085,0.0304498869465,0.222896508977
0.960679177837,0.844444444444,0.588562737665,0.298833325548,0.0777587192682,0.0240963855422,0.262813897489,0.35,0.0,0.0987354441262,0.170980392157,0.176470588235,0.176470588235,0.176470588235,0.118243243243,0.120669971504,0.36132429177,0.399248444828,0.387459332143,0.11596331289,0.588347715505
0.957104557641,0.311111111111,0.593057285625,0.304436048956,0.119496855346,0.0522088353414,0.171539961014,0.15,0.176470588235,0.0,0.176470588235,0.176470588235,0.176470588235,0.176470588235,0.669341216216,0.121655439116,0.3207834993,0.352215397898,0.307640203984,0.1933687188,0.537931034483
0.973190348525,0.133333333333,0.703973079623,0.4322067548,0.19897084048,0.122489959839,0.402591445935,0.15,0.0,0.0356192317301,0.175294117647,0.176470588235,0.176470588235,0.176470588235,0.958011583012,0.117233326707,0.263951370419,0.241863066592,0.212615611212,0.0756821749916,0.43504950495
0.828418230563,0.444444444444,0.543149082611,0.402952305321,0.185248713551,0.135542168675,0.494668042656,0.15,0.176470588235,0.0,0.176470588235,0.176470588235,0.176470588235,0.176470588235,0.496138996139,0.158224322098,0.240219962233,0.234792646424,0.22553577249,0.0548367000041,0.418815324641
0.597855227882,0.311111111111,0.627326897182,0.443359648713,0.169239565466,0.0953815261044,0.591789932347,0.625,0.0,0.094633791473,0.177156862745,0.176470588235,0.176470588235,0.176470588235,0.669341216216,0.229532304394,0.319305293149,0.264816022744,0.242143789461,0.0389821185747,0.47135647648
0.900804289544,0.133333333333,0.467052919655,0.268735110011,0.148656375071,0.328313253012,0.183235867446,0.85,0.0,0.761996652915,0.549901960784,0.764705882353,0.176470588235,0.764705882353,0.958011583012,0.30255397908,0.390159217176,0.356387011925,0.31500992502,0.220056682885,0.390850414771
0.512064343164,0.733333333333,0.248685580057,0.106679474004,0.14008004574,0.0552208835341,0.0923059282192,0.85,0.176470588235,0.271752347898,0.956078431373,1.0,1.0,1.0,0.86779550635,0.53613959795,0.686429124322,0.613626444052,0.418182983633,0.448703088961,0.861430143014
0.902591599643,0.933333333333,0.391949812534,0.204716915028,0.178387650086,0.321285140562,0.130260291251,0.95,0.0,0.792915902738,0.799607843137,1.0,0.705882352941,1.0,0.650705052879,0.511496414219,0.478826877758,0.424106964332,0.322350793326,0.351695690489,0.412942118577
0.748882931189,0.288888888889,0.402639777888,0.168224762928,0.102915951973,0.0632530120482,0.0463249627336,0.85,0.0,0.668178861009,0.874705882353,1.0,1.0,1.0,0.980157372562,0.493486180031,0.717781671908,0.655528351837,0.50101908182,0.579050269102,0.835986854148
0.782841823056,0.333333333333,0.543391723231,0.356183141029,0.153230417381,0.0913654618474,0.357298474946,0.65,0.0,0.392368646714,0.24568627451,0.176470588235,0.176470588235,0.176470588235,0.865931721195,0.211668033659,0.447862883961,0.306819930268,0.260655194709,0.08915123372,0.499321538711
0.739052725648,0.488888888889,0.57800767427,0.424452281964,0.186963979417,0.167670682731,0.537782364408,0.15,0.0,0.0785706628506,0.170588235294,0.176470588235,0.176470588235,0.176470588235,0.281531531532,0.184935521199,0.197671046989,0.223603817026,0.223859069594,0.0472060340896,0.382009445772
0.993744414656,0.377777777778,0.614902663544,0.397343742701,0.147512864494,0.282128514056,0.454420364637,0.15,0.0,0.0612788643971,0.172941176471,0.176470588235,0.176470588235,0.176470588235,0.578862444534,0.0659556747158,0.184906626894,0.237066261599,0.26780220054,0.063079257631,0.278674398868
0.873100983021,0.822222222222,0.746797961814,0.515879735601,0.181818181818,0.0672690763052,0.62091503268,0.15,0.0,0.0435512144538,0.174705882353,0.176470588235,0.176470588235,0.176470588235,0.135135135135,0.119710670969,0.358807680303,0.272765710584,0.228947560709,0.0350744020815,0.511762376238
0.999106344951,0.444444444444,0.6826522781,0.546573550708,0.249857061178,0.347389558233,0.623552344915,0.15,0.0,0.0252288243003,0.175882352941,0.176470588235,0.176470588235,0.176470588235,0.496138996139,0.110175796103,0.172264443873,0.168643188116,0.173086636509,0.0347369024278,0.233445655428
0.891867739053,0.4,0.661916077481,0.42511211286,0.188107489994,0.140562248996,0.429308565531,0.15,0.0,0.0252288243003,0.175882352941,0.176470588235,0.176470588235,0.176470588235,0.550476947536,0.139924057492,0.233580074076,0.236313287282,0.222758874879,0.0688671909257,0.412776582006
0.974084003575,0.577777777778,0.550694578833,0.409305367403,0.184105202973,0.299196787149,0.529641096205,0.15,0.176470588235,0.0,0.176470588235,0.176470588235,0.176470588235,0.176470588235,0.350284495021,0.116988592798,0.172414587049,0.213466415206,0.226664611061,0.0485535084035,0.266036250023
0.993744414656,0.155555555556,0.733153961565,0.487909912645,0.182961692396,0.300200803213,0.517371861025,0.15,0.176470588235,0.0,0.176470588235,0.176470588235,0.176470588235,0.176470588235,0.917496443812,0.111629248609,0.198503321124,0.212111217661,0.227801842484,0.0506814619253,0.265205873092
0.811438784629,0.4,0.597407283899,0.371665810249,0.174385363065,0.110441767068,0.328861369109,0.15,0.0,0.0356192317301,0.175294117647,0.176470588235,0.176470588235,0.176470588235,0.550476947536,0.163213610429,0.235653799107,0.256314280238,0.236609473847,0.0990839343612,0.450733144325
0.899910634495,0.488888888889,0.413914430618,0.252376559069,0.142367066895,0.104417670683,0.194243779383,0.65,0.0,0.695282629599,0.439411764706,0.176470588235,0.176470588235,0.764705882353,0.989114114114,0.13764227212,0.341519472812,0.358060382865,0.32474111832,0.179121210841,0.519457223033
0.864164432529,0.866666666667,0.512953812134,0.300561732144,0.162378502001,0.183734939759,0.22428620571,0.85,0.176470588235,0.948309005677,0.520784313725,0.176470588235,0.176470588235,1.0,0.338457723779,0.166120282251,0.374938083023,0.350802795817,0.298456385568,0.164206781393,0.477070212164
0.819481680071,0.333333333333,0.549005724442,0.358121759238,0.149799885649,0.103413654618,0.391583533998,0.15,0.0,0.0502038784323,0.174117647059,0.176470588235,0.176470588235,0.176470588235,0.638253638254,0.160845337633,0.233471359881,0.26879843942,0.264904017665,0.078802128177,0.460195285517
0.935656836461,0.133333333333,0.552522384946,0.367493693652,0.201829616924,0.0883534136546,0.385506249283,0.15,0.0,0.0560347486546,0.173529411765,0.176470588235,0.176470588235,0.176470588235,0.958011583012,0.127601840272,0.288437521986,0.255708822667,0.210057139662,0.0804409677493,0.475624705328
0.932082216265,0.977777777778,0.659127522922,0.476707385435,0.210977701544,0.374497991968,0.531819745442,0.15,0.176470588235,0.0,0.176470588235,0.176470588235,0.176470588235,0.176470588235,0.02443933295,0.128598542767,0.115324523661,0.181477973404,0.202236715823,0.0481843525267,0.21692709205
0.922252010724,0.111111111111,0.504636631732,0.347707525576,0.152086906804,0.124497991968,0.437679165233,0.15,0.176470588235,0.0,0.176470588235,0.176470588235,0.176470588235,0.176470588235,1.0,0.131347843035,0.274021913223,0.265907425453,0.262083077834,0.0668998585334,0.432475247525
0.896336014298,0.311111111111,0.580570391033,0.370118419209,0.182961692396,0.0913654618474,0.383900928793,0.15,0.0,0.0560347486546,0.173529411765,0.176470588235,0.176470588235,0.176470588235,0.669341216216,0.138655360739,0.273528056258,0.265394794415,0.227801842484,0.0795953548139,0.477070212164
0.848972296693,0.644444444444,0.689772197832,0.481361236979,0.233847913093,0.465863453815,0.474372205022,0.85,0.0,0.940028540851,0.654509803922,0.764705882353,0.176470588235,1.0,0.484091686623,0.186300899099,0.345323830208,0.267764612661,0.251863566654,0.088536999916,0.33189533239
0.921358355675,0.822222222222,1.0,0.848387793712,0.469411092053,0.377510040161,0.872491686733,0.575,0.0,0.242304207058,0.16637254902,0.176470588235,0.176470588235,0.176470588235,0.0,0.0196949971454,0.21156163606,0.125478940335,0.0797500657541,0.00978810437738,0.215729599273
0.840929401251,0.266666666667,0.784189884523,0.508767576027,0.176100628931,0.0753012048193,0.646600160532,0.15,0.176470588235,0.0,0.176470588235,0.176470588235,0.176470588235,0.176470588235,0.734524847428,0.15457316375,0.35557652506,0.284001674512,0.234806842125,0.031887604631,0.500863791297
0.734584450402,0.244444444444,0.811530639986,0.588627551735,0.225843339051,0.106425702811,0.653250773994,0.55,0.176470588235,0.109100751028,0.181568627451,0.176470588235,0.176470588235,0.176470588235,0.768719539211,0.186300899099,0.34776940167,0.232813550433,0.190234963689,0.0310972058892,0.456122524752
0.962466487936,0.222222222222,0.706145597171,0.515616971084,0.2081189251,0.144578313253,0.621373695677,0.35,0.176470588235,0.0603610684116,0.179215686275,0.176470588235,0.176470588235,0.176470588235,0.804054054054,0.120177833988,0.306484144417,0.219984994055,0.204588252609,0.0350156196484,0.408029061899
0.902591599643,0.333333333333,0.579281494022,0.351146821133,0.132647226987,0.066265060241,0.376332989336,0.55,0.0,0.0878796678554,0.175098039216,0.176470588235,0.176470588235,0.176470588235,0.638253638254,0.136883543105,0.364607880691,0.318243392321,0.287847661628,0.0831806359223,0.52462493707
0.982126899017,0.933333333333,0.367768849137,0.169734199094,0.0937678673528,0.0120481927711,0.126017658525,0.45,0.0,0.417481345589,0.408823529412,0.529411764706,0.176470588235,0.529411764706,0.309929494712,0.114790410525,0.63448692655,0.528232287384,0.362637721776,0.291597645833,0.768197272557
0.0,0.688888888889,0.013444649728,0.0,0.0903373356204,0.0240963855422,0.0584795321637,0.45,0.529411764706,0.0,0.529411764706,0.529411764706,0.529411764706,0.529411764706,0.535535535536,0.741862577115,0.401100772383,0.577771491375,0.439976890841,0.467840521515,0.740252520665
0.997319034853,0.311111111111,0.698965820529,0.466170528332,0.185820468839,0.152610441767,0.589267285862,0.85,0.176470588235,0.898695093677,0.638823529412,0.764705882353,0.176470588235,1.0,0.669341216216,0.112357285591,0.618951636601,0.363790275907,0.285089181678,0.0575573715872,0.537931034483
0.800714924039,0.466666666667,0.483449930153,0.346005395431,0.202401372213,0.348393574297,0.40866873065,0.45,0.176470588235,0.435795550691,0.369411764706,0.529411764706,0.176470588235,0.529411764706,0.801294251998,0.193171569421,0.249324757448,0.255628841907,0.230951188425,0.0949397405185,0.311237559637
0.95799821269,0.777777777778,0.883825692202,0.633898958285,0.235563178959,0.479919678715,0.645109505791,0.85,0.0,0.838327489244,0.483137254902,0.529411764706,0.176470588235,0.764705882353,0.402831402831,0.0559142541908,0.170371474478,0.180079341443,0.216267721708,0.0457378437949,0.251659594531
0.951742627346,0.666666666667,0.691557153604,0.549023099921,0.250428816467,0.14859437751,0.645453503039,0.35,0.0,0.156606828565,0.166078431373,0.176470588235,0.176470588235,0.176470588235,0.265202702703,0.123136629214,0.33677278608,0.20504297864,0.172569840743,0.0320243844062,0.403450385107
0.988382484361,0.2,0.759623619922,0.454918367824,0.10405946255,0.0321285140562,0.592821924091,0.35,0.0,0.0744132282513,0.173137254902,0.176470588235,0.176470588235,0.176470588235,0.840586349061,0.113086198495,0.50626515915,0.366470581179,0.330259091037,0.0388432755424,0.572740245392
0.827524575514,0.911111111111,0.56023492343,0.35503865558,0.121783876501,0.0471887550201,0.534915720674,0.15,0.0,0.0502038784323,0.174117647059,0.176470588235,0.176470588235,0.176470588235,0.0697950697951,0.158485932927,0.368753950544,0.348734508626,0.304032712795,0.0476656495101,0.544757640981
0.834673815907,0.688888888889,0.744693247555,0.481948077732,0.137793024585,0.0833333333333,0.644192179796,0.15,0.176470588235,0.0,0.176470588235,0.176470588235,0.176470588235,0.176470588235,0.245245245245,0.156396088915,0.353468184897,0.294610303674,0.280651363958,0.0321795872054,0.488774723263
0.780160857909,0.111111111111,0.617601294238,0.353012449199,0.116066323613,0.0833333333333,0.373007682605,0.45,0.176470588235,0.149334159846,0.187058823529,0.176470588235,0.176470588235,0.176470588235,1.0,0.172508801631,0.322728372713,0.329817850316,0.321706243009,0.0841935693947,0.493252837479
0.870420017873,0.311111111111,0.623486049696,0.281937567151,0.0829045168668,0.0240963855422,0.13220960899,0.45,0.176470588235,0.41747256387,0.300784313725,0.176470588235,0.176470588235,0.529411764706,0.669341216216,0.146050177315,0.491206577116,0.477042810485,0.441365199752,0.244087473455,0.637016245314
0.969615728329,0.177777777778,0.701858183686,0.500741579857,0.182961692396,0.19578313253,0.621717692925,0.35,0.0,0.0738388711761,0.175098039216,0.176470588235,0.176470588235,0.176470588235,0.878378378378,0.118213247978,0.260174269515,0.222878857754,0.227801842484,0.0349713899627,0.353107084953
0.954423592493,0.666666666667,0.724775111882,0.525301303312,0.190966266438,0.289156626506,0.650269464511,0.15,0.176470588235,0.0,0.176470588235,0.176470588235,0.176470588235,0.176470588235,0.265202702703,0.122395585228,0.242636308169,0.214035751488,0.220018208128,0.0314531792818,0.273253748232
0.796246648794,0.333333333333,0.683020245661,0.433853412435,0.121212121212,0.0512048192771,0.52516913198,0.15,0.176470588235,0.0,0.176470588235,0.176470588235,0.176470588235,0.176470588235,0.638253638254,0.167711387717,0.431479471364,0.323204366726,0.304930312429,0.0494180790246,0.539637686107
0.983020554066,0.177777777778,0.704000960144,0.565825430934,0.233276157804,0.356425702811,0.648090815273,0.15,0.176470588235,0.0,0.176470588235,0.176470588235,0.176470588235,0.176470588235,0.878378378378,0.114546658399,0.250672286826,0.174474116913,0.184640608605,0.0317089886538,0.227799038412
0.956210902592,0.4,0.595246052154,0.391487013594,0.154373927959,0.0753012048193,0.435156518748,0.15,0.176470588235,0.0,0.176470588235,0.176470588235,0.176470588235,0.176470588235,0.550476947536,0.121902054824,0.327741043195,0.279065219666,0.259262138002,0.0675025571644,0.500863791297
0.91599642538,0.955555555556,0.665859689988,0.463031952165,0.185820468839,0.0823293172691,0.563008829263,0.15,0.176470588235,0.0,0.176470588235,0.176470588235,0.176470588235,0.176470588235,0.0392327811683,0.133103816827,0.334894335925,0.263151829524,0.224975503346,0.0431870337528,0.490291898571
0.953529937444,0.666666666667,0.787813243084,0.555977600785,0.239565465981,0.314257028112,0.647632152276,0.15,0.176470588235,0.0,0.176470588235,0.176470588235,0.176470588235,0.176470588235,0.265202702703,0.122642500046,0.27348922411,0.19784669049,0.180086721866,0.0317631206831,0.255452848564
0.896336014298,0.444444444444,0.377293609796,0.205922712197,0.202973127501,0.324297188755,0.163054695562,0.45,0.176470588235,0.387121906256,0.435294117647,0.529411764706,0.176470588235,0.529411764706,0.832046332046,0.228656702877,0.218674611397,0.313504604615,0.257934392114,0.246067452732,0.313415841584
0.95799821269,0.8,0.59397753875,0.363047134115,0.193253287593,0.292168674699,0.233574131407,0.65,0.176470588235,0.427519310574,0.410196078431,0.529411764706,0.176470588235,0.529411764706,0.425832809554,0.229240308956,0.330312740624,0.298133366814,0.268132903179,0.182099927622,0.315525637445
1.0,0.6,0.667635012082,0.361893889849,0.120068610635,0.0763052208835,0.370141038872,0.85,0.176470588235,0.594001187523,0.807058823529,0.764705882353,0.764705882353,1.0,0.672705672706,0.476380203681,0.686568039394,0.521818120762,0.428116418409,0.130664068988,0.7275281865
0.993744414656,0.155555555556,0.667746166453,0.534725790629,0.205831903945,0.300200803213,0.69395711501,0.45,0.176470588235,0.122557728794,0.183529411765,0.176470588235,0.176470588235,0.176470588235,0.917496443812,0.111629248609,0.377402762926,0.220834273587,0.206552535615,0.0265597076905,0.267373720423
0.890080428954,0.111111111111,0.588962843631,0.397600668006,0.136077758719,0.0592369477912,0.47471620227,0.15,0.176470588235,0.0,0.176470588235,0.176470588235,0.176470588235,0.176470588235,1.0,0.140432264582,0.386099640154,0.296870738601,0.283017420794,0.0587756950953,0.526273983331
0.92672028597,0.6,0.616926516713,0.433976035876,0.185248713551,0.325301204819,0.47299621603,0.85,0.0,0.6502561176,0.369607843137,0.176470588235,0.176470588235,0.529411764706,0.633555633556,0.130096636473,0.340848733832,0.2640313295,0.259103151407,0.0722832178962,0.270297029703
0.880250223414,0.244444444444,0.620325432567,0.410178329518,0.126929674099,0.0712851405622,0.482054810228,0.85,0.0,0.820284357942,0.335490196078,0.176470588235,0.176470588235,0.176470588235,0.922589255923,0.0590793314121,0.607525709274,0.353308904377,0.304922001321,0.0593379365677,0.526941521782
0.917783735478,0.888888888889,0.676369753532,0.461239314243,0.142938822184,0.218875502008,0.475060199518,0.15,0.176470588235,0.0,0.176470588235,0.176470588235,0.176470588235,0.176470588235,0.0855855855856,0.132601598918,0.236388403888,0.234318022304,0.273728496112,0.0588777443291,0.331525742574
0.906166219839,0.933333333333,0.666552926205,0.581471598075,0.323613493425,0.396586345382,0.676413255361,0.15,0.176470588235,0.0,0.176470588235,0.176470588235,0.176470588235,0.176470588235,0.054347826087,0.135873351093,0.0797708058587,0.129482062737,0.131505668014,0.0284554773882,0.204258406039
0.76854334227,0.955555555556,0.66559215065,0.48097000981,0.14008004574,0.301204819277,0.579979360165,0.15,0.176470588235,0.0,0.176470588235,0.176470588235,0.176470588235,0.176470588235,0.0392327811683,0.175996255866,0.186446749121,0.211402102587,0.277542030238,0.0406647948956,0.264483257314
0.909740840036,1.0,0.616750145074,0.382935488392,0.121783876501,0.0471887550201,0.457057676872,0.45,0.176470588235,0.403661188806,0.284705882353,0.176470588235,0.176470588235,0.529411764706,0.25746799431,0.134864808711,0.487527550454,0.35848344526,0.308529256186,0.0778854422168,0.597139887217
0.990169794459,0.622222222222,0.71369412849,0.550944200495,0.143510577473,0.373493975904,0.69212246302,0.45,0.176470588235,0.331374378316,0.237647058824,0.176470588235,0.176470588235,0.176470588235,0.608108108108,0.112600159157,0.2188753361,0.191726354926,0.275243428035,0.0287491462316,0.231444710787
0.943699731903,1.0,0.931697619296,0.652803405428,0.129216695254,0.0622489959839,0.809081527348,0.775,0.0,0.467642018424,0.320490196078,0.176470588235,0.176470588235,0.529411764706,0.208218422504,0.019239549881,0.623498529142,0.346374413381,0.305819600954,0.0159565554424,0.620334352329
0.85254691689,0.2,0.644865479393,0.346624351848,0.0966266437965,0.0200803212851,0.359133126935,0.35,0.0,0.0421154882763,0.176666666667,0.176470588235,0.176470588235,0.176470588235,0.840586349061,0.151201735159,0.515954203266,0.407370629103,0.349828192047,0.0885857849808,0.596083608361
0.860589812332,0.133333333333,0.590545605336,0.294742957911,0.168096054889,0.035140562249,0.135878912969,0.45,0.176470588235,0.368401974385,0.257647058824,0.176470588235,0.176470588235,0.176470588235,0.958011583012,0.150684662318,0.524817397009,0.407046630903,0.275069131933,0.261177762297,0.573294086165
0.853440571939,0.422222222222,0.443505883292,0.230587541458,0.180102915952,0.0431726907631,0.1478041509,0.45,0.529411764706,0.0,0.529411764706,0.529411764706,0.529411764706,0.529411764706,0.863689776733,0.37826715925,0.549136246864,0.44718221923,0.287034985766,0.268495155118,0.699034987802
0.827524575514,0.355555555556,0.522218405281,0.213761853599,0.0966266437965,0.0200803212851,0.0677674578603,0.85,0.176470588235,0.586276194564,0.823137254902,1.0,0.529411764706,1.0,0.964373464373,0.321663212645,1.0,0.695079137326,0.497421646356,0.436394426528,0.907762655192
0.803395889187,0.422222222222,0.736146513775,0.509555869575,0.184105202973,0.035140562249,0.626877651645,0.85,0.176470588235,0.422456939415,0.232156862745,0.176470588235,0.176470588235,0.176470588235,0.741707616708,0.165590801408,0.592566604666,0.332050096006,0.231269229028,0.0345467209124,0.573294086165
0.907953529937,0.177777777778,0.855415232897,0.670972111926,0.244711263579,0.380522088353,0.795894966174,0.15,0.176470588235,0.0,0.176470588235,0.176470588235,0.176470588235,0.176470588235,0.878378378378,0.135368873951,0.407384267552,0.182945252572,0.176467990627,0.0170391765984,0.213388953109
0.914209115282,0.111111111111,0.892650371427,0.678525131966,0.207547169811,0.194779116466,0.841990597409,0.15,0.176470588235,0.0,0.176470588235,0.176470588235,0.176470588235,0.176470588235,1.0,0.133606444375,0.596558060431,0.254841482023,0.205097846756,0.0134100860115,0.354481376709
0.844504021448,0.111111111111,0.64346058581,0.417582449666,0.18982275586,0.0361445783133,0.520811833505,0.15,0.0,0.0356192317301,0.175294117647,0.176470588235,0.176470588235,0.176470588235,1.0,0.153533866531,0.583545948551,0.326749859135,0.220558397517,0.0500730165909,0.565968882603
0.973190348525,0.644444444444,0.614241383763,0.292880249451,0.0348770726129,0.0120481927711,0.279440431143,0.15,0.176470588235,0.0,0.176470588235,0.176470588235,0.176470588235,0.176470588235,0.285665412248,0.117233326707,0.429091508657,0.456078413287,0.512851002522,0.120023676251,0.611993274799
0.96872207328,0.4,0.485183131151,0.213052389405,0.0880503144654,0.0150602409639,0.129228299507,0.85,0.176470588235,0.868988542527,0.465882352941,0.176470588235,0.176470588235,0.764705882353,0.86779550635,0.118458475003,0.780785235319,0.560559911874,0.497879686614,0.299671614256,0.68001374015
0.983914209115,0.111111111111,0.923310025403,0.563624048209,0.178959405374,0.0471887550201,0.69040247678,0.85,0.0,0.70604319312,0.328039215686,0.176470588235,0.176470588235,0.529411764706,1.0,0.106605486563,0.773286586817,0.405247036132,0.235433589644,0.0302479559354,0.620175388967
0.986595174263,0.111111111111,0.752023885935,0.435964287383,0.181818181818,0.0481927710843,0.430913886022,0.55,0.176470588235,0.0751171282573,0.178823529412,0.176470588235,0.176470588235,0.176470588235,1.0,0.113572627835,0.610915693234,0.345496624374,0.228947560709,0.0685703982222,0.544757640981
0.896336014298,0.222222222222,0.705420384253,0.325518521979,0.0646083476272,0.0,0.0843939915147,0.15,0.176470588235,0.0,0.176470588235,0.176470588235,0.176470588235,0.176470588235,0.804054054054,0.138655360739,0.6084012329,0.491743324452,0.419866602016,0.320294508959,0.637016245314
0.882931188561,0.133333333333,0.742301818471,0.534635282851,0.199542595769,0.340361445783,0.713679623896,0.35,0.0,0.155019744704,0.16862745098,0.176470588235,0.176470588235,0.176470588235,0.958011583012,0.142469267985,0.451833941137,0.2321752164,0.211074044988,0.0245257326628,0.237917446313
0.939231456658,0.266666666667,0.588450027407,0.316041481758,0.10863350486,0.0401606425703,0.234147460154,0.35,0.0,0.0551840768991,0.175490196078,0.176470588235,0.176470588235,0.176470588235,0.734524847428,0.126606754487,0.356202800441,0.382339050335,0.32563719286,0.144803442414,0.553471341545
0.773905272565,0.0222222222222,0.725571537252,0.43183012566,0.119496855346,0.0642570281124,0.519091847265,0.15,0.0,0.0953958490293,0.167647058824,0.176470588235,0.176470588235,0.176470588235,0.953895071542,0.174384288071,0.361828413658,0.332558806144,0.307623228387,0.0504369258871,0.511762376238
0.941018766756,0.2,0.759146792775,0.472100247583,0.140651801029,0.0471887550201,0.540305010893,0.15,0.0,0.0252288243003,0.175882352941,0.176470588235,0.176470588235,0.176470588235,0.840586349061,0.126109816633,0.462496326559,0.330362161506,0.276778034398,0.0467767178887,0.546494233863
0.888293118856,0.666666666667,0.725211493858,0.39474237399,0.116066323613,0.0431726907631,0.357757137943,0.15,0.176470588235,0.0,0.176470588235,0.176470588235,0.176470588235,0.176470588235,0.265202702703,0.140940888663,0.387650551168,0.360771761295,0.313136932021,0.0889525571473,0.553471341545
0.74709562109,0.2,0.747122142365,0.397770005139,0.0886220697541,0.0190763052209,0.283339066621,0.15,0.176470588235,0.0,0.176470588235,0.176470588235,0.176470588235,0.176470588235,0.840586349061,0.182485135344,0.512820717852,0.414185814339,0.363785382284,0.118524058669,0.598053730607
0.917783735478,0.533333333333,0.70645923706,0.392973092914,0.109777015437,0.0682730923695,0.393762183236,0.35,0.176470588235,0.0336384324005,0.177254901961,0.176470588235,0.176470588235,0.176470588235,0.396274653031,0.132601598918,0.352435094155,0.338839717066,0.323662130252,0.0781325486441,0.511762376238
0.890974084004,0.2,0.752632496922,0.549969052179,0.196112064037,0.0793172690763,0.757481940144,0.15,0.0,0.0356192317301,0.175294117647,0.176470588235,0.176470588235,0.176470588235,0.840586349061,0.140178108946,0.498164264102,0.284172453378,0.215236630686,0.0203504048131,0.494770012787
0.327077747989,0.644444444444,0.07999877499,0.00856028401925,0.041166380789,0.0160642570281,0.0450636394909,0.85,0.0,0.326859326873,0.930784313725,1.0,0.764705882353,1.0,0.980157372562,0.928324901088,0.773542428594,0.808766568456,0.732048116526,0.582005815773,0.953810047671
0.813226094727,0.488888888889,0.384042388331,0.140713318074,0.0811892510006,0.035140562249,0.0561862171769,0.85,0.0,0.516515037679,0.800196078431,0.764705882353,0.764705882353,1.0,0.989114114114,0.545118525381,0.810421041235,0.695260760997,0.550165901156,0.528282096194,0.844869432922
0.846291331546,0.355555555556,0.506800163988,0.250925515018,0.132075471698,0.0471887550201,0.119596376562,0.85,0.0,0.544173386168,0.749607843137,0.764705882353,0.529411764706,1.0,0.964373464373,0.534371990785,0.777978950864,0.545431646509,0.401258045296,0.378639484258,0.758544320771
0.993744414656,0.111111111111,0.713290405818,0.418434974541,0.165237278445,0.0512048192771,0.540305010893,0.85,0.176470588235,0.809589764351,0.696862745098,0.764705882353,0.529411764706,1.0,1.0,0.111629248609,0.827501357411,0.487146684467,0.360532607068,0.074336198936,0.696946326212
0.914209115282,0.133333333333,0.624058130249,0.414729994861,0.178387650086,0.0632530120482,0.542368994381,0.15,0.0,0.0252288243003,0.175882352941,0.176470588235,0.176470588235,0.176470588235,0.958011583012,0.133606444375,0.451354381634,0.305362967671,0.232436596964,0.0464417854133,0.519760943478
0.920464700626,0.644444444444,0.804814783015,0.497544611576,0.185820468839,0.213855421687,0.47139089554,0.35,0.176470588235,0.0336384324005,0.177254901961,0.176470588235,0.176470588235,0.176470588235,0.285665412248,0.131849039034,0.270947962337,0.243858860017,0.224975503346,0.0594587388334,0.335740321985
0.994638069705,0.666666666667,0.573940879833,0.438469309104,0.199542595769,0.346385542169,0.532049076941,0.15,0.0,0.0435512144538,0.174705882353,0.176470588235,0.176470588235,0.176470588235,0.265202702703,0.111386763992,0.280637242914,0.220629869238,0.210057139662,0.0481471699939,0.234196189708
0.928507596068,0.311111111111,0.65936881014,0.405454407437,0.188679245283,0.118473895582,0.369567710125,0.15,0.176470588235,0.0,0.176470588235,0.176470588235,0.176470588235,0.176470588235,0.669341216216,0.129596865917,0.340568921648,0.273037610964,0.222198694961,0.0852021353951,0.440198463054
0.828418230563,0.688888888889,0.584293674495,0.353640164432,0.125786163522,0.039156626506,0.413026029125,0.15,0.0,0.0252288243003,0.175882352941,0.176470588235,0.176470588235,0.176470588235,0.245245245245,0.158224322098,0.407332130855,0.351042604999,0.297905149392,0.0730330890643,0.560572217146
0.855227882038,0.4,0.600019370475,0.362445695333,0.121783876501,0.0602409638554,0.403050108932,0.15,0.176470588235,0.0,0.176470588235,0.176470588235,0.176470588235,0.176470588235,0.550476947536,0.150426286213,0.365130723715,0.323534434466,0.304032712795,0.0755558408102,0.52462493707
0.97944593387,0.377777777778,0.660532744316,0.440600621292,0.180674671241,0.0522088353414,0.520467836257,0.15,0.176470588235,0.0,0.176470588235,0.176470588235,0.176470588235,0.176470588235,0.578862444534,0.115522254613,0.427295693138,0.303379006171,0.230101861093,0.0501396263515,0.537931034483
0.962466487936,0.511111111111,0.752261822953,0.508338393983,0.23098913665,0.377510040161,0.621144364178,0.85,0.176470588235,0.911240606348,0.403529411765,0.176470588235,0.176470588235,1.0,0.608108108108,0.120177833988,0.335718231657,0.23756706604,0.190674581316,0.0484457205988,0.312534026802
0.695263628239,0.133333333333,0.598090750274,0.307878264119,0.190394511149,0.104417670683,0.136566907465,0.85,0.0,0.800577265957,0.448431372549,0.176470588235,0.176470588235,0.529411764706,0.958011583012,0.198442593142,0.449667371252,0.371608545845,0.272434209639,0.307532966814,0.493252837479
0.998212689902,0.177777777778,0.716266135267,0.387399565563,0.165237278445,0.0160642570281,0.43825249398,0.15,0.176470588235,0.0,0.176470588235,0.176470588235,0.176470588235,0.176470588235,0.878378378378,0.110417795848,0.653953559894,0.415660706161,0.246587663242,0.0667858353056,0.603964097344
0.816800714924,0.155555555556,0.754161399489,0.400073574065,0.169239565466,0.0230923694779,0.356610480449,0.15,0.0,0.0252288243003,0.175882352941,0.176470588235,0.176470588235,0.176470588235,0.917496443812,0.161633774089,0.544508357875,0.374353432263,0.242158388345,0.0894417736272,0.590281688719
0.948168007149,0.177777777778,0.611797908849,0.411165156257,0.184105202973,0.0552208835341,0.574934067194,0.15,0.0,0.0252288243003,0.175882352941,0.176470588235,0.176470588235,0.176470588235,0.878378378378,0.124126087377,0.486264803609,0.313810990864,0.226668807487,0.0414593561356,0.532898600205
0.996425379803,0.377777777778,0.52754219493,0.266472415565,0.110348770726,0.0281124497992,0.140465542942,0.85,0.176470588235,0.783158734504,0.507843137255,0.529411764706,0.176470588235,0.764705882353,0.832046332046,0.178691954846,0.704450516393,0.498536413227,0.375048803448,0.27788234771,0.667482885431
0.967828418231,0.133333333333,0.549809461881,0.250569323119,0.0857632933105,0.0120481927711,0.106639146887,0.45,0.176470588235,0.434180599412,0.330588235294,0.176470588235,0.176470588235,0.529411764706,0.958011583012,0.11870380083,0.699508097883,0.52538756889,0.431835494223,0.295019867119,0.663891391173
0.840929401251,0.133333333333,0.374227204607,0.13992794413,0.0691823899371,0.0160642570281,0.0618048388946,0.85,0.176470588235,0.581408259866,0.528235294118,0.529411764706,0.529411764706,0.529411764706,0.958011583012,0.169040368542,0.694121826665,0.607754569974,0.488296310687,0.4479853927,0.758708244656
0.911528150134,0.133333333333,0.645512534702,0.398546620264,0.160663236135,0.0150602409639,0.552574246073,0.85,0.176470588235,0.916962676044,0.459607843137,0.176470588235,0.176470588235,1.0,0.958011583012,0.134361154869,0.956097753501,0.500211856737,0.356305123871,0.0542796762086,0.665840264026
0.772117962466,0.466666666667,0.732304713751,0.461709370767,0.229273870783,0.339357429719,0.311776172457,0.45,0.176470588235,0.409473027794,0.290588235294,0.176470588235,0.176470588235,0.529411764706,0.714024835646,0.17492115771,0.366273478574,0.251188514415,0.207776947089,0.106180708544,0.304373145966
0.935656836461,0.133333333333,0.980176271782,0.85523718877,0.397941680961,0.393574297189,0.987616099071,0.45,0.0,0.152633358447,0.167058823529,0.176470588235,0.176470588235,0.176470588235,0.958011583012,0.0160617701041,0.287369698326,0.125123875773,0.107752030374,0.00343585577589,0.205940594059
0.987488829312,0.244444444444,0.560612675714,0.213890316252,0.0360205831904,0.0120481927711,0.0760233918129,0.15,0.176470588235,0.0,0.176470588235,0.176470588235,0.176470588235,0.176470588235,0.768719539211,0.113329364386,0.366089533161,0.489353968163,0.508636648817,0.339522108293,0.611993274799
0.964253798034,0.177777777778,0.607642575286,0.318432638856,0.120640365923,0.15562248996,0.225547528953,0.15,0.176470588235,0.0,0.176470588235,0.176470588235,0.176470588235,0.176470588235,0.878378378378,0.119686093356,0.260723556363,0.300208631728,0.305819600954,0.150319654724,0.395324786299
0.934763181412,0.533333333333,0.618216013855,0.255366235344,0.0497427101201,0.0120481927711,0.0887512899897,0.15,0.176470588235,0.0,0.176470588235,0.176470588235,0.176470588235,0.176470588235,0.396274653031,0.127850864175,0.348612948301,0.463142028661,0.462422211733,0.310933307523,0.611993274799
0.714030384272,0.6,0.634542268805,0.363537627879,0.118353344768,0.0592369477912,0.33734663456,0.15,0.176470588235,0.0,0.176470588235,0.176470588235,0.176470588235,0.176470588235,0.328185328185,0.192619214506,0.295894536548,0.323797688685,0.309443831417,0.0959753268698,0.526273983331
0.998212689902,0.488888888889,0.685073763777,0.418434974541,0.115494568325,0.286144578313,0.484118793716,0.15,0.176470588235,0.0,0.176470588235,0.176470588235,0.176470588235,0.176470588235,0.44481981982,0.110417795848,0.269278834245,0.280734838747,0.314068969014,0.0569051397758,0.275522857801
0.996425379803,0.155555555556,0.687270169778,0.398733475032,0.11778158948,0.107429718876,0.463708290334,0.15,0.176470588235,0.0,0.176470588235,0.176470588235,0.176470588235,0.176470588235,0.917496443812,0.110902085971,0.333161628935,0.320006989911,0.310358406648,0.061067248482,0.454935199082
0.887399463807,0.133333333333,0.61635585112,0.324385714953,0.105774728416,0.0512048192771,0.197569086114,0.15,0.176470588235,0.0,0.176470588235,0.176470588235,0.176470588235,0.176470588235,0.958011583012,0.141195357235,0.335862541023,0.355688063939,0.330683331883,0.171518575969,0.539637686107
0.775692582663,0.422222222222,0.671338006067,0.403349371701,0.121783876501,0.207831325301,0.417497993349,0.15,0.176470588235,0.0,0.176470588235,0.176470588235,0.176470588235,0.176470588235,0.522914218566,0.173847870627,0.254432145259,0.283340673423,0.304032712795,0.0718177876436,0.341733670354
0.793565683646,0.844444444444,0.524281915849,0.324957957677,0.115494568325,0.225903614458,0.345717234262,0.15,0.0,0.0356192317301,0.175294117647,0.176470588235,0.176470588235,0.176470588235,0.118243243243,0.168508441807,0.227630524483,0.288564296288,0.314068969014,0.0929981395634,0.324932046
0.91599642538,0.266666666667,0.806963925838,0.512787873126,0.117209834191,0.0281124497992,0.70095172572,0.35,0.0,0.0862825621111,0.171568627451,0.176470588235,0.176470588235,0.176470588235,0.734524847428,0.133103816827,0.502321625365,0.352503036164,0.311281650838,0.0258260758411,0.580752475248
0.856121537087,0.711111111111,0.725829422809,0.393843135423,0.120068610635,0.0642570281124,0.304552230249,0.35,0.0,0.132272910056,0.171176470588,0.176470588235,0.176470588235,0.176470588235,0.225774555043,0.150168016898,0.349213147585,0.32723295914,0.306717200588,0.106565697324,0.518139612281
0.976764968722,0.311111111111,0.790314665911,0.545467020134,0.186392224128,0.0632530120482,0.691090471276,0.15,0.0,0.0746670799229,0.171176470588,0.176470588235,0.176470588235,0.176470588235,0.669341216216,0.116254981505,0.453208379518,0.290096687045,0.224415234202,0.0268385882727,0.519760943478
0.996425379803,0.2,0.653994034174,0.301414257019,0.110348770726,0.0562248995984,0.067996789359,0.45,0.0,0.408379834526,0.284705882353,0.176470588235,0.176470588235,0.529411764706,0.840586349061,0.110902085971,0.396113034092,0.413176787774,0.344335463363,0.36946067389,0.580752475248
0.86327077748,0.622222222222,0.582853178542,0.229650348017,0.139508290452,0.131526104418,0.113519091847,0.45,0.176470588235,0.382711107486,0.267843137255,0.176470588235,0.176470588235,0.529411764706,0.608108108108,0.148105698848,0.276923214595,0.344345861804,0.298503176545,0.273453903334,0.423721089756
0.949955317248,0.2,0.53219813797,0.233238543467,0.182389937107,0.272088353414,0.129916294003,0.45,0.0,0.11267464279,0.177450980392,0.176470588235,0.176470588235,0.176470588235,0.840586349061,0.123631158162,0.25269390918,0.289855568539,0.228374701597,0.242647237693,0.286209606719
0.826630920465,0.688888888889,0.19014530432,0.0552506189564,0.118353344768,0.166666666667,0.094255245958,0.625,0.0,0.347168131495,0.467745098039,0.529411764706,0.529411764706,0.529411764706,0.309929494712,0.387490667932,0.186794554266,0.424218534316,0.376893171926,0.345584677046,0.490832536645
0.361930294906,0.822222222222,0.0,0.00839970570374,0.133790737564,0.164658634538,0.0962045636968,0.85,0.0,0.666547111368,0.573921568627,0.529411764706,0.529411764706,0.764705882353,0.521021021021,0.56788063334,0.213619566213,0.428881001745,0.346994955671,0.392175054352,0.491148040146
0.981233243968,0.666666666667,0.605186188635,0.282757976363,0.232132647227,0.288152610442,0.113519091847,0.85,0.176470588235,0.941140531744,0.537254901961,0.352941176471,0.176470588235,1.0,0.951013513514,0.115034260564,0.365161861626,0.3547794597,0.258793298871,0.292847357797,0.425534681966
0.957104557641,0.8,0.837569249692,0.602031461671,0.134934248142,0.143574297189,0.714367618392,0.15,0.176470588235,0.0,0.176470588235,0.176470588235,0.176470588235,0.176470588235,0.152419861722,0.121655439116,0.308424963071,0.24388768437,0.284613315342,0.0244566023162,0.409215941926
0.920464700626,0.688888888889,0.829183247961,0.689666347456,0.278444825615,0.323293172691,0.820204105034,0.45,0.176470588235,0.193294378858,0.194901960784,0.176470588235,0.176470588235,0.176470588235,0.274583093732,0.131849039034,0.277953077894,0.174997285721,0.159541160699,0.0150739806703,0.262339631741
0.98927613941,0.333333333333,0.926986223933,0.480680968842,0.118925100057,0.152610441767,0.181401215457,0.45,0.0,0.442000298932,0.337843137255,0.176470588235,0.176470588235,0.529411764706,0.832046332046,0.112843130105,0.402244769904,0.368120885518,0.355031920504,0.184776491684,0.464331683168
0.811438784629,0.577777777778,0.892376374682,0.56527362545,0.121783876501,0.0401606425703,0.824446737759,0.15,0.0,0.0252288243003,0.175882352941,0.176470588235,0.176470588235,0.176470588235,0.350284495021,0.163213610429,0.405412748403,0.316902058744,0.304032712795,0.0138039951751,0.55877332866
0.994638069705,0.666666666667,0.709949987749,0.538092096043,0.176100628931,0.34437751004,0.720330237358,0.15,0.176470588235,0.0,0.176470588235,0.176470588235,0.176470588235,0.176470588235,0.265202702703,0.111386763992,0.22490309022,0.207469908219,0.234806842125,0.0238718192416,0.235347638107
0.872207327971,0.688888888889,0.754674342142,0.487562479563,0.144082332762,0.0632530120482,0.576080724688,0.15,0.0,0.0252288243003,0.175882352941,0.176470588235,0.176470588235,0.176470588235,0.245245245245,0.145537354952,0.35546720521,0.279100694142,0.272251916897,0.0412316834757,0.519760943478
0.991063449508,0.622222222222,0.899181415572,0.629551665343,0.189251000572,0.332329317269,0.674463937622,0.15,0.176470588235,0.0,0.176470588235,0.176470588235,0.176470588235,0.176470588235,0.306652806653,0.112357285591,0.191024692403,0.185283727124,0.221658592232,0.0287988924198,0.243140072682
0.924039320822,0.288888888889,0.766983662088,0.455659947681,0.123499142367,0.0522088353414,0.510950579062,0.65,0.176470588235,0.307705407358,0.20862745098,0.176470588235,0.176470588235,0.176470588235,0.701415701416,0.130847054928,0.416208059931,0.331142880347,0.30314342427,0.0578097734591,0.537931034483
0.957104557641,0.533333333333,0.744721153914,0.421737048629,0.106346483705,0.0753012048193,0.381148950808,0.65,0.176470588235,0.702145222498,0.412941176471,0.176470588235,0.176470588235,0.764705882353,0.678931943992,0.121655439116,0.639144132603,0.435380637479,0.358933439984,0.0857489622009,0.619312113485
0.990169794459,0.511111111111,0.796615878246,0.599789204466,0.183533447684,0.292168674699,0.73913542025,0.15,0.0,0.0435512144538,0.174705882353,0.176470588235,0.176470588235,0.176470588235,0.420214735283,0.00953632722565,0.346526783939,0.223826806389,0.227233226773,0.0220459400521,0.271036209335
0.838248436104,0.711111111111,0.73302761828,0.404791656935,0.100628930818,0.0240963855422,0.420593968582,0.65,0.0,0.467037529585,0.353333333333,0.176470588235,0.176470588235,0.529411764706,0.240709459459,0.155353768915,0.633755113478,0.450517395216,0.366045958965,0.0848095851461,0.71205412045
0.914209115282,0.755555555556,0.648112856242,0.313580254122,0.121212121212,0.0843373493976,0.148492145396,0.85,0.176470588235,0.856531104467,0.585098039216,0.764705882353,0.176470588235,1.0,0.629177564661,0.183028857112,0.57803264264,0.468431110885,0.429891065108,0.301427997381,0.596257113445
0.769436997319,0.755555555556,0.742304556957,0.561209534264,0.227558604917,0.0722891566265,0.68180254558,0.15,0.176470588235,0.0,0.176470588235,0.176470588235,0.176470588235,0.176470588235,0.188223938224,0.175727311289,0.370001876996,0.237017174144,0.188921820127,0.0278649111715,0.505490549055
0.943699731903,0.155555555556,0.787357866517,0.611187345261,0.215551743854,0.214859437751,0.789473684211,0.15,0.176470588235,0.0,0.176470588235,0.176470588235,0.176470588235,0.176470588235,0.917496443812,0.125365164771,0.337245393277,0.217680081472,0.19838751478,0.0175714268941,0.334786541814
0.9472743521,0.688888888889,0.816705619866,0.654415027795,0.243567753002,0.0923694779116,0.809769521844,0.15,0.176470588235,0.0,0.176470588235,0.176470588235,0.176470588235,0.176470588235,0.245245245245,0.124373702236,0.378518513014,0.215079051752,0.177262147871,0.0159011327063,0.475763509518
0.980339588919,0.533333333333,0.924333870874,0.719968935395,0.228130360206,0.36546184739,0.827542712992,0.45,0.0,0.433942743946,0.306470588235,0.176470588235,0.176470588235,0.529411764706,0.714024835646,0.102387053968,0.320571346026,0.191603251764,0.196085322932,0.0171083021861,0.249411010225
0.786416443253,0.222222222222,0.596350683759,0.351278203391,0.151515151515,0.070281124498,0.30948285747,0.35,0.176470588235,0.0336384324005,0.177254901961,0.176470588235,0.176470588235,0.176470588235,0.804054054054,0.170638830168,0.396002773405,0.32144884427,0.262767877157,0.106617514129,0.508652814861
0.785522788204,0.155555555556,0.695084923914,0.40457560611,0.187535734706,0.0672690763052,0.259603256507,0.15,0.176470588235,0.0,0.176470588235,0.176470588235,0.176470588235,0.176470588235,0.917496443812,0.170905632219,0.443190103419,0.313621886227,0.223302904986,0.130125550868,0.513356685248
0.877569258266,0.377777777778,0.691074157573,0.433730788994,0.17667238422,0.078313253012,0.563238160761,0.15,0.176470588235,0.0,0.176470588235,0.176470588235,0.176470588235,0.176470588235,0.578862444534,0.144001418756,0.456522196373,0.310617989369,0.234212036284,0.0431612986134,0.496312265373
0.953529937444,0.155555555556,0.58505740501,0.26861248657,0.0228702115495,0.00401606425703,0.103199174407,0.15,0.176470588235,0.0,0.176470588235,0.176470588235,0.176470588235,0.176470588235,0.917496443812,0.122642500046,0.575443445725,0.515654647279,0.561037096716,0.283500872419,0.628514851485
0.896336014298,0.2,0.642120629692,0.355181716261,0.129216695254,0.0321285140562,0.363146428162,0.15,0.176470588235,0.0,0.176470588235,0.176470588235,0.176470588235,0.176470588235,0.840586349061,0.138655360739,0.51389126616,0.381504654932,0.292815998952,0.0872242023634,0.573294086165
0.806076854334,0.155555555556,0.750773722375,0.500350352688,0.193253287593,0.0893574297189,0.609907120743,0.15,0.176470588235,0.0,0.176470588235,0.176470588235,0.176470588235,0.176470588235,0.917496443812,0.164797410399,0.49002864604,0.286071438673,0.2178651389,0.0365188278433,0.480390894208
0.886505808758,0.111111111111,0.781666394496,0.547656724436,0.194968553459,0.0451807228916,0.649122807018,0.15,0.176470588235,0.0,0.176470588235,0.176470588235,0.176470588235,0.176470588235,1.0,0.141449930247,0.532664296092,0.292024856284,0.216275287656,0.0315900332153,0.550060451387
0.906166219839,0.311111111111,0.896709872457,0.639466646424,0.190394511149,0.276104417671,0.782823070749,0.15,0.176470588235,0.0,0.176470588235,0.176470588235,0.176470588235,0.176470588235,0.669341216216,0.135873351093,0.507908105574,0.259876096057,0.220558397517,0.0181268745219,0.283104249225
0.990169794459,0.111111111111,0.89816479474,0.629884500397,0.233276157804,0.159638554217,0.722394220846,0.65,0.0,0.555820247442,0.35137254902,0.176470588235,0.176470588235,0.529411764706,1.0,0.112600159157,0.587531207617,0.271595035168,0.222962287427,0.0300151705147,0.408029061899
0.790884718499,0.644444444444,0.772852640173,0.594320782921,0.210405946255,0.15562248996,0.856667813324,0.15,0.176470588235,0.0,0.176470588235,0.176470588235,0.176470588235,0.176470588235,0.285665412248,0.169306499323,0.242562351668,0.206539002962,0.202650785753,0.0123302463104,0.395324786299
0.996425379803,0.333333333333,0.783568666957,0.475866538983,0.161806746712,0.15562248996,0.484577456714,0.95,0.0,0.22306585589,0.162156862745,0.176470588235,0.176470588235,0.176470588235,0.638253638254,0.00886563654492,0.277364738122,0.252556617287,0.257206392376,0.056814519558,0.384236238874
0.959785522788,0.4,0.766561678718,0.444331877423,0.130931961121,0.0953815261044,0.418759316592,0.15,0.0,0.0356192317301,0.175294117647,0.176470588235,0.176470588235,0.176470588235,0.550476947536,0.120916189244,0.327409679068,0.309553401001,0.290313258216,0.0715970889793,0.47135647648
0.91599642538,0.466666666667,0.643861393595,0.403133320876,0.139508290452,0.0983935742972,0.426556587547,0.15,0.176470588235,0.0,0.176470588235,0.176470588235,0.176470588235,0.176470588235,0.470118005329,0.133103816827,0.321845328098,0.296011685562,0.27831264076,0.0695404193405,0.467154938708
0.961572832887,0.4,0.702493421248,0.398061965712,0.126357918811,0.0712851405622,0.357183809196,0.15,0.176470588235,0.0,0.176470588235,0.176470588235,0.176470588235,0.176470588235,0.550476947536,0.120423853105,0.304566199819,0.308438255237,0.29706359832,0.089140945133,0.507058505851
0.962466487936,0.155555555556,0.727500462197,0.444177138319,0.119496855346,0.145582329317,0.502809310859,0.35,0.0,0.0606191398427,0.174901960784,0.176470588235,0.176470588235,0.176470588235,0.917496443812,0.120177833988,0.319626181271,0.281111864739,0.307623228387,0.0559458481593,0.406910374875
0.849865951743,0.111111111111,0.666671687938,0.41777806325,0.131503716409,0.252008032129,0.470244238046,0.15,0.0,0.0252288243003,0.175882352941,0.176470588235,0.176470588235,0.176470588235,1.0,0.151978146997,0.240919773233,0.260651614095,0.289486493339,0.0597256814591,0.302298461171
0.835567470956,0.488888888889,0.625498152638,0.438063483907,0.205831903945,0.333333333333,0.468409586057,0.15,0.0,0.0252288243003,0.175882352941,0.176470588235,0.176470588235,0.176470588235,0.44481981982,0.156135346593,0.177843178705,0.2088141546,0.206583336322,0.0600837095582,0.242478441393
0.857015192136,0.755555555556,0.643928818128,0.332423389545,0.11320754717,0.0763052208835,0.187249168673,0.45,0.176470588235,0.333870329061,0.238823529412,0.176470588235,0.176470588235,0.176470588235,0.468146718147,0.149909854305,0.293354276031,0.349446939301,0.332707622211,0.179104784146,0.500863791297
0.865951742627,0.533333333333,0.593422655138,0.283522913066,0.0703259005146,0.0361445783133,0.135076252723,0.45,0.176470588235,0.436732410714,0.341176470588,0.176470588235,0.176470588235,0.529411764706,0.396274653031,0.147334083613,0.506328230628,0.475146803325,0.46334155375,0.23796090499,0.657279307763
0.71581769437,0.422222222222,0.707371327261,0.413182603821,0.120068610635,0.0793172690763,0.403852769178,0.15,0.176470588235,0.0,0.176470588235,0.176470588235,0.176470588235,0.176470588235,0.522914218566,0.192067331488,0.344522730186,0.317553912831,0.306717200588,0.0753415696076,0.494770012787
0.97944593387,0.266666666667,0.763812033528,0.521920399869,0.191538021727,0.207831325301,0.542368994381,0.15,0.176470588235,0.0,0.176470588235,0.176470588235,0.176470588235,0.176470588235,0.734524847428,0.115522254613,0.322445069369,0.234904259793,0.219474090089,0.0464417854133,0.342761384297
0.918677390527,0.288888888889,0.784422694845,0.487638389312,0.169811320755,0.0823293172691,0.581928677904,0.15,0.176470588235,0.0,0.176470588235,0.176470588235,0.176470588235,0.176470588235,0.701415701416,0.132350643422,0.362852740588,0.291962269052,0.241516075467,0.0404463380622,0.490291898571
0.562109025916,0.644444444444,0.742914578974,0.556059349745,0.178387650086,0.112449799197,0.793257653939,0.15,0.176470588235,0.0,0.176470588235,0.176470588235,0.176470588235,0.176470588235,0.285665412248,0.241318302052,0.323345081483,0.246764561373,0.232454351609,0.0172489449034,0.448038696999
0.921358355675,0.111111111111,0.73400593596,0.393854813846,0.117209834191,0.0803212851406,0.265795206972,0.15,0.176470588235,0.0,0.176470588235,0.176470588235,0.176470588235,0.176470588235,1.0,0.131598390017,0.371397015515,0.335530370192,0.311281650838,0.127563335767,0.493252837479
0.957104557641,0.133333333333,0.804474787744,0.355780235437,0.11778158948,0.0873493975904,0.105951152391,0.35,0.176470588235,0.0580682859384,0.178823529412,0.176470588235,0.176470588235,0.176470588235,0.958011583012,0.121655439116,0.315825513548,0.360256158561,0.310358406648,0.278165582938,0.482875554136
0.890974084004,0.466666666667,0.584771357307,0.222395127762,0.115494568325,0.130522088353,0.105033826396,0.45,0.0,0.422628229123,0.40431372549,0.529411764706,0.176470588235,0.529411764706,0.801294251998,0.027494741626,0.31720501847,0.408313923705,0.354333018451,0.316555937944,0.491296725705
0.909740840036,0.533333333333,0.545259201118,0.22438921848,0.118925100057,0.106425702811,0.103543171655,0.45,0.0,0.378837159235,0.446470588235,0.529411764706,0.529411764706,0.529411764706,0.714024835646,0.226618113087,0.387098137747,0.426703410531,0.345834564082,0.344017104882,0.534182516316
0.950848972297,0.266666666667,0.555300308436,0.234447260242,0.0400228702115,0.0240963855422,0.0854259832588,0.85,0.176470588235,0.865628712028,0.726274509804,1.0,0.176470588235,1.0,0.980157372562,0.211383835314,0.847936613298,0.699635606082,0.664867540795,0.452301884065,0.872740052307
0.748882931189,0.688888888889,0.59269160265,0.352247512496,0.136077758719,0.0753012048193,0.301456255017,0.85,0.176470588235,0.963243869988,0.589411764706,0.764705882353,0.176470588235,1.0,0.841377091377,0.181941874456,0.595053567226,0.441790025372,0.361071745552,0.123852172625,0.590032806688
0.935656836461,0.111111111111,0.715072452536,0.455887676928,0.1675242996,0.214859437751,0.471046898291,0.15,0.176470588235,0.0,0.176470588235,0.176470588235,0.176470588235,0.176470588235,1.0,0.127601840272,0.328494671634,0.264371089069,0.244086425653,0.0596418551262,0.33493215744
0.790884718499,0.266666666667,0.557100270896,0.317057504555,0.12235563179,0.0753012048193,0.165348010549,0.65,0.176470588235,0.559621836286,0.34431372549,0.176470588235,0.176470588235,0.529411764706,0.734524847428,0.169306499323,0.380749994778,0.37166657234,0.337906521182,0.234670366727,0.537931034483
0.955317247542,0.377777777778,0.59079955303,0.241074765264,0.105774728416,0.074297188755,0.0893246187364,0.85,0.0,0.706914501522,0.692549019608,0.764705882353,0.529411764706,0.764705882353,0.895495495495,0.175189762282,0.695006814691,0.565021859851,0.44545121899,0.382050601614,0.713752689917
0.994638069705,0.4,0.700070796199,0.401591769048,0.114922813036,0.0602409638554,0.440087145969,0.15,0.176470588235,0.0,0.176470588235,0.176470588235,0.176470588235,0.176470588235,0.550476947536,0.111386763992,0.3396031499,0.323977298687,0.31500992502,0.0664197490791,0.52462493707
0.649687220733,0.155555555556,0.61315309127,0.330116901014,0.102915951973,0.0843373493976,0.184497190689,0.15,0.176470588235,0.0,0.176470588235,0.176470588235,0.176470588235,0.176470588235,0.917496443812,0.212806060538,0.348658608418,0.361635686544,0.335810254032,0.181461707327,0.487282018524
0.97944593387,0.266666666667,0.33564679323,0.15189832765,0.103487707261,0.106425702811,0.102855177159,0.65,0.176470588235,0.666037523925,0.362745098039,0.176470588235,0.176470588235,0.764705882353,1.0,0.115522254613,0.401120835629,0.434290678117,0.365438615554,0.296820313736,0.532898600205
0.941912421805,0.222222222222,0.293864835718,0.100904493857,0.119496855346,0.122489959839,0.110881779612,0.65,0.0,0.461395891194,0.246470588235,0.176470588235,0.176470588235,0.176470588235,0.957052943354,0.125861498751,0.347116082528,0.385145487802,0.308529256186,0.282586856294,0.461882301841
0.921358355675,0.488888888889,0.547126092695,0.256043583874,0.181818181818,0.338353413655,0.138516225204,0.85,0.0,1.0,0.528039215686,0.176470588235,0.176470588235,1.0,0.841377091377,0.177774139492,0.253487022195,0.321763016181,0.281616682685,0.265181297264,0.376435643564
0.984807864164,0.133333333333,0.744912985858,0.444431144018,0.132075471698,0.128514056225,0.416580667355,0.45,0.176470588235,0.0712384634603,0.178823529412,0.176470588235,0.176470588235,0.176470588235,0.958011583012,0.114059447646,0.374485462509,0.298085016287,0.288667077484,0.0722889983667,0.431273927393
0.981233243968,0.444444444444,0.759491904454,0.468062432849,0.12235563179,0.231927710843,0.629170966632,0.85,0.0,0.706502835503,0.525098039216,0.529411764706,0.176470588235,0.764705882353,0.980157372562,0.201234121481,0.635970798197,0.404036518731,0.373866658876,0.0477342884971,0.459198491278
0.678284182306,0.222222222222,0.614585102684,0.313343766058,0.0937678673528,0.0200803212851,0.205022359821,0.35,0.176470588235,0.0336384324005,0.177254901961,0.176470588235,0.176470588235,0.176470588235,0.804054054054,0.203756784731,0.482812722566,0.424648786066,0.354333018451,0.165097209499,0.596083608361
0.899910634495,0.222222222222,0.682909801141,0.409655720092,0.153230417381,0.0321285140562,0.451553720904,0.15,0.176470588235,0.0,0.176470588235,0.176470588235,0.176470588235,0.176470588235,0.804054054054,0.13764227212,0.496968587067,0.356323991125,0.261122098331,0.0637094275214,0.573294086165
0.948168007149,0.111111111111,0.662835208362,0.392824193021,0.186963979417,0.0361445783133,0.41050338264,0.15,0.176470588235,0.0,0.176470588235,0.176470588235,0.176470588235,0.176470588235,1.0,0.124126087377,0.667687804105,0.352513729622,0.223859069594,0.0735912558264,0.565968882603
0.890080428954,0.244444444444,0.670740106089,0.455919792591,0.184676958262,0.0512048192771,0.612888430226,0.15,0.176470588235,0.0,0.176470588235,0.176470588235,0.176470588235,0.176470588235,0.768719539211,0.140432264582,0.535275783604,0.31736581206,0.226100191776,0.0361321212361,0.539637686107
0.977658623771,0.377777777778,0.69982254405,0.410794366329,0.185248713551,0.0321285140562,0.418529985093,0.15,0.176470588235,0.0,0.176470588235,0.176470588235,0.176470588235,0.176470588235,0.578862444534,0.11601064102,0.449504414823,0.316677014885,0.225539922632,0.071527656735,0.573294086165
0.542448614835,0.6,0.509114349352,0.283198836829,0.165809033734,0.0190763052209,0.274968466919,0.15,0.176470588235,0.0,0.176470588235,0.176470588235,0.176470588235,0.176470588235,0.328185328185,0.247890151236,0.433459421164,0.369794195521,0.245939903672,0.122107581282,0.598053730607
0.991063449508,0.266666666667,0.709317939449,0.465887326575,0.187535734706,0.0672690763052,0.486526774452,0.15,0.176470588235,0.0,0.176470588235,0.176470588235,0.176470588235,0.176470588235,0.734524847428,0.112357285591,0.509518715571,0.294166641997,0.223302904986,0.0564136394422,0.513356685248
0.914209115282,0.155555555556,0.592458905809,0.338113701126,0.154945683248,0.0230923694779,0.353858502465,0.15,0.176470588235,0.0,0.176470588235,0.176470588235,0.176470588235,0.176470588235,0.917496443812,0.133606444375,0.517135279201,0.363705730523,0.258582598145,0.0902450513536,0.590281688719
0.878462913315,0.177777777778,0.671612848352,0.390091442052,0.177244139508,0.0602409638554,0.398348813209,0.15,0.176470588235,0.0,0.176470588235,0.176470588235,0.176470588235,0.176470588235,0.878378378378,0.143745797796,0.458712480469,0.328913195487,0.233617230444,0.0768309010361,0.52462493707
0.982126899017,0.6,0.851272845053,0.625852524875,0.232704402516,0.171686746988,0.739364751749,0.65,0.0,0.519554067154,0.275882352941,0.176470588235,0.176470588235,0.485294117647,0.460621912235,0.0183297666508,0.441195047894,0.232324577621,0.18862587145,0.0241928183756,0.379335435306
1.0,0.111111111111,0.451185832057,0.205052669687,0.121212121212,0.0070281124498,0.142185529182,0.35,0.176470588235,0.0336384324005,0.177254901961,0.176470588235,0.176470588235,0.176470588235,1.0,0.109933893157,0.529959096782,0.445449409619,0.304922001321,0.225310281967,0.622260254597
0.957104557641,0.333333333333,0.434899157116,0.211820315785,0.138364779874,0.0682730923695,0.102396514161,0.65,0.176470588235,0.347283678334,0.536470588235,0.529411764706,0.529411764706,0.529411764706,1.0,0.343654415604,0.613447102038,0.494488923424,0.343163494941,0.357281456497,0.657279307763
0.948168007149,0.266666666667,0.555310813101,0.261082823376,0.100628930818,0.0150602409639,0.0886366242403,0.65,0.0,0.517580225068,0.274117647059,0.176470588235,0.176470588235,0.176470588235,0.957052943354,0.0955946897018,0.656480149058,0.498058763666,0.348725191162,0.311210124391,0.647894266421
0.949955317248,0.6,0.636066295278,0.300567571355,0.0365923384791,0.00401606425703,0.196193097122,0.65,0.0,0.698472568523,0.347450980392,0.176470588235,0.176470588235,0.764705882353,0.837135837136,0.0124520590955,0.650292675587,0.507192138524,0.528081110176,0.209937842732,0.654524066268
0.851653261841,0.644444444444,0.555737959822,0.171827556407,0.0989136649514,0.0110441767068,0.0687994496044,0.65,0.0,0.695221393068,0.466470588235,0.529411764706,0.176470588235,0.764705882353,0.563574938575,0.151460432029,0.69536058708,0.56974135802,0.353195003594,0.383437333493,0.851602493583
1.0,0.377777777778,0.154148797967,0.0446933246134,0.134362492853,0.207831325301,0.0950579062034,0.45,0.0,0.435484988675,0.380392156863,0.529411764706,0.176470588235,0.529411764706,0.929810407422,0.109933893157,0.240856771188,0.391924517714,0.30314342427,0.317011040112,0.369646190449
0.8945487042,0.177777777778,0.406363640063,0.126912341757,0.101200686106,0.0512048192771,0.073386079578,0.45,0.0,0.398064026512,0.269411764706,0.176470588235,0.176470588235,0.529411764706,0.878378378378,0.139162527593,0.395536979361,0.444756275033,0.355031920504,0.352783805234,0.569480137203
0.985701519214,0.111111111111,0.534726991807,0.20524244406,0.130931961121,0.127510040161,0.103657837404,0.45,0.0,0.38253029112,0.259019607843,0.176470588235,0.176470588235,0.176470588235,1.0,0.113815988903,0.303181836816,0.3684218262,0.305819600954,0.298933056517,0.449375557403
0.753351206434,0.177777777778,0.404267021124,0.155442729014,0.109777015437,0.0642570281124,0.0990712074303,0.85,0.0,0.82598421199,0.35431372549,0.176470588235,0.176470588235,0.176470588235,0.980157372562,0.180585734737,0.587384916633,0.458710418236,0.33168029487,0.312326091297,0.567800183493
0.991957104558,0.422222222222,0.73391583714,0.321215023123,0.116066323613,0.0833333333333,0.0964338951955,0.15,0.0,0.0435512144538,0.174705882353,0.176470588235,0.176470588235,0.176470588235,0.522914218566,0.0583473906394,0.279691491326,0.359183502371,0.313136932021,0.295516158915,0.488774723263
0.957104557641,0.111111111111,0.74376143666,0.491232423973,0.133790737564,0.320281124498,0.557963536292,0.15,0.0,0.0356192317301,0.175294117647,0.176470588235,0.176470588235,0.176470588235,1.0,0.121655439116,0.228970212817,0.224000341897,0.286230488485,0.043986592314,0.251188350685
0.499553172475,0.711111111111,0.527531153326,0.3400348017,0.124642652945,0.102409638554,0.348469212246,0.45,0.176470588235,0.39447556471,0.276470588235,0.176470588235,0.176470588235,0.529411764706,0.225774555043,0.391014562055,0.323807472199,0.320945735431,0.306717200588,0.0933380369586,0.521618104668
0.966934763181,0.377777777778,0.439179308255,0.181984864764,0.119496855346,0.236947791165,0.112028437106,0.65,0.176470588235,0.460972518368,0.639215686275,0.764705882353,0.529411764706,0.764705882353,0.578862444534,0.261841645565,0.367813847022,0.451664629102,0.404466623598,0.344833281813,0.452966192418
0.955317247542,0.133333333333,0.642288602753,0.29705820526,0.118353344768,0.0160642570281,0.116729732829,0.85,0.176470588235,0.641647695876,0.68862745098,0.764705882353,0.529411764706,0.764705882353,0.958011583012,0.122148770174,0.753512035377,0.570594441204,0.462223857404,0.351569671417,0.851602493583
0.927613941019,0.688888888889,0.419734512515,0.192215163264,0.112064036592,0.0522088353414,0.131865611742,0.85,0.176470588235,0.585210145924,0.906274509804,1.0,1.0,1.0,0.790383406662,0.217091315248,0.703298654938,0.582678197448,0.487766732889,0.347671045394,0.732321632163
0.849865951743,0.133333333333,0.525136273284,0.267053417107,0.109777015437,0.0321285140562,0.147001490655,0.85,0.176470588235,0.803819564534,0.641960784314,0.529411764706,0.529411764706,1.0,0.980157372562,0.151978146997,0.693073314548,0.544862616147,0.460386034149,0.293557540032,0.705300972575
0.966934763181,0.466666666667,0.430866531042,0.154660274677,0.0274442538593,0.0190763052209,0.0644421511295,0.65,0.176470588235,0.678091489385,0.529411764706,0.764705882353,0.176470588235,0.764705882353,0.781731098187,0.11894922552,0.678630170576,0.663116250129,0.671632251546,0.404071145263,0.82190705557
0.97944593387,0.4,0.517946179428,0.293761970384,0.121212121212,0.120481927711,0.264189886481,0.45,0.0,0.410135330666,0.288823529412,0.176470588235,0.176470588235,0.529411764706,0.742317660126,0.115522254613,0.316679943793,0.353255491932,0.3465076998,0.128313634703,0.449375557403
0.882931188561,0.444444444444,0.523170327666,0.327620638109,0.12235563179,0.0672690763052,0.443183121202,0.45,0.176470588235,0.404872296204,0.285882352941,0.176470588235,0.176470588235,0.529411764706,0.496138996139,0.142469267985,0.469159106321,0.365044309132,0.3207565093,0.0712450511352,0.582651285312
0.983914209115,0.333333333333,0.469223498886,0.181783411968,0.11778158948,0.0471887550201,0.106295149639,0.45,0.176470588235,0.426982316908,0.314117647059,0.176470588235,0.176470588235,0.529411764706,0.638253638254,0.184117685631,0.40562048678,0.426637921012,0.356977406824,0.318195669576,0.566528867172
0.668453976765,0.177777777778,0.546961254224,0.209414560658,0.11778158948,0.0321285140562,0.0945992432061,0.65,0.0,0.473747275296,0.265490196078,0.176470588235,0.176470588235,0.176470588235,0.878378378378,0.209681229425,0.422248217431,0.424596219583,0.323001542826,0.319194774207,0.575158683436
0.954423592493,0.222222222222,0.823441625795,0.535668823282,0.183533447684,0.130522088353,0.730535489049,0.45,0.0,0.103693158265,0.180588235294,0.176470588235,0.176470588235,0.176470588235,0.804054054054,0.11755162806,0.388446937414,0.271145987548,0.227801842484,0.0228661096009,0.424979615609
0.79982126899,0.2,0.446360423123,0.135358761153,0.0949113779302,0.0120481927711,0.0716660933379,0.45,0.0,0.328441704089,0.232352941176,0.176470588235,0.176470588235,0.176470588235,0.840586349061,0.166650206545,0.421153027075,0.470760681962,0.364636386316,0.362876974114,0.630640199942
0.650580875782,0.155555555556,0.334153530996,0.0876786798711,0.109205260149,0.0190763052209,0.10090585942,0.65,0.0,0.528272693975,0.310784313725,0.176470588235,0.176470588235,0.529411764706,0.989114114114,0.226327396787,0.533894391754,0.478281894757,0.339776885519,0.321604736432,0.616123668971
0.891867739053,0.155555555556,0.114571971949,0.0168869995796,0.0977701543739,0.031124497992,0.0788900355464,0.45,0.0,0.412415337166,0.288235294118,0.176470588235,0.176470588235,0.529411764706,0.917496443812,0.217951727174,0.363336101481,0.484302535113,0.374675625579,0.374968320262,0.589682816332
1.0,0.288888888889,0.494510529082,0.220240458728,0.122927387078,0.0361445783133,0.126476321523,0.45,0.0,0.456491610721,0.207647058824,0.176470588235,0.0,0.176470588235,1.0,0.0,0.518889611385,0.39026797046,0.292808449512,0.244257683136,0.564519510775
0.921358355675,0.333333333333,0.60868516479,0.362098262251,0.145797598628,0.132530120482,0.309826854718,0.65,0.0,0.494180032393,0.26862745098,0.176470588235,0.176470588235,0.529411764706,0.863689776733,0.0431874990785,0.39084742819,0.305366247207,0.295356799452,0.101662823932,0.434925777911
0.603217158177,0.133333333333,0.346005815706,0.143921964778,0.118925100057,0.0441767068273,0.128884302259,0.45,0.0,0.390799690739,0.225882352941,0.176470588235,0.176470588235,0.176470588235,0.958011583012,0.191874283805,0.402514605219,0.395227416157,0.313436126403,0.241468008453,0.550493659892
0.955317247542,0.355555555556,0.357824522731,0.110912902322,0.112064036592,0.200803212851,0.107212475634,0.45,0.0,0.368085636569,0.253137254902,0.176470588235,0.176470588235,0.176470588235,0.964373464373,0.122148770174,0.227888424254,0.369664272808,0.337906521182,0.287141714038,0.368752358191
0.985701519214,0.111111111111,0.665866613496,0.31119201663,0.103487707261,0.0552208835341,0.142988189428,0.15,0.176470588235,0.0,0.176470588235,0.176470588235,0.176470588235,0.176470588235,1.0,0.113815988903,0.363619912777,0.369813056114,0.334772601792,0.224362334408,0.532898600205
0.957104557641,0.244444444444,0.588945517701,0.352457724109,0.121212121212,0.139558232932,0.400412796698,0.15,0.176470588235,0.0,0.176470588235,0.176470588235,0.176470588235,0.176470588235,0.768719539211,0.121655439116,0.265929434643,0.288831895277,0.304922001321,0.0762713355387,0.413980788749
0.696157283289,0.2,0.447157351495,0.226199374037,0.105202973128,0.0602409638554,0.13908955395,0.15,0.176470588235,0.0,0.176470588235,0.176470588235,0.176470588235,0.176470588235,0.840586349061,0.198164099253,0.281513300479,0.360228269515,0.33168029487,0.229173226463,0.52462493707
0.96872207328,0.533333333333,0.613812186354,0.329623487644,0.105774728416,0.0562248995984,0.281963077629,0.15,0.176470588235,0.0,0.176470588235,0.176470588235,0.176470588235,0.176470588235,0.396274653031,0.118458475003,0.31671243949,0.34434169179,0.330663139086,0.118933545864,0.531221122112
0.702412868633,0.222222222222,0.490942070086,0.274635633204,0.112635791881,0.0722891566265,0.234262125903,0.15,0.176470588235,0.0,0.176470588235,0.176470588235,0.176470588235,0.176470588235,0.804054054054,0.196217983715,0.329516738594,0.344843575784,0.318810070788,0.144982980064,0.505490549055
0.664879356568,0.422222222222,0.431344631894,0.202895081048,0.0817610062893,0.0230923694779,0.135076252723,0.15,0.0,0.0502038784323,0.174117647059,0.176470588235,0.176470588235,0.176470588235,0.522914218566,0.207983041108,0.368420020616,0.41801137108,0.378354632839,0.234331943865,0.582651285312
0.859696157283,0.222222222222,0.366302975487,0.216009950016,0.10405946255,0.0321285140562,0.240110079119,0.15,0.176470588235,0.0,0.176470588235,0.176470588235,0.176470588235,0.176470588235,0.804054054054,0.149136006203,0.354072417762,0.372148952406,0.333734949553,0.141176807454,0.573294086165
0.899910634495,0.333333333333,0.55368786202,0.224427173355,0.0377358490566,0.0160642570281,0.114207086343,0.85,0.176470588235,0.905131757353,0.534509803922,0.529411764706,0.176470588235,1.0,1.0,0.13764227212,0.767492925825,0.619607457128,0.584190727518,0.3400842257,0.749555980808
0.910634495085,0.0222222222222,0.877066769066,1.0,0.989708404803,1.0,1.0,0.65,0.0,0.61700529608,0.210588235294,0.176470588235,0.0,0.411764705882,0.953895071542,0.0284195127981,0.193247006813,0.017894514584,0.0,0.0,0.00625064341297
1.0,0.4,0.763221980018,0.905933222778,1.0,0.949799196787,0.897488820089,0.35,0.0,0.3520038132,0.111960784314,0.0,0.0,0.176470588235,0.781001589825,0.0,0.0841576916302,0.0,0.00232679837146,0.00619189537837,0.0
0.898123324397,0.222222222222,0.576940106256,0.320695333302,0.0977701543739,0.0461847389558,0.338493292054,0.15,0.176470588235,0.0,0.176470588235,0.176470588235,0.176470588235,0.176470588235,0.804054054054,0.138148609084,0.39563399376,0.364535998678,0.345438464248,0.0955243738326,0.548261562901
0.764075067024,0.244444444444,0.559911610023,0.319317279395,0.115494568325,0.10843373494,0.310744180713,0.15,0.176470588235,0.0,0.176470588235,0.176470588235,0.176470588235,0.176470588235,0.768719539211,0.177342682373,0.323243144987,0.31781394118,0.314068969014,0.106084744793,0.453512456132
0.849865951743,0.0222222222222,0.877064534894,0.725376045219,0.515151515152,0.213855421687,0.797844283912,0.425,0.0,0.322819545935,0.133431372549,0.176470588235,0.0,0.176470588235,0.953895071542,0.0382220489453,0.375080926994,0.161103418312,0.0724508917988,0.0140698519779,0.325165096926
0.906166219839,0.0444444444444,0.634618760754,0.324105432802,0.10405946255,0.0321285140562,0.164774681803,0.15,0.0,0.0923226905262,0.168235294118,0.176470588235,0.176470588235,0.176470588235,1.0,0.135873351093,0.423373020989,0.378625756066,0.330663139086,0.20006664531,0.567800183493
0.53708668454,0.177777777778,0.523628553604,0.267745363666,0.101200686106,0.0321285140562,0.150212131636,0.15,0.176470588235,0.0,0.176470588235,0.176470588235,0.176470588235,0.176470588235,0.878378378378,0.249693670758,0.413190036712,0.394299691544,0.338965295708,0.215815680847,0.573294086165
0.83199285076,0.333333333333,0.607041111413,0.379326855701,0.156089193825,0.317269076305,0.371173030616,0.35,0.0,0.0879442397659,0.176666666667,0.176470588235,0.176470588235,0.176470588235,0.638253638254,0.15717896611,0.19570532367,0.234201759938,0.257228724584,0.0847076429301,0.253930153868
0.954423592493,0.4,0.502748599511,0.210687508759,0.0857632933105,0.039156626506,0.1043458319,0.15,0.0,0.0252288243003,0.175882352941,0.176470588235,0.176470588235,0.176470588235,0.550476947536,0.122395585228,0.317404030775,0.412119641048,0.369646740103,0.280980296909,0.560572217146
0.725647899911,0.311111111111,0.496400024166,0.254481594805,0.101772441395,0.0321285140562,0.192179795895,0.15,0.176470588235,0.0,0.176470588235,0.176470588235,0.176470588235,0.176470588235,0.669341216216,0.189040383076,0.371571243199,0.384447282354,0.33794908824,0.174980618981,0.573294086165
0.995531724754,0.377777777778,0.469112225113,0.24712418835,0.084619782733,0.0200803212851,0.221878224974,0.15,0.0,0.0435512144538,0.174705882353,0.176470588235,0.176470588235,0.176470588235,0.578862444534,0.111144376465,0.420191327078,0.411404978316,0.372099731261,0.15038668984,0.596083608361
0.963360142985,0.111111111111,0.581419588669,0.290462815901,0.110348770726,0.0481927710843,0.230478156175,0.15,0.0,0.0356192317301,0.175294117647,0.176470588235,0.176470588235,0.176470588235,1.0,0.119931914091,0.384042269525,0.365325528941,0.322684186631,0.147084853609,0.539637686107
0.670241286863,0.2,0.457354703203,0.220722193675,0.0834762721555,0.0240963855422,0.127966976264,0.15,0.176470588235,0.0,0.176470588235,0.176470588235,0.176470588235,0.176470588235,0.840586349061,0.206289253193,0.424395066951,0.443368154492,0.37459337973,0.244207025216,0.588347715505
0.815907059875,0.111111111111,0.474378740065,0.219749964965,0.0485991995426,0.0150602409639,0.119596376562,0.15,0.176470588235,0.0,0.176470588235,0.176470588235,0.176470588235,0.176470588235,1.0,0.161896805525,0.416637419242,0.463155672679,0.465950796758,0.256083449294,0.605971391708
0.519213583557,0.133333333333,0.543133076568,0.361447190171,0.146369353917,0.136546184739,0.401100791194,0.15,0.176470588235,0.0,0.176470588235,0.176470588235,0.176470588235,0.176470588235,0.958011583012,0.255740432759,0.312000291547,0.272579350468,0.26926040576,0.0760809907743,0.417593408976
0.931188561215,0.177777777778,0.527100789143,0.312202200215,0.116638078902,0.0793172690763,0.37736498108,0.625,0.176470588235,0.0798912769511,0.178333333333,0.176470588235,0.176470588235,0.176470588235,0.878378378378,0.128847971464,0.338579714177,0.329993517829,0.312204895029,0.0828333577306,0.494770012787
0.993744414656,0.177777777778,0.589942419027,0.36520764236,0.130931961121,0.0712851405622,0.354431831212,0.15,0.0,0.0356192317301,0.175294117647,0.176470588235,0.176470588235,0.176470588235,0.878378378378,0.111629248609,0.368957057979,0.29687114183,0.290313258216,0.0900434120374,0.507058505851
0.950848972297,0.377777777778,0.657378107221,0.392254869902,0.141223556318,0.0803212851406,0.329549363605,0.15,0.0,0.0356192317301,0.175294117647,0.176470588235,0.176470588235,0.176470588235,0.578862444534,0.123383843685,0.342502120327,0.290808037129,0.276007423875,0.0987669029735,0.488774723263
0.531724754245,0.133333333333,0.469485207789,0.273818143598,0.12235563179,0.0602409638554,0.246187363834,0.15,0.176470588235,0.0,0.176470588235,0.176470588235,0.176470588235,0.176470588235,0.958011583012,0.251502025453,0.313795433082,0.338511011256,0.303151620477,0.137877830958,0.52462493707
0.739052725648,0.355555555556,0.459657062188,0.235947937591,0.101200686106,0.031124497992,0.187019837175,0.15,0.176470588235,0.0,0.176470588235,0.176470588235,0.176470588235,0.176470588235,0.608108108108,0.184935521199,0.371867147023,0.396301829361,0.338965295708,0.179515694672,0.575158683436
0.959785522788,0.244444444444,0.5427671079,0.290918274396,0.120068610635,0.0552208835341,0.275427129916,0.15,0.176470588235,0.0,0.176470588235,0.176470588235,0.176470588235,0.176470588235,0.768719539211,0.120916189244,0.339831524374,0.344077177521,0.306725628753,0.1218821643,0.532898600205
0.830205540661,0.111111111111,0.538350652373,0.244467347129,0.0354488279017,0.00803212851406,0.16867331728,0.15,0.176470588235,0.0,0.176470588235,0.176470588235,0.176470588235,0.176470588235,1.0,0.157701426774,0.481047761191,0.469655732283,0.510728774406,0.196225774556,0.620175388967
0.972296693476,0.622222222222,0.643983979954,0.372967954407,0.169239565466,0.349397590361,0.343767916523,0.85,0.176470588235,0.89652220925,0.650196078431,0.764705882353,0.176470588235,1.0,0.755067567568,0.147334083613,0.401430131894,0.345638285047,0.317063497927,0.117106546897,0.38020844043
0.197497765862,0.711111111111,0.194801932712,0.0115733171393,0.0,0.00401606425703,0.0,0.85,1.0,0.0,1.0,1.0,1.0,1.0,0.894858272907,1.0,0.775609559363,1.0,1.0,1.0,1.0
0.478105451296,0.666666666667,0.347138121129,0.144161372448,0.105774728416,0.0672690763052,0.106753812636,0.85,0.529411764706,0.255272550585,0.967843137255,1.0,1.0,1.0,0.951013513514,0.521369404834,0.645884003769,0.630187567647,0.501682875043,0.417928220584,0.791305416015
0.955317247542,0.355555555556,0.417219521609,0.204241019293,0.10863350486,0.0883534136546,0.0736154110767,0.85,0.176470588235,0.826878451969,0.656862745098,0.764705882353,0.176470588235,1.0,0.841377091377,0.122148770174,0.583895089381,0.530624205687,0.443551132661,0.371503783045,0.620175388967
0.797140303843,0.666666666667,0.311562379646,0.112343509133,0.041166380789,0.0160642570281,0.0512555899553,0.85,0.176470588235,0.901134703924,0.705882352941,1.0,0.176470588235,1.0,0.951013513514,0.249994726907,0.795982350797,0.709963943099,0.63110370873,0.511484061306,0.90904228077
0.95799821269,0.266666666667,0.798754544251,0.586350259261,0.21726700972,0.138554216867,0.664946680427,0.15,0.176470588235,0.0,0.176470588235,0.176470588235,0.176470588235,0.176470588235,0.734524847428,0.12140892299,0.336591274619,0.221078284045,0.197439571446,0.0297433024751,0.415202704414
0.808757819482,0.422222222222,0.673852096616,0.464433362919,0.174957118353,0.135542168675,0.563811489508,0.15,0.176470588235,0.0,0.176470588235,0.176470588235,0.176470588235,0.176470588235,0.522914218566,0.164005014029,0.336664527334,0.25877956661,0.236023906384,0.0430682464433,0.418815324641
0.985701519214,0.422222222222,0.408713996533,0.249556219928,0.125214408233,0.164658634538,0.195275771127,0.85,0.176470588235,0.839086106023,0.598823529412,0.764705882353,0.176470588235,1.0,0.650705052879,0.230994208944,0.526779179075,0.425949364939,0.40411864465,0.216856144322,0.508652814861
0.941912421805,0.777777777778,0.640384793577,0.460156140515,0.176100628931,0.105421686747,0.60176585254,0.15,0.176470588235,0.0,0.176470588235,0.176470588235,0.176470588235,0.176470588235,0.170111287758,0.125861498751,0.311264226463,0.257303348725,0.234847711376,0.0376110100581,0.457849527381
0.93655049151,0.111111111111,0.703277003183,0.534900966973,0.242995997713,0.174698795181,0.555670221305,0.15,0.176470588235,0.0,0.176470588235,0.176470588235,0.176470588235,0.176470588235,1.0,0.127352917413,0.295123249246,0.202433989304,0.177661700503,0.0443303079053,0.37468821492
0.938337801609,0.355555555556,0.7353782053,0.56650569907,0.241280731847,0.305220883534,0.622405687421,0.15,0.176470588235,0.0,0.176470588235,0.176470588235,0.176470588235,0.176470588235,0.608108108108,0.126855374582,0.264652836506,0.185250251322,0.178867873495,0.0349099216292,0.261625089883
0.923145665773,0.866666666667,0.669448173085,0.437689774373,0.180102915952,0.154618473896,0.488476092191,0.15,0.0,0.0252288243003,0.175882352941,0.176470588235,0.176470588235,0.176470588235,0.101730944428,0.131097398026,0.208281713238,0.234873299218,0.23068335076,0.0560379943158,0.396478116222
