0.980372914622,0.104166666667,0.79878656918,0.607898502096,0.434993924666,0.349306431274,0.451302224634
0.977428851816,0.25,0.437908012551,0.16812911776,0.159173754557,0.0958385876419,0.034997287032
0.917566241413,0.520833333333,0.860627823121,0.642853826642,0.388821385176,0.44262295082,0.486028214867
0.869479882237,0.0,1.0,0.840510528382,0.538274605103,0.459016393443,0.794357026587
0.824337585868,0.4375,0.524397902725,0.625359281816,0.623329283111,0.892812105927,0.540151926207
0.612365063788,0.791666666667,0.443540728663,0.561125390937,0.601458080194,0.559899117276,0.46880086815
0.972522080471,0.833333333333,0.836227241575,0.75495819458,0.634264884569,0.609079445145,0.609739555073
0.986261040236,0.75,0.807575302135,0.789702487222,0.600243013366,0.554854981084,0.739690721649
0.966633954858,0.3125,0.672915439115,0.585583988587,0.520048602673,0.43631778058,0.462696690179
0.984298331698,0.645833333333,0.61196448488,0.623586613824,0.623329283111,0.528373266078,0.516277807922
0.962708537782,0.416666666667,0.868714381615,0.961153247148,0.980558930741,0.769230769231,0.912235485621
0.687929342493,0.229166666667,0.815708690699,1.0,1.0,1.0,1.0
0.818449460255,0.1875,0.920155017697,0.96827768422,0.827460510328,0.930643127364,0.896093326099
0.940137389598,0.604166666667,0.903738371417,0.650611359425,0.411907654921,0.205548549811,0.52495930548
0.998037291462,0.25,0.73255899523,0.720792129354,0.6609963548,0.583858764187,0.584644601194
0.930323846909,0.729166666667,0.921729306443,0.738113628018,0.511543134872,0.514501891551,0.604313619099
0.944062806673,0.375,0.84986574537,0.714819926476,0.530984204131,0.518284993695,0.541508410201
0.84985279686,0.8125,0.823827163231,0.687052348574,0.569866342649,0.529634300126,0.496880086815
0.948969578018,0.708333333333,0.801124163865,0.813570195542,0.775212636695,0.798234552333,0.633478024959
0.978410206084,0.666666666667,0.670406819891,0.555794725047,0.47752126367,0.465321563682,0.39365165491
0.996074582924,0.3125,0.934876579923,0.593206460953,0.251518833536,0.0996216897856,0.442349430277
0.909715407262,0.145833333333,0.711846111385,0.47817297019,0.243013365735,0.131147540984,0.257596310364
0.985279685967,0.270833333333,0.875743185773,0.669633775234,0.476306196841,0.469104665826,0.475176342919
0.977428851816,0.291666666667,0.56587239594,0.541018271142,0.541919805589,0.452711223203,0.44791101465
0.244357212954,0.0833333333333,0.420036786605,0.41225082408,0.454434993925,0.452711223203,0.306022788931
1.0,0.666666666667,0.514515943743,0.420396655566,0.397326852977,0.25472887768,0.230602278893
0.977428851816,0.645833333333,0.750023410799,0.679041577506,0.617253948967,0.694829760404,0.546934346175
0.941118743867,0.604166666667,0.782001094027,0.796341550916,0.691373025516,0.829760403531,0.738062940857
0.917566241413,0.645833333333,0.815726961237,0.773326411487,0.600243013366,0.583858764187,0.652740097667
0.912659470069,0.791666666667,0.611295259892,0.555680767818,0.515188335358,0.508196721311,0.451302224634
0.979391560353,0.4375,0.775316078507,0.592624012898,0.473876063183,0.495586380832,0.432447097124
0.890088321884,0.75,0.856289483173,0.683992385969,0.538274605103,0.564943253468,0.496473141617
0.93817468106,0.229166666667,0.670996306016,0.530867636569,0.462940461725,0.481715006305,0.350786760716
0.822374877331,0.270833333333,0.693745998347,0.652949592919,0.609963547995,0.547288776797,0.563076505697
0.960745829244,0.270833333333,0.756961351588,0.735779615162,0.652490886999,0.62421185372,0.634427563755
0.817468105986,0.458333333333,0.842881158168,0.647179980669,0.5042527339,0.504413619168,0.360282148671
0.753680078508,0.6875,0.930702461373,0.775267905002,0.534629404617,0.549810844893,0.593326098752
0.925417075564,0.479166666667,0.951338495737,0.779779767105,0.575941676792,0.580075662043,0.519126424308
0.945044160942,0.708333333333,0.792448742568,0.549307604324,0.400972053463,0.336696090794,0.309549647314
0.966633954858,0.625,0.973230763455,0.787465549042,0.51397326853,0.451450189155,0.682582745524
0.948969578018,0.5,0.807661572758,0.578750775542,0.393681652491,0.494325346784,0.29584915898
0.505397448479,0.458333333333,0.703612548523,0.470373231025,0.227217496962,0.136191677175,0.273060227889
0.527968596663,0.354166666667,0.558875974707,0.31236942401,0.18347509113,0.0945775535939,0.121134020619
0.0,1.0,0.0,0.0303126226623,0.205346294046,0.0756620428752,0.00963103635377
0.958783120707,0.8125,0.357524019305,0.147359357788,0.224787363305,0.205548549811,0.0421866521975
0.724239450442,0.208333333333,0.511165930988,0.316218645935,0.245443499392,0.199243379571,0.103635377103
0.89401373896,0.104166666667,0.579738842203,0.151419611617,0.0,0.0,0.0166847531199
0.752698724239,0.0833333333333,0.651694708859,0.342420367111,0.21142162819,0.0907944514502,0.0640260444927
0.889106967615,0.104166666667,0.352283901213,0.0597346906905,0.105710814095,0.0857503152585,0.00569723277265
0.951913640824,0.0833333333333,0.848485973877,0.39430467098,0.145808019441,0.0706179066835,0.0575149213239
0.531894013739,0.125,0.822738118869,0.376548446594,0.0704738760632,0.0302648171501,0.0486977753663
0.776251226693,0.270833333333,0.222142034253,0.0,0.0716889428919,0.0857503152585,0.00488334237656
0.870461236506,0.354166666667,0.461458776552,0.240930903934,0.18347509113,0.1210592686,0.0541237113402
0.764474975466,0.166666666667,0.350618199128,0.0509008951973,0.0680437424058,0.0756620428752,0.0
0.873405299313,0.125,0.658514611266,0.381132059545,0.246658566221,0.1210592686,0.109739555073
