0.997198879552,1.0,1.0,1.0,1.0,1.0,1.0
0.988795518207,0.72972972973,0.850112961177,0.822029608088,0.809187279152,0.922480620155,0.774922420481
0.72268907563,0.162162162162,0.287458366393,0.111514741774,0.0737001514387,0.0885935769657,0.0241466252909
0.193277310924,0.0,0.095032741352,0.0268795378123,0.0625946491671,0.0797342192691,0.0241466252909
0.647058823529,0.0,0.259070092665,0.0872893541244,0.0550227158001,0.0664451827243,0.0120248254461
0.837535014006,0.0540540540541,0.177430618013,0.0700608303398,0.0747097425543,0.0708748615725,0.0321955003879
0.0,0.216216216216,0.168539116152,0.154540764091,0.155477031802,0.37984496124,0.137703646237
0.963585434174,0.0,0.263909200378,0.139613797699,0.0923775870772,0.0753045404208,0.0748642358417
0.952380952381,0.135135135135,0.32804633823,0.172100854471,0.10095911156,0.372093023256,0.0897013188518
0.806722689076,0.351351351351,0.590087732118,0.337848569492,0.107016658253,0.380952380952,0.191330488751
0.663865546218,0.135135135135,0.337240391354,0.15744399355,0.090358404846,0.0708748615725,0.0551784328937
0.627450980392,0.108108108108,0.0,0.0247316332324,0.0726905603231,0.0442967884828,0.0422808378588
0.112044817927,0.027027027027,0.111857643429,0.0373813032023,0.0681474003029,0.0354374307863,0.019685802948
0.540616246499,0.0,0.338382450966,0.0796859659991,0.0121150933872,0.0,0.0408262218774
0.355742296919,0.72972972973,0.602168555304,0.329266655561,0.0969207470974,0.0753045404208,0.170384018619
0.837535014006,0.324324324324,0.671816325609,0.388046134661,0.10095911156,0.194905869324,0.386636927851
0.988795518207,0.027027027027,0.683150756179,0.250638467871,0.0802624936901,0.0221483942414,0.0407292474787
0.504201680672,0.0,0.287782614083,0.0724044400811,0.0,0.0,0.0318076027929
0.941176470588,0.0,0.408620417873,0.168532874424,0.0691569914185,0.0487264673311,0.0542086889061
0.770308123249,0.0,0.410682938977,0.106313189719,0.0232205956588,0.062015503876,0.00872769588829
0.745098039216,0.0,0.530665868363,0.23311234285,0.0772337203433,0.0299003322259,0.0636152055857
0.943977591036,0.243243243243,0.487981458659,0.254335839761,0.154467440687,0.136212624585,0.131594259116
1.0,0.783783783784,0.430188887941,0.165595679606,0.0873296314992,0.0564784053156,0.0507176105508
0.96918767507,0.162162162162,0.538842050391,0.336658164544,0.148409893993,0.425249169435,0.176978277735
0.977591036415,0.0540540540541,0.794959412665,0.546533349939,0.207470974255,0.557032115172,0.528995345229
0.960784313725,0.216216216216,0.542158141343,0.325426952644,0.173144876325,0.451827242525,0.178238944919
0.705882352941,0.216216216216,0.506859127988,0.366198322111,0.180212014134,0.451827242525,0.270267649341
0.960784313725,0.135135135135,0.510795386254,0.269853156433,0.097930338213,0.229235880399,0.0850465477114
0.551820728291,0.189189189189,0.607426654721,0.28878480034,0.10095911156,0.132890365449,0.0676881303336
0.985994397759,0.189189189189,0.523319333827,0.209647132272,0.0777385159011,0.0664451827243,0.022110162917
0.859943977591,0.027027027027,0.168581159059,0.0304070829094,0.0388692579505,0.0664451827243,0.011636927851
0.310924369748,0.0,0.106375710956,0.0,0.0444220090863,0.062015503876,0.00814584949573
0.871148459384,0.0,0.389175050976,0.156061118237,0.0686521958607,0.0841638981174,0.0282195500388
0.901960784314,0.0,0.277912397813,0.0996090748969,0.0615850580515,0.0575858250277,0.0120248254461
0.985994397759,0.108108108108,0.57827470142,0.195480342953,0.0630994447249,0.0664451827243,0.0176493405741
0.983193277311,0.135135135135,0.485275421625,0.223386928513,0.0742049469965,0.0520487264673,0.0450930954228
0.78431372549,0.027027027027,0.632259944182,0.277501831703,0.0908632004038,0.062015503876,0.0496508921645
0.991596638655,0.297297297297,0.551625829795,0.261272859899,0.0757193336699,0.0753045404208,0.130624515128
0.955182072829,0.0540540540541,0.581408127338,0.330348694841,0.097930338213,0.184939091916,0.172614429791
1.0,0.0540540540541,0.605403853156,0.340898982171,0.111055022716,0.385382059801,0.155740884407
0.901960784314,0.0540540540541,0.637473963889,0.350449717521,0.102473498233,0.0974529346622,0.208785880528
0.773109243697,0.162162162162,0.607062356419,0.35633704634,0.143866733973,0.184939091916,0.250484871994
0.837535014006,0.027027027027,0.39957970609,0.135478110944,0.0156486622918,0.0265780730897,0.0303529868115
0.554621848739,0.0,0.373181636861,0.169320547263,0.0630994447249,0.0664451827243,0.0410201706749
0.966386554622,0.0,0.575849558808,0.359355111059,0.104997476022,0.141749723145,0.411074476338
0.781512605042,0.864864864865,0.584769566572,0.284831879562,0.0711761736497,0.0531561461794,0.102114041893
0.602240896359,0.0810810810811,0.416382367667,0.262686465775,0.097930338213,0.116279069767,0.138673390225
0.918767507003,0.0540540540541,0.588340043452,0.222379289542,0.022715800101,0.0398671096346,0.0399534522886
0.857142857143,0.0810810810811,0.521576580473,0.174924831427,0.00858152448258,0.031007751938,0.0109581070597
0.767507002801,0.027027027027,0.510536010872,0.267714956241,0.0817768803635,0.0531561461794,0.136442979054
0.93837535014,0.108108108108,0.371016779293,0.113080383065,0.0196870267542,0.0387596899225,0.0163886733902
0.675070028011,0.0,0.233635457828,0.0539725721643,0.00504795557799,0.0166112956811,0.0233708301009
0.386554621849,0.0,0.268877738451,0.0573416122547,0.00908632004038,0.0265780730897,0.0155159038014
0.565826330532,0.027027027027,0.314695897391,0.0757136364445,0.00807672892479,0.0442967884828,0.0
0.417366946779,0.027027027027,0.485839238261,0.15243491186,0.00605754669359,0.0354374307863,0.0272498060512
0.767507002801,0.027027027027,0.269017343274,0.0613624637501,0.00757193336699,0.00885935769657,0.0226920093095
0.669467787115,0.459459459459,0.689211022846,0.367212430674,0.120141342756,0.21926910299,0.1718386346
0.991596638655,0.0,0.623063642361,0.256736058433,0.0656234225139,0.0575858250277,0.0469356089992
0.397759103641,0.027027027027,0.543382452009,0.214077185469,0.0307925290257,0.047619047619,0.0227889837083
