0.955882352941,0.0877234623448,0.421777383398,0.177683137415,0.1638082605,0.0757240780171,0.264251251342
0.689655172414,0.00941750727214,0.270114550013,0.589326553297,0.516288871234,0.71188390593,0.718431003742
0.424757281553,0.0372301653092,0.220926675293,0.134465645008,0.237521004525,0.0783026131428,0.144869730643
0.951086956522,0.16499276603,0.413409376695,0.0821812735536,0.097006507574,0.0,0.129924686409
0.597014925373,0.621021337015,0.274643004047,0.0836353364891,0.145415569265,0.0864029962069,0.0315155735086
0.226063829787,0.432390373874,0.0387054904839,0.0681225433306,0.150093239253,0.104304306245,0.108208103266
0.363372093023,0.0116715152384,0.0489068327777,0.0596753558212,0.114257459157,0.0544660564292,0.140365049141
0.545212765957,0.00537170333872,0.295564430266,0.11446575764,0.145262521434,0.04064956761,0.206747561945
0.91796875,0.365801034931,0.523694816774,0.240487104599,0.20844563354,0.106930405114,0.387289301686
0.545212765957,0.527683431266,0.327455398226,0.134105408561,0.140843791011,0.0872935634995,0.182294050558
0.721153846154,0.45492131154,0.388135223442,0.00266877657742,0.0,0.0123818632147,0.00357096285597
0.913461538462,0.562683677532,0.424639861218,0.00619661490498,0.0175771116178,0.00978555456234,0.0
1.0,0.114563891869,0.238329704826,0.0,0.0864664492993,0.0187751983528,0.00781718566094
0.913461538462,0.0266626109307,1.0,0.51197609246,0.33511929536,0.113691140753,0.860682827998
0.758928571429,0.0,0.474578891475,0.155492272159,0.146148489236,0.0732897747964,0.260438504542
0.712209302326,0.434127913257,0.530942932783,0.228682550767,0.211073091114,0.0850428171336,0.272381804733
0.790441176471,0.250154473623,0.555157497541,0.223898598973,0.206213613375,0.0910925162907,0.280740697471
0.284090909091,0.582179949703,0.319446928268,0.203141007189,0.198557141826,0.110322100677,0.352115250228
0.859375,0.247645854114,0.101042800841,0.0315840379892,0.0976461218741,0.0639334872086,0.0478698765122
0.528846153846,0.1711904899,0.205711915916,0.16243621045,0.184125443708,0.101676418145,0.216811309043
0.594262295082,0.000893489014305,0.656597663052,0.429113049479,0.368001401482,0.075540766894,0.735769945809
0.872641509434,0.0409290906431,0.588900046946,0.421623851969,0.380087984258,0.203822098755,0.637926624738
0.8125,0.101798581133,0.236613004645,0.156575273871,0.192302710989,0.0799939298432,0.215239668975
0.735294117647,0.00941750727214,0.530703503796,0.252203519634,0.156955807634,0.119218128702,0.401875813986
1.0,0.468588287328,0.322957074728,0.237279414428,0.223479042996,0.216113184679,0.251663565271
0.859375,0.269387393954,0.527477886675,0.368817436899,0.284585030672,0.252407794739,0.552383316783
0.941558441558,0.284783422282,0.423614062234,0.160426663817,0.170251949637,0.101155657276,0.0869232304412
0.8,0.269387393954,0.42822311026,0.122920311808,0.150898022164,0.0394305793304,0.0756494563542
0.689655172414,0.0372301653092,0.418503552289,0.146073746209,0.157362452888,0.0451935022097,0.19705309297
0.758928571429,0.266330797182,0.603098044988,0.320602396753,0.258481368351,0.158679067333,0.42475437279
0.833333333333,0.37087271164,0.564441046871,0.294348590583,0.225044422732,0.139467221742,0.43210882409
0.51724137931,0.322573106368,0.496193775694,0.220462944647,0.167266804633,0.107587368638,0.321054825608
0.921052631579,0.276035783992,0.769481786546,0.377583392439,0.253467083384,0.192626416297,0.420411710982
0.885416666667,1.0,0.817691978492,0.28166056911,0.190658383644,0.0943244533945,0.301106050748
0.886075949367,0.70827224927,0.549965297498,0.179394195002,0.161269732748,0.0763541447356,0.180273880262
0.833333333333,0.0993596443704,0.795866657116,0.355795450526,0.261720380591,0.18681277942,0.4523784024
0.758928571429,0.351574452237,0.557162164067,0.21359048747,0.189811730721,0.0737580491056,0.273347460547
0.913461538462,0.561321084231,0.531962599783,0.199175691384,0.17151861667,0.105305062308,0.20928371768
0.712209302326,0.0243783481545,0.641298130563,0.412200048146,0.350674952566,0.257325629559,0.589432056413
0.807926829268,0.243143112731,0.492078155489,0.209592795301,0.178907194717,0.0482379158608,0.354977243715
0.357142857143,0.0747710396586,0.18448316832,0.202234546088,0.285562055695,0.183643364308,0.217892277108
0.552884615385,0.249250785214,0.356827789646,0.343713495155,0.387376213369,0.180953271959,0.593237649841
0.535714285714,0.236618312393,0.386515652915,0.493614824415,0.457372842148,0.377861464439,0.694883071867
0.0,0.570411212914,0.029460680368,0.552029844649,0.45151262955,0.865530920938,0.790233074362
0.0735294117647,0.0180069624378,0.0,0.437802426666,0.394814715246,0.666234335235,0.481674769912
0.758928571429,0.131970470573,0.313062066355,0.380341358121,0.367686039789,0.429226829631,0.464434522381
0.955882352941,0.0483632943853,0.85052893888,1.0,1.0,0.79790122486,1.0
1.0,0.117529620342,0.614127222062,0.525613360165,0.399110233738,0.551402803317,0.704868390403
0.955882352941,0.0506964824321,0.173911474501,0.715090114562,0.63118245296,0.929153196311,0.732249515446
1.0,0.0211881438962,0.681075827267,0.642632927749,0.525550371621,0.589270084033,0.775314974253
0.913461538462,0.234434498515,0.839908017247,0.727312137817,0.709892859952,0.616914260024,0.886268343816
0.847457627119,0.214952920927,0.167861205789,0.834575152884,0.742039283608,1.0,0.792976939203
0.535714285714,0.0596063802918,0.255587896383,0.508000964338,0.45151262955,0.64392849088,0.643751971206
1.0,0.111605652609,0.348084478023,0.830600538723,0.733183505156,0.953444638506,0.775314974253
0.913461538462,0.0581949256453,0.398319024295,0.405481158172,0.350692024292,0.415667182732,0.62848946265
