0.980372914622,0.104166666667,0.79878656918,0.607898502096,0.434993924666,0.349306431274,0.451302224634,0.235294117647,1.0,0.139207111108,0.0634846357822,0.0,0.0,0.2,0.955882352941,0.0877234623448,0.421777383398,0.177683137415,0.1638082605,0.0757240780171,0.264251251342
0.977428851816,0.25,0.437908012551,0.16812911776,0.159173754557,0.0958385876419,0.034997287032,0.235294117647,1.0,0.226269748453,0.0837622835751,0.0,0.0,0.2,0.689655172414,0.00941750727214,0.270114550013,0.589326553297,0.516288871234,0.71188390593,0.718431003742
0.917566241413,0.520833333333,0.860627823121,0.642853826642,0.388821385176,0.44262295082,0.486028214867,1.0,1.0,0.371925169599,0.0469505537358,0.0,0.0,0.0,0.424757281553,0.0372301653092,0.220926675293,0.134465645008,0.237521004525,0.0783026131428,0.144869730643
0.869479882237,0.0,1.0,0.840510528382,0.538274605103,0.459016393443,0.794357026587,1.0,0.0,0.205906951901,0.0146622991733,0.0,0.0,0.0,0.951086956522,0.16499276603,0.413409376695,0.0821812735536,0.097006507574,0.0,0.129924686409
0.824337585868,0.4375,0.524397902725,0.625359281816,0.623329283111,0.892812105927,0.540151926207,0.705882352941,1.0,0.763711804257,0.680549056309,0.466666666667,0.428571428571,0.733333333333,0.597014925373,0.621021337015,0.274643004047,0.0836353364891,0.145415569265,0.0864029962069,0.0315155735086
0.612365063788,0.791666666667,0.443540728663,0.561125390937,0.601458080194,0.559899117276,0.46880086815,0.705882352941,1.0,0.831267706026,0.458118858212,0.2,0.0,0.466666666667,0.226063829787,0.432390373874,0.0387054904839,0.0681225433306,0.150093239253,0.104304306245,0.108208103266
0.972522080471,0.833333333333,0.836227241575,0.75495819458,0.634264884569,0.609079445145,0.609739555073,0.705882352941,1.0,0.652850343801,0.56137888005,0.466666666667,0.428571428571,0.466666666667,0.363372093023,0.0116715152384,0.0489068327777,0.0596753558212,0.114257459157,0.0544660564292,0.140365049141
0.986261040236,0.75,0.807575302135,0.789702487222,0.600243013366,0.554854981084,0.739690721649,0.705882352941,1.0,0.744143685717,0.655591951334,0.466666666667,0.428571428571,0.733333333333,0.545212765957,0.00537170333872,0.295564430266,0.11446575764,0.145262521434,0.04064956761,0.206747561945
0.966633954858,0.3125,0.672915439115,0.585583988587,0.520048602673,0.43631778058,0.462696690179,0.705882352941,1.0,0.789651575302,0.586335985026,0.466666666667,0.428571428571,0.466666666667,0.91796875,0.365801034931,0.523694816774,0.240487104599,0.20844563354,0.106930405114,0.387289301686
0.984298331698,0.645833333333,0.61196448488,0.623586613824,0.623329283111,0.528373266078,0.516277807922,0.705882352941,1.0,0.694122817974,0.543908906567,0.466666666667,0.428571428571,0.466666666667,0.545212765957,0.527683431266,0.327455398226,0.134105408561,0.140843791011,0.0872935634995,0.182294050558
0.962708537782,0.416666666667,0.868714381615,0.961153247148,0.980558930741,0.769230769231,0.912235485621,0.705882352941,1.0,0.988633461706,0.563562626735,0.466666666667,0.0,0.733333333333,0.721153846154,0.45492131154,0.388135223442,0.00266877657742,0.0,0.0123818632147,0.00357096285597
0.687929342493,0.229166666667,0.815708690699,1.0,1.0,1.0,1.0,0.705882352941,1.0,0.917496075605,0.917953517392,0.733333333333,1.0,1.0,0.913461538462,0.562683677532,0.424639861218,0.00619661490498,0.0175771116178,0.00978555456234,0.0
0.818449460255,0.1875,0.920155017697,0.96827768422,0.827460510328,0.930643127364,0.896093326099,0.705882352941,1.0,0.995182466262,0.868819216971,0.733333333333,1.0,1.0,1.0,0.114563891869,0.238329704826,0.0,0.0864664492993,0.0187751983528,0.00781718566094
0.940137389598,0.604166666667,0.903738371417,0.650611359425,0.411907654921,0.205548549811,0.52495930548,0.705882352941,1.0,0.919960344228,0.879893932304,0.733333333333,1.0,1.0,0.913461538462,0.0266626109307,1.0,0.51197609246,0.33511929536,0.113691140753,0.860682827998
0.998037291462,0.25,0.73255899523,0.720792129354,0.6609963548,0.583858764187,0.584644601194,0.764705882353,0.0,0.759590258722,0.817345187958,0.466666666667,1.0,0.733333333333,0.758928571429,0.0,0.474578891475,0.155492272159,0.146148489236,0.0732897747964,0.260438504542
0.930323846909,0.729166666667,0.921729306443,0.738113628018,0.511543134872,0.514501891551,0.604313619099,0.705882352941,1.0,0.723011967652,0.781313367649,0.466666666667,1.0,0.733333333333,0.712209302326,0.434127913257,0.530942932783,0.228682550767,0.211073091114,0.0850428171336,0.272381804733
0.944062806673,0.375,0.84986574537,0.714819926476,0.530984204131,0.518284993695,0.541508410201,0.705882352941,1.0,0.779181223816,0.753548588364,0.466666666667,1.0,0.733333333333,0.790441176471,0.250154473623,0.555157497541,0.223898598973,0.206213613375,0.0910925162907,0.280740697471
0.84985279686,0.8125,0.823827163231,0.687052348574,0.569866342649,0.529634300126,0.496880086815,0.705882352941,1.0,0.845828095674,0.832787396662,0.466666666667,1.0,1.0,0.284090909091,0.582179949703,0.319446928268,0.203141007189,0.198557141826,0.110322100677,0.352115250228
0.948969578018,0.708333333333,0.801124163865,0.813570195542,0.775212636695,0.798234552333,0.633478024959,0.705882352941,1.0,0.824298655747,0.799719232569,0.466666666667,0.428571428571,0.733333333333,0.859375,0.247645854114,0.101042800841,0.0315840379892,0.0976461218741,0.0639334872086,0.0478698765122
0.978410206084,0.666666666667,0.670406819891,0.555794725047,0.47752126367,0.465321563682,0.39365165491,0.705882352941,1.0,0.388130021378,0.225081890501,0.2,0.0,0.2,0.528846153846,0.1711904899,0.205711915916,0.16243621045,0.184125443708,0.101676418145,0.216811309043
0.996074582924,0.3125,0.934876579923,0.593206460953,0.251518833536,0.0996216897856,0.442349430277,0.235294117647,1.0,0.292511622966,0.105911714241,0.0,0.0,0.2,0.594262295082,0.000893489014305,0.656597663052,0.429113049479,0.368001401482,0.075540766894,0.735769945809
0.909715407262,0.145833333333,0.711846111385,0.47817297019,0.243013365735,0.131147540984,0.257596310364,0.705882352941,1.0,0.526345951183,0.144907190766,0.0,0.0,0.2,0.872641509434,0.0409290906431,0.588900046946,0.421623851969,0.380087984258,0.203822098755,0.637926624738
0.985279685967,0.270833333333,0.875743185773,0.669633775234,0.476306196841,0.469104665826,0.475176342919,0.705882352941,1.0,0.871360303671,0.289970363438,0.0,0.0,0.466666666667,0.8125,0.101798581133,0.236613004645,0.156575273871,0.192302710989,0.0799939298432,0.215239668975
0.977428851816,0.291666666667,0.56587239594,0.541018271142,0.541919805589,0.452711223203,0.44791101465,0.705882352941,1.0,0.938001799305,0.574793323974,0.466666666667,0.428571428571,0.733333333333,0.735294117647,0.00941750727214,0.530703503796,0.252203519634,0.156955807634,0.119218128702,0.401875813986
0.244357212954,0.0833333333333,0.420036786605,0.41225082408,0.454434993925,0.452711223203,0.306022788931,0.705882352941,1.0,0.70716236544,0.375136484168,0.2,0.0,0.466666666667,1.0,0.468588287328,0.322957074728,0.237279414428,0.223479042996,0.216113184679,0.251663565271
1.0,0.666666666667,0.514515943743,0.420396655566,0.397326852977,0.25472887768,0.230602278893,0.705882352941,1.0,0.768418464096,0.57697707066,0.466666666667,0.428571428571,0.466666666667,0.859375,0.269387393954,0.527477886675,0.368817436899,0.284585030672,0.252407794739,0.552383316783
0.977428851816,0.645833333333,0.750023410799,0.679041577506,0.617253948967,0.694829760404,0.546934346175,0.705882352941,1.0,0.854610649829,0.828731867103,0.466666666667,1.0,1.0,0.941558441558,0.284783422282,0.423614062234,0.160426663817,0.170251949637,0.101155657276,0.0869232304412
0.941118743867,0.604166666667,0.782001094027,0.796341550916,0.691373025516,0.829760403531,0.738062940857,0.705882352941,1.0,0.734559582633,0.950709717673,0.733333333333,1.0,1.0,0.8,0.269387393954,0.42822311026,0.122920311808,0.150898022164,0.0394305793304,0.0756494563542
0.917566241413,0.645833333333,0.815726961237,0.773326411487,0.600243013366,0.583858764187,0.652740097667,0.705882352941,1.0,0.946086165372,0.737950397754,0.466666666667,0.428571428571,1.0,0.689655172414,0.0372301653092,0.418503552289,0.146073746209,0.157362452888,0.0451935022097,0.19705309297
0.912659470069,0.791666666667,0.611295259892,0.555680767818,0.515188335358,0.508196721311,0.451302224634,0.705882352941,1.0,0.925794218273,0.92044922789,0.733333333333,1.0,1.0,0.758928571429,0.266330797182,0.603098044988,0.320602396753,0.258481368351,0.158679067333,0.42475437279
0.979391560353,0.4375,0.775316078507,0.592624012898,0.473876063183,0.495586380832,0.432447097124,0.705882352941,1.0,0.895640555597,0.764155357978,0.466666666667,0.428571428571,1.0,0.833333333333,0.37087271164,0.564441046871,0.294348590583,0.225044422732,0.139467221742,0.43210882409
0.890088321884,0.75,0.856289483173,0.683992385969,0.538274605103,0.564943253468,0.496473141617,0.705882352941,1.0,0.940005361425,0.7672749961,0.466666666667,0.428571428571,1.0,0.51724137931,0.322573106368,0.496193775694,0.220462944647,0.167266804633,0.107587368638,0.321054825608
0.93817468106,0.229166666667,0.670996306016,0.530867636569,0.462940461725,0.481715006305,0.350786760716,0.705882352941,1.0,0.932504102657,0.821556699423,0.466666666667,0.428571428571,1.0,0.921052631579,0.276035783992,0.769481786546,0.377583392439,0.253467083384,0.192626416297,0.420411710982
0.822374877331,0.270833333333,0.693745998347,0.652949592919,0.609963547995,0.547288776797,0.563076505697,0.705882352941,1.0,0.814974658517,0.973483075963,0.733333333333,1.0,1.0,0.885416666667,1.0,0.817691978492,0.28166056911,0.190658383644,0.0943244533945,0.301106050748
0.960745829244,0.270833333333,0.756961351588,0.735779615162,0.652490886999,0.62421185372,0.634427563755,0.705882352941,1.0,0.786690719912,0.963500233973,0.733333333333,1.0,1.0,0.886075949367,0.70827224927,0.549965297498,0.179394195002,0.161269732748,0.0763541447356,0.180273880262
0.817468105986,0.458333333333,0.842881158168,0.647179980669,0.5042527339,0.504413619168,0.360282148671,0.705882352941,1.0,1.0,1.0,1.0,1.0,1.0,0.833333333333,0.0993596443704,0.795866657116,0.355795450526,0.261720380591,0.18681277942,0.4523784024
0.753680078508,0.6875,0.930702461373,0.775267905002,0.534629404617,0.549810844893,0.593326098752,0.705882352941,1.0,0.814444299624,0.737950397754,0.466666666667,0.428571428571,0.733333333333,0.758928571429,0.351574452237,0.557162164067,0.21359048747,0.189811730721,0.0737580491056,0.273347460547
0.925417075564,0.479166666667,0.951338495737,0.779779767105,0.575941676792,0.580075662043,0.519126424308,0.705882352941,1.0,0.786735441461,0.837154890033,0.466666666667,1.0,0.733333333333,0.913461538462,0.561321084231,0.531962599783,0.199175691384,0.17151861667,0.105305062308,0.20928371768
0.945044160942,0.708333333333,0.792448742568,0.549307604324,0.400972053463,0.336696090794,0.309549647314,0.705882352941,1.0,0.912611652194,0.810014038372,0.466666666667,0.428571428571,1.0,0.712209302326,0.0243783481545,0.641298130563,0.412200048146,0.350674952566,0.257325629559,0.589432056413
0.966633954858,0.625,0.973230763455,0.787465549042,0.51397326853,0.451450189155,0.682582745524,1.0,1.0,0.818848656689,0.529246607394,0.2,0.428571428571,0.466666666667,0.807926829268,0.243143112731,0.492078155489,0.209592795301,0.178907194717,0.0482379158608,0.354977243715
0.948969578018,0.5,0.807661572758,0.578750775542,0.393681652491,0.494325346784,0.29584915898,0.705882352941,1.0,0.698174924695,0.339728591483,0.2,0.0,0.2,0.357142857143,0.0747710396586,0.18448316832,0.202234546088,0.285562055695,0.183643364308,0.217892277108
0.505397448479,0.458333333333,0.703612548523,0.470373231025,0.227217496962,0.136191677175,0.273060227889,1.0,1.0,0.22907605466,0.0313523631259,0.0,0.0,0.0,0.552884615385,0.249250785214,0.356827789646,0.343713495155,0.387376213369,0.180953271959,0.593237649841
0.527968596663,0.354166666667,0.558875974707,0.31236942401,0.18347509113,0.0945775535939,0.121134020619,0.882352941176,1.0,0.126360503117,0.015754172516,0.0,0.0,0.0,0.535714285714,0.236618312393,0.386515652915,0.493614824415,0.457372842148,0.377861464439,0.694883071867
0.0,1.0,0.0,0.0303126226623,0.205346294046,0.0756620428752,0.00963103635377,0.235294117647,1.0,0.166180480425,0.0778349711433,0.0,0.0,0.2,0.0,0.570411212914,0.029460680368,0.552029844649,0.45151262955,0.865530920938,0.790233074362
0.958783120707,0.8125,0.357524019305,0.147359357788,0.224787363305,0.205548549811,0.0421866521975,0.0,1.0,0.141552424155,0.072531586336,0.0,0.0,0.2,0.0735294117647,0.0180069624378,0.0,0.437802426666,0.394814715246,0.666234335235,0.481674769912
0.724239450442,0.208333333333,0.511165930988,0.316218645935,0.245443499392,0.199243379571,0.103635377103,0.0,1.0,0.110794817426,0.0485103727968,0.0,0.0,0.0,0.758928571429,0.131970470573,0.313062066355,0.380341358121,0.367686039789,0.429226829631,0.464434522381
0.89401373896,0.104166666667,0.579738842203,0.151419611617,0.0,0.0,0.0166847531199,0.0,1.0,0.0472064898447,0.0182498830136,0.0,0.0,0.0,0.955882352941,0.0483632943853,0.85052893888,1.0,1.0,0.79790122486,1.0
0.752698724239,0.0833333333333,0.651694708859,0.342420367111,0.21142162819,0.0907944514502,0.0640260444927,0.0,1.0,0.0,0.00545936671346,0.0,0.0,0.0,1.0,0.117529620342,0.614127222062,0.525613360165,0.399110233738,0.551402803317,0.704868390403
0.889106967615,0.104166666667,0.352283901213,0.0597346906905,0.105710814095,0.0857503152585,0.00569723277265,0.0,1.0,0.101567018991,0.042583060365,0.0,0.0,0.0,0.955882352941,0.0506964824321,0.173911474501,0.715090114562,0.63118245296,0.929153196311,0.732249515446
0.951913640824,0.0833333333333,0.848485973877,0.39430467098,0.145808019441,0.0706179066835,0.0575149213239,0.882352941176,1.0,0.23354492047,0.0569333957261,0.0,0.0,0.0,1.0,0.0211881438962,0.681075827267,0.642632927749,0.525550371621,0.589270084033,0.775314974253
0.531894013739,0.125,0.822738118869,0.376548446594,0.0704738760632,0.0302648171501,0.0486977753663,1.0,1.0,0.287121455719,0.015754172516,0.0,0.0,0.0,0.913461538462,0.234434498515,0.839908017247,0.727312137817,0.709892859952,0.616914260024,0.886268343816
0.776251226693,0.270833333333,0.222142034253,0.0,0.0716889428919,0.0857503152585,0.00488334237656,0.235294117647,1.0,0.247181683045,0.181094992981,0.2,0.0,0.2,0.847457627119,0.214952920927,0.167861205789,0.834575152884,0.742039283608,1.0,0.792976939203
0.870461236506,0.354166666667,0.461458776552,0.240930903934,0.18347509113,0.1210592686,0.0541237113402,0.0,1.0,0.0498478147601,0.0191857744502,0.0,0.0,0.0,0.535714285714,0.0596063802918,0.255587896383,0.508000964338,0.45151262955,0.64392849088,0.643751971206
0.764474975466,0.166666666667,0.350618199128,0.0509008951973,0.0680437424058,0.0756620428752,0.0,0.0882352941176,1.0,0.125635190839,0.0570893776322,0.0,0.0,0.0,1.0,0.111605652609,0.348084478023,0.830600538723,0.733183505156,0.953444638506,0.775314974253
0.873405299313,0.125,0.658514611266,0.381132059545,0.246658566221,0.1210592686,0.109739555073,0.235294117647,1.0,0.00585119766139,0.0,0.0,0.0,0.0,0.913461538462,0.0581949256453,0.398319024295,0.405481158172,0.350692024292,0.415667182732,0.62848946265
