0.881212548467,0.04,0.247690597299,0.129620786047,0.201388888889,0.15015015015,0.0868634520054,0.705882352941,0.5,1.0,0.435132032147,0.0,0.0,1.0,0.973684210526,0.0292902987978,0.800347386594,0.758031702418,0.439631547711,0.565272754673,0.684848046471
0.886852308777,0.1,0.261417054863,0.117660657199,0.136363636364,0.0680680680681,0.0799909869311,0.705882352941,0.5,0.987281650619,0.675086107922,1.0,0.0,1.0,0.851851851852,0.0278042576227,1.0,0.988380467915,0.522720980134,0.758320303142,1.0
0.949242157208,0.5,0.378908258601,0.226907856515,0.233585858586,0.401401401401,0.124943668319,0.735294117647,0.5,0.914823023566,0.697014925373,1.0,0.2,1.0,0.724137931034,0.0253194766252,0.783734966549,0.687315429957,0.393304343465,0.51149133258,0.53513004285
0.998237574903,0.6,0.822911203516,0.59431985132,0.316287878788,0.381381381381,0.515998197386,0.705882352941,0.5,0.632173990938,0.205510907003,0.0,0.0,0.466666666667,0.501831501832,0.00121951013242,0.628070071342,0.401826724777,0.218742933097,0.0739806518294,0.384273865982
0.984138174128,0.48,0.703631400725,0.357167408345,0.243055555556,0.036036036036,0.112100045065,0.235294117647,0.5,0.150908121939,0.067278989667,0.0,0.0,0.2,0.351351351351,0.00368068093448,0.657760846801,0.621058858222,0.294833863968,0.430665846986,0.834228166487
0.951709552344,0.74,0.748874360687,0.639088207471,0.41351010101,0.848848848849,0.487945020279,0.470588235294,0.5,0.247061099711,0.087141216992,0.0,0.0,0.2,0.163522012579,0.0171508495039,0.257781742779,0.1594025476,0.150878517886,0.0913622032001,0.061878901514
0.763130066972,0.0,0.561904893483,0.393926858276,0.280934343434,0.244244244244,0.224538080216,0.235294117647,0.5,0.0881525412297,0.0300803673938,0.0,0.0,0.0,1.0,0.062927624504,0.566291916928,0.416306378805,0.232423869262,0.240865469626,0.42295914409
0.996122664787,0.82,0.717701415075,0.503450856098,0.352904040404,0.55955955956,0.287404236142,0.235294117647,0.5,0.071216709082,0.00918484500574,0.0,0.0,0.0,0.0989010989011,0.000893590407046,0.097952123498,0.175329308855,0.183857317077,0.175823997105,0.162035573599
0.978145928798,0.52,0.489430856793,0.338214315045,0.280303030303,0.413413413413,0.186007210455,0.235294117647,0.5,0.040829477417,0.00459242250287,0.0,0.0,0.0,0.315789473684,0.0050886188285,0.41083532729,0.345523337836,0.226506572442,0.278837275596,0.257692088658
0.994712724709,0.84,0.454726120952,0.281595332751,0.284090909091,0.314314314314,0.134745380802,0.235294117647,0.5,0.0192705207614,0.001607347876,0.0,0.0,0.0,0.0869565217391,0.00121951013242,0.42732794296,0.422544885182,0.227095641512,0.362079861826,0.344819483579
0.941135001762,0.02,0.411527247018,0.270894485018,0.262626262626,0.316316316316,0.158517350158,0.235294117647,0.5,0.0192705207614,0.001607347876,0.0,0.0,0.0,0.960784313725,0.0140042221904,0.558513344623,0.460196262653,0.24307590112,0.318986738526,0.342803734418
0.89072964399,0.06,0.656327185737,0.492740883139,0.32702020202,0.448448448448,0.394547093285,0.735294117647,0.0,0.576131741597,0.133754305396,0.0,0.0,0.2,0.698113207547,0.026788485901,0.520874345848,0.347627009311,0.213390255951,0.116652567004,0.269491090168
0.976383503701,0.5,0.873597094979,0.61821273334,0.32702020202,0.696696696697,0.413812528166,0.764705882353,0.0,0.483183623899,0.0966704936854,0.0,0.0,0.0,0.333333333333,0.00550456499328,0.279465501882,0.217441984833,0.195829715193,0.106485382522,0.121931278204
0.957701797674,0.6,0.636643815145,0.447820439897,0.265151515152,0.403403403403,0.381816133393,0.911764705882,0.5,0.241788861465,0.0690011481056,0.0,0.0,0.2,0.25,0.0099659967379,0.342846060398,0.319744020475,0.255842433053,0.136372087141,0.267878338132
0.989425449418,0.3,0.739407845599,0.480126779799,0.265151515152,0.456456456456,0.202568724651,0.411764705882,0.5,0.0535168743818,0.00619977037887,0.0,0.0,0.0,0.709401709402,0.00244638149301,0.282803157016,0.280831090896,0.241843688386,0.255089403498,0.226097509673
0.97144871343,0.58,0.924211262431,0.974364199915,1.0,0.762762762763,0.920347003155,0.735294117647,0.5,0.255201505263,0.094374282434,0.0,0.0,0.2,0.279069767442,0.00667371279826,0.263654702843,0.0879653108205,0.0,0.00271994747983,0.110816423557
0.970391258372,0.54,0.367903646156,0.228197555048,0.224116161616,0.214214214214,0.151081568274,0.705882352941,0.5,0.450338551271,0.116647531573,0.0,0.0,0.2,0.774891774892,0.00692511083333,0.675407592177,0.547479907604,0.287883982207,0.386820312749,0.487180197966
0.0,0.7,0.0,0.0718763592784,0.165404040404,0.343343343343,0.085398828301,0.705882352941,1.0,0.194458058242,1.0,1.0,1.0,1.0,0.685393258427,1.0,0.658647075644,0.884772685277,0.621890769811,0.771066112967,0.651090138601
0.963694043003,0.74,0.627780709181,0.483919831853,0.325757575758,0.654654654655,0.402884182064,0.705882352941,0.5,0.854860049197,0.655109070034,1.0,0.2,1.0,0.5,0.0157465371271,0.581898374594,0.41469259604,0.284155548763,0.197280637811,0.316183364436
0.892844554106,0.38,0.719708723132,0.716643498733,0.508207070707,0.764764764765,0.686683190626,0.705882352941,0.5,0.499676840991,0.234902411022,0.2,0.0,0.466666666667,0.466666666667,0.0262364343424,0.374328091013,0.173103156249,0.111004790127,0.0426303128384,0.129685494274
0.998590059922,0.12,0.517339131829,0.261528961945,0.251262626263,0.367367367367,0.0961018476791,0.235294117647,0.5,0.230298581659,0.0636050516648,0.0,0.0,0.0,0.785714285714,0.00032448668322,0.388043824335,0.454072193942,0.26119106038,0.470346349901,0.323756759638
0.993655269651,0.8,0.57614930622,0.341094844552,0.241792929293,0.392392392392,0.140829202343,0.235294117647,0.5,0.202260477096,0.0422502870264,0.0,0.0,0.0,0.111111111111,0.00146429337859,0.362786515956,0.396032550581,0.27964077562,0.365748145401,0.286245904104
0.974621078604,0.3,0.355325809846,0.178008814968,0.1875,0.168168168168,0.10094637224,0.235294117647,0.5,0.0382500367918,0.00390355912744,0.0,0.0,0.0,0.538461538462,0.00592135520466,0.487635259172,0.538406479812,0.333799220165,0.443123250281,0.528735301327
0.970391258372,0.1,0.506344142416,0.19124343364,0.125631313131,0.028028028028,0.0864127985579,0.235294117647,0.5,0.0523434369705,0.00551090700344,0.0,0.0,0.0,0.818181818182,0.00692511083333,0.633838370812,0.69198570283,0.447696327023,0.484496807683,0.822966487657
0.902009164611,0.88,0.308923153743,0.15078218391,0.186868686869,0.367367367367,0.102636322668,0.235294117647,0.5,0.0253172535868,0.00298507462687,0.0,0.0,0.0,0.063829787234,0.0238604225161,0.28177525887,0.445450511436,0.334694542048,0.440023153279,0.295359506177
0.513570673246,0.44,0.181940124436,0.047715803978,0.0454545454545,0.02002002002,0.0528391167192,0.235294117647,0.5,0.0253172535868,0.00298507462687,0.0,0.0,0.0,0.388888888889,0.154500479815,0.590713989719,0.845709498912,0.711420142506,0.61307082509,0.845704353485
0.832922100811,0.08,0.256502435904,0.12258523721,0.181186868687,0.132132132132,0.0866381252817,0.235294117647,0.5,0.164713039036,0.0254879448909,0.0,0.0,0.0,0.851851851852,0.0828923159173,0.536998314025,0.594628796054,0.35344770949,0.487622592771,0.589604180475
0.805780754318,0.08,0.528483721166,0.296022314218,0.22095959596,0.035035035035,0.1598693105,0.705882352941,0.5,0.433775605247,0.111136624569,0.0,0.0,0.0,0.851851851852,0.0501936189942,0.704440828536,0.636105320228,0.375262230238,0.348636331437,0.811913358435
0.789213958407,0.56,0.351601552291,0.197381668639,0.239898989899,0.371371371371,0.115479945922,0.705882352941,0.5,0.652639281203,0.124684270953,0.0,0.0,0.0,0.5,0.0550567361813,0.537053906052,0.511900519527,0.291748304113,0.445051568038,0.343805946782
0.992950299612,0.52,0.934071156138,0.763042228502,0.407828282828,0.750750750751,0.697949526814,0.705882352941,0.5,0.499205002393,0.164179104478,0.0,0.0,0.2,0.470588235294,0.00162764605358,0.25273582245,0.163203547426,0.160332816032,0.039674611925,0.105832864855
0.889319703913,0.16,0.572067722363,0.412612278295,0.298611111111,0.648648648649,0.265322217215,0.735294117647,0.5,0.432027857436,0.0853042479908,0.0,0.0,0.0,0.724137931034,0.0271573056648,0.467156229596,0.323991842385,0.235797784785,0.205199870208,0.133818672078
0.992950299612,0.28,0.837835960801,0.537305442589,0.222222222222,0.105105105105,0.346552501127,0.558823529412,0.5,0.135262512804,0.0206659012629,0.0,0.0,0.0,0.5625,0.00162764605358,0.695274340297,0.51552566317,0.292902073197,0.141591730788,0.641059409944
0.857948537187,0.0,0.416043644371,0.149820993494,0.0,0.0,0.0841595313204,0.705882352941,0.5,0.296898198154,0.0461538461538,0.0,0.0,0.0,1.0,0.0355295624404,0.736663122711,0.987090782534,1.0,0.564653055759,0.906528144575
0.766654917166,0.22,0.434448037578,0.15872417181,0.107323232323,0.027027027027,0.0220820189274,0.470588235294,0.5,0.284525203259,0.0661308840413,0.0,0.0,0.0,0.639344262295,0.0618482987967,0.625818765184,0.818762950161,0.514911484008,0.807827081723,0.845704353485
0.695100458231,0.06,0.0666575045517,0.0078294434525,0.109848484848,0.0920920920921,0.0225326723749,0.235294117647,0.5,0.0223439648043,0.00229621125144,0.0,0.0,0.0,0.88679245283,0.0847812685006,0.466767667259,0.757181260671,0.485936138734,0.79664893296,0.667683501515
0.832217130772,0.32,0.213812528055,0.0,0.0151515151515,0.004004004004,0.0,0.235294117647,0.5,0.0,0.0,0.0,0.0,0.0,0.515151515152,0.0426425996584,0.523798272114,1.0,0.884406387614,1.0,0.893881613754
0.980613323934,0.6,0.590103467614,0.299140099587,0.138888888889,0.364364364364,0.0983551149166,0.235294117647,0.5,0.0956029737644,0.0188289322618,0.0,0.0,0.0,0.25,0.00450770732129,0.26497302049,0.433078062315,0.418924582901,0.468940909466,0.298851709841
0.899894254494,0.8,0.544105937205,0.308517789627,0.210227272727,0.152152152152,0.140378548896,0.617647058824,0.5,0.313550046569,0.117106773823,0.0,0.0,0.2,0.340579710145,0.0244064076177,0.552119104502,0.539673222289,0.339563881857,0.393091522784,0.570158665909
0.956644342615,0.02,0.411386432277,0.183064189878,0.152777777778,0.14014014014,0.0852861649392,0.235294117647,0.5,0.0499938025336,0.00482204362801,0.0,0.0,0.0,0.960784313725,0.0102214303225,0.494741771953,0.570391775941,0.391654815519,0.505184824616,0.575376393086
0.924568205851,0.12,0.413667843541,0.186641278262,0.167297979798,0.044044044044,0.0959891843173,0.235294117647,0.5,0.144029649208,0.0213547646383,0.0,0.0,0.0,0.785714285714,0.0181217608882,0.617638635805,0.636670432081,0.375668337458,0.468653620584,0.779948903658
0.944307366937,0.1,0.518922238908,0.259533579309,0.198232323232,0.388388388388,0.11356466877,0.235294117647,0.5,0.0192705207614,0.001607347876,0.0,0.0,0.0,0.818181818182,0.013224876299,0.427481449252,0.45981689518,0.318303553755,0.407709798787,0.277603969702
0.876982728234,0.16,0.446876096493,0.20729470524,0.15404040404,0.0960960960961,0.103537629563,0.235294117647,0.5,0.040829477417,0.00459242250287,0.0,0.0,0.0,0.724137931034,0.0304115393898,0.577618369684,0.606642123974,0.389315867092,0.436937281858,0.659308864662
0.827282340501,0.56,0.355557032317,0.157686937848,0.141414141414,0.035035035035,0.0955385308698,0.705882352941,0.5,0.334205669396,0.0567164179104,0.0,0.0,0.0,0.581196581197,0.0440330587577,0.592613448344,0.666487894368,0.422861947834,0.473141047752,0.811913358435
0.944307366937,0.34,0.434617419498,0.258262131227,0.270833333333,0.144144144144,0.111086074808,0.470588235294,0.5,0.339113194603,0.0969001148106,0.0,0.0,0.2,0.8407960199,0.013224876299,0.606531864777,0.549847187841,0.293698409782,0.41268787354,0.582437198022
0.988015509341,0.06,0.706854135681,0.435510510739,0.256944444444,0.376376376376,0.181951329428,0.705882352941,0.5,0.362036547531,0.0746268656716,0.0,0.0,0.0,0.952380952381,0.00277479893065,0.570078311203,0.428981192006,0.276688342245,0.286118300042,0.289344982184
0.972506168488,0.5,0.48846180071,0.311656867188,0.262626262626,0.128128128128,0.18206399279,0.0,0.5,0.0321335394192,0.0119402985075,0.0,0.0,0.0,0.333333333333,0.00642262122158,0.583893413302,0.489124255633,0.24307590112,0.294170919806,0.596879753572
0.984138174128,0.62,0.692718504564,0.4861342199,0.326388888889,0.489489489489,0.242902208202,0.470588235294,0.5,0.466216468906,0.173134328358,0.0,0.0,0.2,0.265432098765,0.00368068093448,0.334872563374,0.289531159532,0.200019617233,0.217831478526,0.218527134877
0.943954881918,0.08,0.701398949507,0.501491974364,0.326388888889,0.441441441441,0.32390716539,1.0,0.0,0.216900547282,0.0281285878301,0.0,0.0,0.0,0.851851851852,0.013311327186,0.583276531061,0.3414106067,0.191292084597,0.168310586358,0.246325111255
0.996122664787,0.06,0.87182960477,0.617528341429,0.299242424242,0.456456456456,0.406038756196,0.558823529412,0.5,0.16366128736,0.0452353616533,0.0,0.0,0.0,0.88679245283,0.000893590407046,0.335524044054,0.259095491349,0.223141160089,0.112899838705,0.244056534222
0.842439196334,0.1,0.500999642533,0.277114847046,0.217803030303,0.34034034034,0.136885984678,0.705882352941,0.5,0.318958103911,0.0737083811711,0.0,0.0,0.0,0.818181818182,0.0397895648367,0.749565115609,0.54415460607,0.298904878782,0.367410365381,0.344541930425
0.943602396898,0.08,0.540029723916,0.262718282998,0.20202020202,0.048048048048,0.110184767913,0.235294117647,0.5,0.0355999605161,0.00321469575201,0.0,0.0,0.0,0.851851851852,0.0133978137964,0.648895712106,0.61581175009,0.313083104482,0.414929921506,0.769952388289
0.924568205851,0.34,0.507621257157,0.241961436797,0.150883838384,0.373373373373,0.104664263182,0.235294117647,0.5,0.040829477417,0.00459242250287,0.0,0.0,0.0,0.492537313433,0.0181217608882,0.351593724932,0.453211523303,0.395220091084,0.42909535607,0.290215741628
1.0,0.5,0.525874315787,0.335771796361,0.271464646465,0.352352352352,0.133168093736,0.470588235294,0.5,0.300623715943,0.0665901262916,0.0,0.0,0.0,0.333333333333,0.0,0.486644671881,0.428998220528,0.247638938901,0.368778234902,0.31700292945
0.958759252732,0.32,0.5229477924,0.227458411785,0.128787878788,0.107107107107,0.0982424515548,0.235294117647,0.5,0.23098358545,0.0817451205511,0.0,0.0,0.2,0.666666666667,0.00971087701801,0.635305740489,0.669370614625,0.446244107564,0.4859477245,0.698155114507
0.963694043003,0.12,0.427696399705,0.235050599375,0.217171717172,0.351351351351,0.113677332132,0.235294117647,0.5,0.0,0.0,0.0,0.0,0.0,0.785714285714,0.00852445136536,0.412869455853,0.443180941509,0.293340973543,0.407983210314,0.3095515278
0.818822700035,0.06,0.324656300936,0.15633944622,0.169823232323,0.048048048048,0.100495718792,0.235294117647,0.5,0.148060719501,0.0298507462687,0.0,0.0,0.0,0.88679245283,0.0464368942963,0.628767116526,0.637242845058,0.362836246906,0.440623575504,0.769674614623
0.998590059922,0.64,0.669973959125,0.483691701216,0.323863636364,0.156156156156,0.346552501127,0.558823529412,0.5,0.171502923322,0.0476463834673,0.0,0.0,0.0,0.219512195122,0.0231345970787,0.569615351206,0.388079677027,0.194233148975,0.152828794004,0.551502841261
0.984490659147,0.42,0.761375291697,0.549791792772,0.316287878788,0.782782782783,0.356016223524,0.235294117647,0.5,0.353257700783,0.136394948335,0.0,0.0,0.2,0.408450704225,0.00962590675913,0.467649259691,0.303124190878,0.209216838168,0.14421316619,0.123452563373
0.984843144166,0.9,0.453051660366,0.286957923585,0.271464646465,0.308308308308,0.122127084272,0.470588235294,0.5,0.264384212898,0.0571756601607,0.0,0.0,0.0,0.185897435897,0.00351567607337,0.514259499722,0.451766993316,0.238797957615,0.400158968102,0.357052403321
1.0,0.3,0.764640544003,0.61552687531,0.372474747475,0.852852852853,0.499098693105,0.705882352941,0.5,0.512599530627,0.173134328358,0.0,0.0,0.2,0.538461538462,0.0,0.317787211885,0.198307183503,0.17297454855,0.0988809289423,0.0738715873833
0.990482904477,1.0,0.851634560706,0.777913304275,0.471590909091,0.863863863864,0.625957638576,0.235294117647,0.5,0.181357773846,0.0734787600459,0.0,0.0,0.2,0.0,0.0313503357844,0.0223603341539,0.0566800790739,0.128708049732,0.0458738951496,0.0402670182542
0.999647514981,0.24,0.946869996657,0.85333937626,0.491792929293,0.873873873874,0.784136998648,0.411764705882,0.5,0.239268143571,0.0799081515499,0.0,0.0,0.2,0.774193548387,8.10729880659e-05,0.222567515232,0.0969789507089,0.120062673447,0.0269050865953,0.0424725240929
0.977440958759,0.9,0.719052413515,0.43484436928,0.287247474747,0.22022022022,0.185218566922,0.705882352941,0.5,0.410208658903,0.0681974741676,0.0,0.0,0.0,0.078431372549,0.00525489617298,0.529090659073,0.435360417854,0.234028798175,0.303359174317,0.558210826867
0.975326048643,0.18,0.81193154455,0.618033270572,0.340277777778,0.497497497497,0.511716989635,0.558823529412,0.5,0.206625685753,0.060045924225,0.0,0.0,0.0,0.694915254237,0.00575453767016,0.437443601567,0.264741265278,0.191123603202,0.0760804135058,0.211150894941
0.929855481142,0.56,0.904487512153,0.703442339221,0.375,0.168168168168,0.679247408743,0.705882352941,0.5,0.726650641608,0.189552238806,0.0,0.0,0.2,0.530612244898,0.0167988938973,0.791045575904,0.434025074759,0.195786467615,0.0492431407161,0.561564015547
0.972153683468,0.1,0.439170778253,0.209983605012,0.206439393939,0.104104104104,0.0810049571879,0.235294117647,0.5,0.232548933989,0.0677382319173,0.0,0.0,0.0,0.818181818182,0.00650628439747,0.603210304531,0.600153917529,0.337888724392,0.532646349499,0.671974637754
0.962636587945,0.02,0.573386892206,0.292180594296,0.135101010101,0.0630630630631,0.149166291122,0.764705882353,0.0,0.400928459303,0.0752009184845,0.0,0.0,0.0,0.923076923077,0.0460344704552,0.805703502843,0.69492544749,0.435148588154,0.357875086295,0.803278692404
0.886852308777,0.56,0.239958874102,0.163925550327,0.226641414141,0.156156156156,0.114015322217,0.705882352941,0.5,0.755640726469,0.811940298507,1.0,0.666666666667,1.0,0.923076923077,0.244348320105,0.954226956846,0.868120715959,0.466968954887,0.594440171687,0.943785230591
0.712019739161,0.42,0.473369198871,0.338932166116,0.268939393939,0.386386386386,0.232875168995,0.705882352941,0.5,0.821798457027,0.786911595867,1.0,0.466666666667,1.0,0.948051948052,0.0791577622801,0.932705507197,0.71356384577,0.390090983722,0.341144931125,0.596879753572
0.922100810716,0.48,0.743427935939,0.674999011434,0.457702020202,0.792792792793,0.55227579991,0.705882352941,0.5,0.824366716773,0.364179104478,0.2,0.0,0.733333333333,0.923076923077,0.0187419407161,0.559284342359,0.26609242325,0.151865480942,0.0631925992685,0.189729849259
0.999647514981,0.04,0.863231030177,0.531075955335,0.207070707071,0.0740740740741,0.352298332582,0.235294117647,0.5,0.15912533543,0.054420206659,0.0,0.0,0.0,0.923076923077,8.10729880659e-05,0.711828467771,0.55925533088,0.321843454055,0.138081096651,0.73664423509
0.991540359535,0.02,0.507116921729,0.325536335127,0.280303030303,0.407407407407,0.170459666516,0.235294117647,0.5,0.130324951435,0.0381171067738,0.0,0.0,0.0,0.960784313725,0.00195474534087,0.444306202948,0.378003345516,0.242179262171,0.31845867217,0.267878338132
0.991892844554,0.22,0.556332187749,0.315717592522,0.25946969697,0.148148148148,0.137899954935,0.235294117647,0.5,0.24568381012,0.0500574052813,0.0,0.0,0.0,0.639344262295,0.00187292122742,0.633147099964,0.519590112127,0.259969853065,0.364592268456,0.568419423517
0.942192456821,0.34,0.567042990725,0.352492251163,0.303661616162,0.408408408408,0.147589004056,0.470588235294,0.5,0.215946651274,0.0270952927669,0.0,0.0,0.0,0.492537313433,0.0137441179165,0.404699968517,0.356702327548,0.208189323252,0.335751100619,0.261555072721
0.982375749031,0.06,0.412941440747,0.210671038664,0.198863636364,0.289289289289,0.105002253267,0.705882352941,0.5,0.362632021005,0.08794489093,0.0,0.0,0.2,0.88679245283,0.00409377643779,0.632842956687,0.577727335779,0.351282722586,0.465589273846,0.4779608848
0.990835389496,0.68,0.507491759882,0.297600978224,0.243055555556,0.359359359359,0.13339342046,0.235294117647,0.5,0.0693396413986,0.0135476463835,0.0,0.0,0.0,0.468253968254,0.00211849226998,0.400691192375,0.419289237351,0.263228554935,0.373373547399,0.302380722551
0.930560451181,0.72,0.513958328717,0.269002521604,0.260101010101,0.136136136136,0.112438035151,0.705882352941,0.5,0.317265951302,0.0599311136625,0.0,0.0,0.0,0.162790697674,0.0166231359288,0.499160806804,0.50180205927,0.24681993212,0.438772116741,0.589604180475
0.917166020444,0.08,0.503260051907,0.208897703181,0.114267676768,0.035035035035,0.0746958089229,0.235294117647,0.5,0.169169976399,0.0555683122847,0.0,0.0,0.0,0.851851851852,0.0199877668049,0.675665818988,0.737611578753,0.495866601481,0.552275802854,0.822966487657
0.790271413465,0.64,0.292862740326,0.178985214093,0.258207070707,0.368368368368,0.116831906264,0.470588235294,0.5,0.242649156491,0.0583237657865,0.0,0.0,0.0,0.219512195122,0.054743223852,0.399790585964,0.440517351586,0.258501269688,0.419182337485,0.306606755274
0.858653507226,0.76,0.52199298989,0.31733275743,0.254419191919,0.403403403403,0.127534925642,0.235294117647,0.5,0.0590782932899,0.00757749712974,0.0,0.0,0.0,0.136363636364,0.0353378627536,0.330036168026,0.37055905782,0.251281045843,0.379529646855,0.267878338132
0.965103983081,0.16,0.464270944183,0.242889168053,0.141414141414,0.131131131131,0.113789995493,0.235294117647,0.5,0.191678798245,0.0436280137773,0.0,0.0,0.0,0.724137931034,0.00818671758147,0.559440907728,0.571086725203,0.413762684218,0.415444237864,0.600601489041
0.981318293973,0.08,0.197198747669,0.0622218707321,0.147095959596,0.147147147147,0.0580216313655,0.705882352941,0.5,0.824588558519,0.45671641791,0.733333333333,0.0,0.733333333333,0.851851851852,0.0802023177824,0.706078333317,0.827242568882,0.477896421143,0.751730884472,0.668388973641
0.868875572788,0.06,0.202290142382,0.0337024993993,0.0385101010101,0.003003003003,0.0450653447499,0.235294117647,0.5,1.75167763561e-17,0.0,0.0,0.0,0.0,0.88679245283,0.032576836355,0.614538931394,0.905609627097,0.745740876745,0.654105148714,0.89704324646
0.969686288333,0.36,0.583559755735,0.400670399898,0.266414141414,0.516516516517,0.188823794502,0.235294117647,0.5,0.112405169969,0.033524684271,0.0,0.0,0.0,0.617647058824,0.00709288005522,0.316485945682,0.293183687698,0.241397542396,0.272350950414,0.187001288407
0.970743743391,0.84,0.71314389466,0.595630842045,0.395202020202,0.811811811812,0.513406940063,0.235294117647,0.5,0.177027903152,0.0659012629162,0.0,0.0,0.2,0.145833333333,0.0248624575805,0.247487186884,0.173864143765,0.165542255339,0.0803003445284,0.0763264657597
0.989072964399,0.7,1.0,1.0,0.666035353535,0.922922922923,1.0,0.470588235294,0.5,0.261294392133,0.0920780711825,0.0,0.0,0.2,0.294117647059,0.00483945520606,0.173464483039,0.0500129350034,0.0653060633653,0.0,0.0329726621985
0.995065209729,0.52,0.86019126052,0.886965832114,0.572601010101,0.875875875876,0.75901306895,0.470588235294,0.5,0.23528477095,0.0808266360505,0.0,0.0,0.2,0.315789473684,0.00113798117585,0.0,0.0110452387095,0.0729478157651,0.0249613541342,0.0334372699436
0.97673598872,0.62,0.865039140271,0.780979380032,0.467803030303,0.883883883884,0.744254168544,0.235294117647,0.5,0.176269042881,0.0718714121699,0.0,0.0,0.2,0.358024691358,0.00542130831871,0.223390030932,0.105067278169,0.1135578118,0.0276552530019,0.0412606648776
0.999647514981,0.58,0.853235729149,0.857567397394,0.551136363636,0.856856856857,0.875056331681,0.235294117647,0.5,0.151377311817,0.0679678530425,0.0,0.0,0.2,0.26582278481,8.10729880659e-05,0.0527183214809,0.038062417799,0.0944103408021,0.014468822036,0.0437526992425
0.984138174128,0.56,0.977480549578,0.926307720853,0.470328282828,0.856856856857,0.930374042361,0.235294117647,0.5,0.162244670033,0.0704936854191,0.0,0.0,0.2,0.410256410256,0.00617183554327,0.0819232220168,0.0418250581411,0.11549944184,0.00451440257492,0.0389485256192
0.962636587945,0.66,0.93340811513,0.96462758434,0.638257575758,1.0,0.963384407391,0.235294117647,0.5,0.215614288631,0.0794489092997,0.0,0.0,0.2,0.204819277108,0.00928637339243,0.00851353917801,0.0,0.0681957250248,0.00493960339873,0.0
0.97673598872,0.84,0.699637300878,0.529853175122,0.320707070707,0.83983983984,0.356692203695,0.470588235294,0.5,0.188251654853,0.0629161882893,0.0,0.0,0.2,0.195652173913,0.00542130831871,0.169162999203,0.188680591528,0.196786734422,0.135037251707,0.0746696931961
0.950652097286,0.5,0.891660936088,0.810380856494,0.419191919192,0.848848848849,0.775123929698,1.0,0.5,0.284007228408,0.0812858783008,0.0,0.0,0.2,0.466666666667,0.0116748439152,0.233008028768,0.119553984209,0.138283908553,0.0207093594958,0.04393619821
0.906238984843,0.44,0.612435316178,0.493738574457,0.322601010101,0.832832832833,0.332582244254,0.735294117647,0.5,0.193419288247,0.0660160734788,0.0,0.0,0.2,0.50406504065,0.0275267556204,0.220168102944,0.173897663914,0.201653279503,0.149822137447,0.0619547833682
