0.881212548467,0.04,0.247690597299,0.129620786047,0.201388888889,0.15015015015,0.0868634520054
0.886852308777,0.1,0.261417054863,0.117660657199,0.136363636364,0.0680680680681,0.0799909869311
0.949242157208,0.5,0.378908258601,0.226907856515,0.233585858586,0.401401401401,0.124943668319
0.998237574903,0.6,0.822911203516,0.59431985132,0.316287878788,0.381381381381,0.515998197386
0.984138174128,0.48,0.703631400725,0.357167408345,0.243055555556,0.036036036036,0.112100045065
0.951709552344,0.74,0.748874360687,0.639088207471,0.41351010101,0.848848848849,0.487945020279
0.763130066972,0.0,0.561904893483,0.393926858276,0.280934343434,0.244244244244,0.224538080216
0.996122664787,0.82,0.717701415075,0.503450856098,0.352904040404,0.55955955956,0.287404236142
0.978145928798,0.52,0.489430856793,0.338214315045,0.280303030303,0.413413413413,0.186007210455
0.994712724709,0.84,0.454726120952,0.281595332751,0.284090909091,0.314314314314,0.134745380802
0.941135001762,0.02,0.411527247018,0.270894485018,0.262626262626,0.316316316316,0.158517350158
0.89072964399,0.06,0.656327185737,0.492740883139,0.32702020202,0.448448448448,0.394547093285
0.976383503701,0.5,0.873597094979,0.61821273334,0.32702020202,0.696696696697,0.413812528166
0.957701797674,0.6,0.636643815145,0.447820439897,0.265151515152,0.403403403403,0.381816133393
0.989425449418,0.3,0.739407845599,0.480126779799,0.265151515152,0.456456456456,0.202568724651
0.97144871343,0.58,0.924211262431,0.974364199915,1.0,0.762762762763,0.920347003155
0.970391258372,0.54,0.367903646156,0.228197555048,0.224116161616,0.214214214214,0.151081568274
0.0,0.7,0.0,0.0718763592784,0.165404040404,0.343343343343,0.085398828301
0.963694043003,0.74,0.627780709181,0.483919831853,0.325757575758,0.654654654655,0.402884182064
0.892844554106,0.38,0.719708723132,0.716643498733,0.508207070707,0.764764764765,0.686683190626
0.998590059922,0.12,0.517339131829,0.261528961945,0.251262626263,0.367367367367,0.0961018476791
0.993655269651,0.8,0.57614930622,0.341094844552,0.241792929293,0.392392392392,0.140829202343
0.974621078604,0.3,0.355325809846,0.178008814968,0.1875,0.168168168168,0.10094637224
0.970391258372,0.1,0.506344142416,0.19124343364,0.125631313131,0.028028028028,0.0864127985579
0.902009164611,0.88,0.308923153743,0.15078218391,0.186868686869,0.367367367367,0.102636322668
0.513570673246,0.44,0.181940124436,0.047715803978,0.0454545454545,0.02002002002,0.0528391167192
0.832922100811,0.08,0.256502435904,0.12258523721,0.181186868687,0.132132132132,0.0866381252817
0.805780754318,0.08,0.528483721166,0.296022314218,0.22095959596,0.035035035035,0.1598693105
0.789213958407,0.56,0.351601552291,0.197381668639,0.239898989899,0.371371371371,0.115479945922
0.992950299612,0.52,0.934071156138,0.763042228502,0.407828282828,0.750750750751,0.697949526814
0.889319703913,0.16,0.572067722363,0.412612278295,0.298611111111,0.648648648649,0.265322217215
0.992950299612,0.28,0.837835960801,0.537305442589,0.222222222222,0.105105105105,0.346552501127
0.857948537187,0.0,0.416043644371,0.149820993494,0.0,0.0,0.0841595313204
0.766654917166,0.22,0.434448037578,0.15872417181,0.107323232323,0.027027027027,0.0220820189274
0.695100458231,0.06,0.0666575045517,0.0078294434525,0.109848484848,0.0920920920921,0.0225326723749
0.832217130772,0.32,0.213812528055,0.0,0.0151515151515,0.004004004004,0.0
0.980613323934,0.6,0.590103467614,0.299140099587,0.138888888889,0.364364364364,0.0983551149166
0.899894254494,0.8,0.544105937205,0.308517789627,0.210227272727,0.152152152152,0.140378548896
0.956644342615,0.02,0.411386432277,0.183064189878,0.152777777778,0.14014014014,0.0852861649392
0.924568205851,0.12,0.413667843541,0.186641278262,0.167297979798,0.044044044044,0.0959891843173
0.944307366937,0.1,0.518922238908,0.259533579309,0.198232323232,0.388388388388,0.11356466877
0.876982728234,0.16,0.446876096493,0.20729470524,0.15404040404,0.0960960960961,0.103537629563
0.827282340501,0.56,0.355557032317,0.157686937848,0.141414141414,0.035035035035,0.0955385308698
0.944307366937,0.34,0.434617419498,0.258262131227,0.270833333333,0.144144144144,0.111086074808
0.988015509341,0.06,0.706854135681,0.435510510739,0.256944444444,0.376376376376,0.181951329428
0.972506168488,0.5,0.48846180071,0.311656867188,0.262626262626,0.128128128128,0.18206399279
0.984138174128,0.62,0.692718504564,0.4861342199,0.326388888889,0.489489489489,0.242902208202
0.943954881918,0.08,0.701398949507,0.501491974364,0.326388888889,0.441441441441,0.32390716539
0.996122664787,0.06,0.87182960477,0.617528341429,0.299242424242,0.456456456456,0.406038756196
0.842439196334,0.1,0.500999642533,0.277114847046,0.217803030303,0.34034034034,0.136885984678
0.943602396898,0.08,0.540029723916,0.262718282998,0.20202020202,0.048048048048,0.110184767913
0.924568205851,0.34,0.507621257157,0.241961436797,0.150883838384,0.373373373373,0.104664263182
1.0,0.5,0.525874315787,0.335771796361,0.271464646465,0.352352352352,0.133168093736
0.958759252732,0.32,0.5229477924,0.227458411785,0.128787878788,0.107107107107,0.0982424515548
0.963694043003,0.12,0.427696399705,0.235050599375,0.217171717172,0.351351351351,0.113677332132
0.818822700035,0.06,0.324656300936,0.15633944622,0.169823232323,0.048048048048,0.100495718792
0.998590059922,0.64,0.669973959125,0.483691701216,0.323863636364,0.156156156156,0.346552501127
0.984490659147,0.42,0.761375291697,0.549791792772,0.316287878788,0.782782782783,0.356016223524
0.984843144166,0.9,0.453051660366,0.286957923585,0.271464646465,0.308308308308,0.122127084272
1.0,0.3,0.764640544003,0.61552687531,0.372474747475,0.852852852853,0.499098693105
0.990482904477,1.0,0.851634560706,0.777913304275,0.471590909091,0.863863863864,0.625957638576
0.999647514981,0.24,0.946869996657,0.85333937626,0.491792929293,0.873873873874,0.784136998648
0.977440958759,0.9,0.719052413515,0.43484436928,0.287247474747,0.22022022022,0.185218566922
0.975326048643,0.18,0.81193154455,0.618033270572,0.340277777778,0.497497497497,0.511716989635
0.929855481142,0.56,0.904487512153,0.703442339221,0.375,0.168168168168,0.679247408743
0.972153683468,0.1,0.439170778253,0.209983605012,0.206439393939,0.104104104104,0.0810049571879
0.962636587945,0.02,0.573386892206,0.292180594296,0.135101010101,0.0630630630631,0.149166291122
0.886852308777,0.56,0.239958874102,0.163925550327,0.226641414141,0.156156156156,0.114015322217
0.712019739161,0.42,0.473369198871,0.338932166116,0.268939393939,0.386386386386,0.232875168995
0.922100810716,0.48,0.743427935939,0.674999011434,0.457702020202,0.792792792793,0.55227579991
0.999647514981,0.04,0.863231030177,0.531075955335,0.207070707071,0.0740740740741,0.352298332582
0.991540359535,0.02,0.507116921729,0.325536335127,0.280303030303,0.407407407407,0.170459666516
0.991892844554,0.22,0.556332187749,0.315717592522,0.25946969697,0.148148148148,0.137899954935
0.942192456821,0.34,0.567042990725,0.352492251163,0.303661616162,0.408408408408,0.147589004056
0.982375749031,0.06,0.412941440747,0.210671038664,0.198863636364,0.289289289289,0.105002253267
0.990835389496,0.68,0.507491759882,0.297600978224,0.243055555556,0.359359359359,0.13339342046
0.930560451181,0.72,0.513958328717,0.269002521604,0.260101010101,0.136136136136,0.112438035151
0.917166020444,0.08,0.503260051907,0.208897703181,0.114267676768,0.035035035035,0.0746958089229
0.790271413465,0.64,0.292862740326,0.178985214093,0.258207070707,0.368368368368,0.116831906264
0.858653507226,0.76,0.52199298989,0.31733275743,0.254419191919,0.403403403403,0.127534925642
0.965103983081,0.16,0.464270944183,0.242889168053,0.141414141414,0.131131131131,0.113789995493
0.981318293973,0.08,0.197198747669,0.0622218707321,0.147095959596,0.147147147147,0.0580216313655
0.868875572788,0.06,0.202290142382,0.0337024993993,0.0385101010101,0.003003003003,0.0450653447499
0.969686288333,0.36,0.583559755735,0.400670399898,0.266414141414,0.516516516517,0.188823794502
0.970743743391,0.84,0.71314389466,0.595630842045,0.395202020202,0.811811811812,0.513406940063
0.989072964399,0.7,1.0,1.0,0.666035353535,0.922922922923,1.0
0.995065209729,0.52,0.86019126052,0.886965832114,0.572601010101,0.875875875876,0.75901306895
0.97673598872,0.62,0.865039140271,0.780979380032,0.467803030303,0.883883883884,0.744254168544
0.999647514981,0.58,0.853235729149,0.857567397394,0.551136363636,0.856856856857,0.875056331681
0.984138174128,0.56,0.977480549578,0.926307720853,0.470328282828,0.856856856857,0.930374042361
0.962636587945,0.66,0.93340811513,0.96462758434,0.638257575758,1.0,0.963384407391
0.97673598872,0.84,0.699637300878,0.529853175122,0.320707070707,0.83983983984,0.356692203695
0.950652097286,0.5,0.891660936088,0.810380856494,0.419191919192,0.848848848849,0.775123929698
0.906238984843,0.44,0.612435316178,0.493738574457,0.322601010101,0.832832832833,0.332582244254
