0.428571428571,0.5,0.219444361506,0.381548446917,1.0,1.0,0.2
1.0,1.0,0.797517655722,0.829392675012,1.0,1.0,0.6
0.428571428571,0.5,0.106976155197,0.371812702828,1.0,1.0,0.2
0.714285714286,0.5,0.558790953669,0.678720445063,1.0,1.0,0.6
0.428571428571,1.0,0.407107169787,0.613351877608,1.0,1.0,0.6
1.0,1.0,0.665733805752,0.683820120538,1.0,1.0,0.2
1.0,0.5,0.460364958652,0.675011590172,1.0,1.0,0.6
0.428571428571,1.0,0.442460618728,0.702364394993,1.0,1.0,0.6
0.571428571429,0.5,0.528613681223,0.688456189152,1.0,1.0,0.6
0.428571428571,0.5,0.322262566057,0.499304589708,1.0,1.0,0.2
0.428571428571,0.5,0.337797189043,0.48307834956,1.0,1.0,0.2
0.428571428571,0.5,0.293616638997,0.472878998609,1.0,1.0,0.2
0.428571428571,0.5,0.293867252055,0.478442280946,1.0,1.0,0.2
1.0,0.5,0.14754232171,0.379694019471,1.0,1.0,0.2
0.428571428571,1.0,0.415696213775,0.630041724618,1.0,1.0,0.6
1.0,0.5,0.171819345068,0.358368103848,1.0,1.0,0.2
0.0,1.0,0.0,0.38247566064,1.0,1.0,0.2
0.714285714286,0.5,0.535527675239,0.5234121465,1.0,1.0,0.2
0.714285714286,1.0,0.47388214554,0.621696801113,1.0,1.0,0.2
0.428571428571,1.0,0.349626442649,0.532684283727,1.0,1.0,0.2
0.714285714286,0.5,0.530417859616,0.7046824293,1.0,1.0,0.6
1.0,0.5,0.184864828056,0.387111729254,1.0,1.0,0.2
0.571428571429,0.5,0.368780954866,0.442280945758,1.0,1.0,0.2
1.0,0.5,0.351187497676,0.491886879926,1.0,1.0,0.2
0.428571428571,1.0,0.407107169787,0.613351877608,1.0,1.0,0.6
0.714285714286,0.5,0.493778091425,0.640241075568,1.0,1.0,0.6
1.0,0.5,0.395386945332,0.475197032916,1.0,1.0,0.2
0.428571428571,0.5,0.324571545925,0.46638850255,1.0,1.0,0.2
0.428571428571,1.0,0.410079945146,0.618915159944,1.0,1.0,0.6
0.428571428571,1.0,0.344482647442,0.527121001391,1.0,1.0,0.2
1.0,0.5,0.868208846269,1.0,1.0,1.0,0.866666666667
1.0,0.5,0.473101267451,0.726935558646,1.0,1.0,0.6
0.428571428571,0.5,0.522846139907,0.523875753361,1.0,0.0,0.6
0.428571428571,0.5,0.305939325388,0.446917014372,1.0,1.0,0.2
0.714285714286,1.0,0.539638668274,0.837737598516,1.0,1.0,0.6
0.714285714286,1.0,0.503035098613,0.802503477051,1.0,1.0,0.6
0.428571428571,1.0,0.327895617464,0.510431154381,1.0,1.0,0.2
0.571428571429,0.5,0.139099334731,0.360222531293,1.0,1.0,0.2
1.0,0.5,0.243938346414,0.410292072323,1.0,1.0,0.2
0.428571428571,0.5,0.399253063135,0.595271210014,1.0,1.0,0.6
0.428571428571,1.0,0.379013954255,0.568845618915,1.0,1.0,0.2
0.714285714286,1.0,0.652943608374,0.763560500695,1.0,1.0,0.6
0.428571428571,0.5,0.426195169386,0.579044969866,1.0,1.0,0.6
0.714285714286,1.0,0.570187645222,0.763560500695,1.0,1.0,0.6
0.714285714286,1.0,0.628886804243,0.76170607325,1.0,1.0,0.6
0.428571428571,0.5,0.0830196210707,0.385257301808,1.0,1.0,0.2
0.928571428571,0.0,0.617979229595,0.687297171998,1.0,1.0,0.6
0.428571428571,1.0,0.433096369558,0.671766342142,1.0,1.0,0.6
0.714285714286,1.0,0.647970188594,0.759851645804,1.0,1.0,0.6
0.0,1.0,0.0,0.38247566064,1.0,1.0,0.2
1.0,0.0,0.657079873306,0.447148817803,1.0,0.0,0.2
1.0,0.5,0.506891288573,0.642095503013,1.0,1.0,0.6
1.0,0.5,0.502632240517,0.307834955957,1.0,0.0,0.2
0.928571428571,0.0,0.678185018441,0.51668984701,1.0,0.0,0.466666666667
1.0,0.5,1.0,0.627260083449,0.0,0.0,1.0
0.571428571429,0.5,0.510341605168,0.515530829856,1.0,0.0,0.466666666667
0.857142857143,0.5,0.704073911401,0.33889661567,0.0,0.0,0.2
0.571428571429,0.5,0.565652637167,0.292535929532,0.0,0.0,0.466666666667
0.571428571429,0.5,0.303883795717,0.0973574408901,0.0,0.0,0.0
0.857142857143,0.5,0.550192988575,0.159017153454,0.0,0.0,0.0
0.0,0.5,0.125761061239,0.0,0.0,0.0,0.0
1.0,0.5,0.340660496609,0.0890125173853,0.0,0.0,0.0
0.428571428571,0.5,0.302124500202,0.0746407046824,0.0,0.0,0.0
