0.878334113243,0.131578947368,0.439945506928,0.203461400242,0.0386996904025,0.0188442211055,0.0808619586089,0.428571428571,0.5,0.219444361506,0.381548446917,1.0,1.0,0.2,1.0,0.0519951632406,0.865138846755,0.781451050255,0.876683942773,0.577923621241,0.936227309792
0.862423958821,0.184210526316,0.439464786023,0.208206736581,0.247678018576,0.0590452261307,0.0996372946448,1.0,1.0,0.797517655722,0.829392675012,1.0,1.0,0.6,0.910087719298,0.16072563724,0.848862209997,0.750293778557,0.54510564169,0.570343164963,0.936227309792
0.817033224146,0.131578947368,0.371170830681,0.178762782188,0.235294117647,0.0829145728643,0.0906763388095,0.428571428571,0.5,0.106976155197,0.371812702828,1.0,1.0,0.2,1.0,0.184212424931,0.678353995466,0.644310728113,0.463977026786,0.543908207876,0.7672678077
0.97519887693,0.815789473684,0.241844405538,0.151805841419,0.295665634675,0.430904522613,0.0317900576061,0.714285714286,0.5,0.558790953669,0.678720445063,1.0,1.0,0.6,0.203325320513,0.106358842668,0.18464025391,0.492907988833,0.424595628528,0.755929398246,0.409116590605
0.786148806738,0.394736842105,0.36899473896,0.164833055637,0.267801857585,0.263819095477,0.025602730958,0.428571428571,1.0,0.407107169787,0.613351877608,1.0,1.0,0.6,0.605769230769,0.200766503392,0.300074238497,0.554570900197,0.441807155704,0.780930988796,0.507057598752
0.865231633131,0.552631578947,0.515020035028,0.261810251887,0.263157894737,0.184673366834,0.0277362918711,1.0,1.0,0.665733805752,0.683820120538,1.0,1.0,0.2,0.424917491749,0.171500010247,0.379263130444,0.563777266529,0.475632388493,0.784028674212,0.629444652222
0.952737482452,0.605263157895,0.542514959405,0.309345290601,0.320433436533,0.457286432161,0.161723917218,1.0,0.5,0.460364958652,0.675011590172,1.0,1.0,0.6,0.744731800766,0.116760496738,0.175712615715,0.397963390438,0.420875727393,0.446777375722,0.314245466346
0.993448759944,0.289473684211,0.673082523383,0.359510274756,0.301857585139,0.413316582915,0.156390014935,0.428571428571,1.0,0.442460618728,0.702364394993,1.0,1.0,0.6,0.747950819672,0.0980549650266,0.292885602948,0.448994013742,0.441807155704,0.424034422172,0.427603937309
0.845577912962,0.184210526316,0.438601440773,0.268127838218,0.481424148607,0.384422110553,0.119692767229,0.571428571429,0.5,0.528613681223,0.688456189152,1.0,1.0,0.6,0.910087719298,0.138028176034,0.367678809222,0.426555154375,0.321704509923,0.495883539085,0.405101290849
0.547964436125,0.210526315789,0.383411352869,0.242481786403,0.328173374613,0.104271356784,0.106464689567,0.428571428571,0.5,0.322262566057,0.499304589708,1.0,1.0,0.2,0.923507462687,0.346631024442,0.496661987317,0.503865421354,0.389010097279,0.511938682984,0.730078222548
0.901731399158,0.131578947368,0.439101078272,0.198107582737,0.21826625387,0.0502512562814,0.0853424365266,0.428571428571,0.5,0.337797189043,0.48307834956,1.0,1.0,0.2,1.0,0.041481017739,0.832596905143,0.730432346145,0.54795650641,0.586813625897,0.85546537326
0.760411792232,0.157894736842,0.473316589592,0.204747786599,0.0201238390093,0.0251256281407,0.0537657350117,0.428571428571,0.5,0.293616638997,0.472878998609,1.0,1.0,0.2,0.954241071429,0.214933494559,0.806813278867,0.856838570469,0.943040495244,0.661815801163,0.936502910176
0.676181562939,0.131578947368,0.299814521206,0.0627838217518,0.0,0.0,0.000853424365266,0.428571428571,0.5,0.293867252055,0.478442280946,1.0,1.0,0.2,1.0,0.263827372151,0.74758836622,1.0,1.0,0.91740301332,1.0
0.922788956481,0.157894736842,0.680995842366,0.313543402267,0.25386996904,0.0891959798995,0.118839342863,1.0,0.5,0.14754232171,0.379694019471,1.0,1.0,0.2,0.954241071429,0.0640374962439,0.656752368162,0.590218719045,0.441807155704,0.476220120463,0.750993510406
0.860552175948,0.5,0.561035882499,0.309014505538,0.286377708978,0.167085427136,0.170471516962,0.428571428571,1.0,0.415696213775,0.630041724618,1.0,1.0,0.6,0.851449275362,0.161675008242,0.451671737673,0.516655848334,0.428353391984,0.420743272606,0.664749193666
0.695835283107,0.131578947368,0.460896520154,0.251355810383,0.258513931889,0.120603015075,0.158736931939,1.0,0.5,0.171819345068,0.358368103848,1.0,1.0,0.2,1.0,0.252056873619,0.498848995224,0.527151810131,0.430241811182,0.394002022045,0.683316522788
0.986897519888,0.263157894737,0.575138188576,0.341435525499,0.315789473684,0.219849246231,0.18967356518,0.0,1.0,0.0,0.38247566064,1.0,1.0,0.2,0.786458333333,0.10102085585,0.410813149067,0.422843099797,0.369258904651,0.35316385309,0.529180899437
0.880205896116,0.157894736842,0.404607467997,0.154341860237,0.185758513932,0.0603015075377,0.0661403883081,0.714285714286,0.5,0.535527675239,0.5234121465,1.0,1.0,0.2,0.954241071429,0.0511458756023,0.716612044634,0.760948361074,0.686323501834,0.629601187243,0.856202710287
0.827795975667,0.131578947368,0.39172919975,0.169464046522,0.210526315789,0.0301507537688,0.0699807979518,0.714285714286,1.0,0.47388214554,0.621696801113,1.0,1.0,0.2,1.0,0.196456755553,0.848950790325,0.796988157098,0.610318866208,0.626023856832,0.925600739196
0.970519419747,0.157894736842,0.418042966833,0.152545003104,0.0356037151703,0.0150753768844,0.0723277149563,0.428571428571,1.0,0.349626442649,0.532684283727,1.0,1.0,0.2,0.954241071429,0.108509174486,0.824281640923,0.844872765753,0.901465348522,0.620742024733,0.962047778797
0.70051474029,0.131578947368,0.439329389322,0.198973341174,0.168730650155,0.0502512562814,0.0928098997226,0.714285714286,0.5,0.530417859616,0.7046824293,1.0,1.0,0.6,1.0,0.249287798276,0.91827507504,0.791849478472,0.645061905561,0.609974669008,0.936227309792
0.970051474029,0.210526315789,0.562120932951,0.243755921461,0.0758513931889,0.0150753768844,0.0979304459142,1.0,0.5,0.184864828056,0.387111729254,1.0,1.0,0.2,0.867456896552,0.108724686875,0.860748670676,0.757115217732,0.75849350128,0.525094710724,0.936227309792
0.93682732803,0.368421052632,0.554987024307,0.302958280244,0.348297213622,0.125628140704,0.0972903776403,0.571428571429,0.5,0.368780954866,0.442280945758,1.0,1.0,0.2,0.6396484375,0.156708750638,0.5373564255,0.508776295682,0.352100921789,0.526714079514,0.682125792185
1.0,0.131578947368,0.704005447852,0.460416054102,0.52786377709,0.542713567839,0.161297205035,1.0,0.5,0.351187497676,0.491886879926,1.0,1.0,0.2,1.0,0.0951056831923,0.225223177312,0.271104588451,0.211724494272,0.396092334329,0.235741125584
0.903603182031,0.289473684211,0.598417406946,0.416789179653,0.495356037152,0.48743718593,0.179005760614,0.428571428571,1.0,0.407107169787,0.613351877608,1.0,1.0,0.6,0.816964285714,0.24680646846,0.385873336011,0.345022734222,0.231370230841,0.392304283636,0.292184832185
0.695835283107,0.473684210526,0.518952172349,0.344318664445,0.311145510836,0.331658291457,0.159803712396,0.714285714286,0.5,0.493778091425,0.640241075568,1.0,1.0,0.6,0.851449275362,0.17183855089,0.495625838867,0.460481704808,0.415361067898,0.416845799737,0.443162709106
0.978474496958,0.210526315789,0.581639652063,0.324822764546,0.270897832817,0.239949748744,0.133774269255,1.0,0.5,0.395386945332,0.475197032916,1.0,1.0,0.2,0.978375527426,0.0517827069784,0.526095231734,0.501230901295,0.437912297411,0.451811167736,0.508730705621
0.977538605522,0.157894736842,0.597142514411,0.219122643667,0.0975232198142,0.0552763819095,0.0164284190314,0.428571428571,0.5,0.324571545925,0.46638850255,1.0,1.0,0.2,0.954241071429,0.0241019440052,0.54061730001,0.763231458834,0.735350576366,0.823962401711,0.842937944161
0.994852597099,0.131578947368,0.274748008626,0.0875069424026,0.030959752322,0.0402010050251,0.0270962235972,0.428571428571,1.0,0.410079945146,0.618915159944,1.0,1.0,0.6,1.0,0.0974215826208,0.781425967342,0.906871960191,0.927344433431,0.83191184209,0.928033119803
0.867103416004,0.131578947368,0.622282737444,0.22113594041,0.0108359133127,0.0138190954774,0.0433112865372,0.428571428571,1.0,0.344482647442,0.527121001391,1.0,1.0,0.2,1.0,0.158359255533,0.841465900024,0.935742954991,0.965426438078,0.76086936779,0.980602000194
0.777257838091,0.868421052632,0.494075830223,0.326313339214,0.411764705882,0.190954773869,0.110091743119,1.0,0.5,0.868208846269,1.0,1.0,1.0,0.866666666667,0.292508417508,0.202729196905,0.459416215091,0.507169576736,0.383407297579,0.520288275471,0.705604664553
0.874122601778,0.394736842105,0.400197502217,0.221242118331,0.365325077399,0.193467336683,0.106464689567,1.0,0.5,0.473101267451,0.726935558646,1.0,1.0,0.6,0.886948529412,0.292798079089,0.461935415989,0.51396396021,0.364742971927,0.522949393097,0.653447419974
0.890500701919,0.368421052632,0.657598308435,0.4718260969,0.532507739938,0.462311557789,0.243225944101,0.428571428571,0.5,0.522846139907,0.523875753361,1.0,0.0,0.6,0.6396484375,0.115470986088,0.417505898714,0.328702649585,0.237713460841,0.294161153102,0.3531733393
0.864763687412,0.5,0.543441341438,0.347234473521,0.484520123839,0.502512562814,0.134841049712,0.428571428571,0.5,0.305939325388,0.446917014372,1.0,1.0,0.2,0.480072463768,0.126877231602,0.163924282972,0.308097214022,0.232389231933,0.433034499769,0.264524326795
0.802526906879,0.815789473684,0.415151271517,0.266318729785,0.442724458204,0.174623115578,0.113718796672,0.714285714286,1.0,0.539638668274,0.837737598516,1.0,1.0,0.6,0.46875,0.191928380462,0.440620375274,0.495966612437,0.356480391222,0.524558381318,0.63771398271
0.981282171268,0.447368421053,0.4414811919,0.184537227613,0.286377708978,0.154522613065,0.0721143588649,0.714285714286,1.0,0.503035098613,0.802503477051,1.0,1.0,0.6,0.923507462687,0.110668235071,0.410209354802,0.604427239281,0.449719223858,0.651503645316,0.680945326501
0.790828263921,0.815789473684,0.517839968206,0.347655101441,0.482972136223,0.491206030151,0.108811606571,0.428571428571,1.0,0.327895617464,0.510431154381,1.0,1.0,0.2,0.177469135802,0.19822745995,0.189220021132,0.338123849102,0.245526549051,0.498744942423,0.282549322623
0.872250818905,0.342105263158,0.674262831044,0.41843085367,0.484520123839,0.481155778894,0.144442073821,0.571428571429,0.5,0.139099334731,0.360222531293,1.0,1.0,0.2,0.674603174603,0.155767799737,0.236943572545,0.314032478278,0.23035122975,0.416468722997,0.266810188803
0.946186242396,0.263157894737,0.539219183252,0.293924989382,0.314241486068,0.204773869347,0.115425645402,1.0,0.5,0.243938346414,0.410292072323,1.0,1.0,0.2,0.816964285714,0.119832817437,0.384090809621,0.451492384061,0.370858563334,0.505958625148,0.563479910413
0.971455311184,0.289473684211,0.325604515515,0.147779247934,0.202786377709,0.0992462311558,0.0245359505014,0.428571428571,0.5,0.399253063135,0.595271210014,1.0,1.0,0.6,0.747950819672,0.108078411518,0.495764126357,0.686951876414,0.580875102098,0.792382150527,0.783846297467
0.691623771642,0.236842105263,0.331453461455,0.147023751184,0.222910216718,0.11432160804,0.0270962235972,0.428571428571,1.0,0.379013954255,0.568845618915,1.0,1.0,0.2,0.826271186441,0.254559949326,0.398715105617,0.632165661185,0.521920873256,0.794522492379,0.719900694081
0.613008890969,0.210526315789,0.0415226676027,0.0,0.0510835913313,0.0653266331658,0.0,0.714285714286,1.0,0.652943608374,0.763560500695,1.0,1.0,0.6,0.988136574074,0.30326585573,0.417696430541,0.925468353584,0.906571485924,1.0,0.868245881735
0.937295273748,0.236842105263,0.524412209183,0.195232611323,0.100619195046,0.070351758794,0.0241092383188,0.428571428571,0.5,0.426195169386,0.579044969866,1.0,1.0,0.6,0.961174242424,0.0259133408976,0.56642910541,0.741501692837,0.731603626618,0.818369681354,0.830656150926
0.961160505381,0.157894736842,0.230129456631,0.1190050312,0.252321981424,0.155778894472,0.0247493065927,0.714285714286,1.0,0.570187645222,0.763560500695,1.0,1.0,0.6,1.0,0.11283607768,0.484994325785,0.647153959261,0.543477068493,0.809548406143,0.679779687922
0.225081890501,0.236842105263,0.020041100394,0.0252662615571,0.212074303406,0.0891959798995,0.0142948581182,0.714285714286,1.0,0.628886804243,0.76170607325,1.0,1.0,0.6,0.826271186441,1.0,0.387570097675,0.774465513711,0.606013451204,0.890117952885,0.775479583005
0.927468413664,0.157894736842,0.18901691073,0.0529378614133,0.143962848297,0.0804020100503,0.0108811606571,0.428571428571,0.5,0.0830196210707,0.385257301808,1.0,1.0,0.2,0.954241071429,0.128708712531,0.341827016178,0.735317950037,0.609187458273,0.851757811967,0.772690678185
0.937763219467,0.0263157894737,0.710724934447,0.371247018851,0.255417956656,0.0942211055276,0.104971196928,0.928571428571,0.0,0.617979229595,0.687297171998,1.0,1.0,0.6,0.949754901961,0.0257117437501,0.733354223896,0.629313450803,0.51879432392,0.461810956207,0.802210520231
0.777257838091,0.131578947368,0.386713767463,0.134539677873,0.100619195046,0.0804020100503,0.0177085555793,0.428571428571,1.0,0.433096369558,0.671766342142,1.0,1.0,0.6,1.0,0.205621610179,0.508495911115,0.766239669035,0.739151829734,0.852988971268,0.833726599235
0.934487599438,0.184210526316,0.244319334554,0.0877111307132,0.0913312693498,0.0854271356784,0.0177085555793,0.714285714286,1.0,0.647970188594,0.759851645804,1.0,1.0,0.6,0.910087719298,0.12536313016,0.522671114456,0.816281302487,0.780484460962,0.894001618184,0.806801129452
0.0,0.368421052632,0.0,0.0424139958836,0.148606811146,0.105527638191,0.016855131214,0.0,1.0,0.0,0.38247566064,1.0,1.0,0.2,0.6396484375,0.879119449626,0.340269019899,0.680645915797,0.600516354032,0.819479962865,0.719900694081
0.999064108563,0.105263157895,0.942422139981,0.685815446437,0.540247678019,0.430904522613,0.347557072754,1.0,0.0,0.657079873306,0.447148817803,1.0,0.0,0.2,0.954241071429,0.0,0.61325229851,0.313168456706,0.194239096054,0.191800272011,0.375521699981
0.988301357043,0.131578947368,0.587156455747,0.327877421673,0.27399380805,0.0540201005025,0.104757840836,1.0,0.5,0.506891288573,0.642095503013,1.0,1.0,0.6,1.0,0.100383902584,1.0,0.703058083933,0.469919826134,0.512955120938,0.8945974456
0.988769302761,0.157894736842,0.969074675131,0.770998725865,0.698142414861,0.618090452261,0.343930019202,1.0,0.5,0.502632240517,0.307834955957,1.0,0.0,0.2,0.923507462687,0.0389902030945,0.310864526394,0.160567401388,0.105742288467,0.18475750361,0.169675018286
0.979410388395,0.263157894737,0.852334875007,0.590659609919,0.602167182663,0.501256281407,0.271175592063,0.928571428571,0.0,0.678185018441,0.51668984701,1.0,0.0,0.466666666667,0.786458333333,0.039611738943,0.519378582192,0.304456167568,0.178227365505,0.260922217671,0.365016401201
0.79129620964,0.394736842105,0.420610020728,0.260376849946,0.334365325077,0.0841708542714,0.122466396416,1.0,0.5,1.0,0.627260083449,0.0,0.0,1.0,0.621448863636,0.250698437705,0.560409422306,0.519402390564,0.359168579528,0.474754165404,0.729052225079
0.99438465138,0.815789473684,0.199907556811,0.0945800254827,0.244582043344,0.0753768844221,0.0640068273949,0.571428571429,0.5,0.510341605168,0.515530829856,1.0,0.0,0.466666666667,0.173992673993,0.00191511623059,0.545809001803,0.675151412063,0.516193497127,0.585066418864,0.903747294165
0.4450163781,0.184210526316,0.2741295574,0.233517919566,0.486068111455,0.477386934673,0.114358864946,0.857142857143,0.5,0.704073911401,0.33889661567,0.0,0.0,0.2,0.685307017544,0.445974894793,0.411288576781,0.363166706756,0.25765446533,0.43447248623,0.241158295582
0.99719232569,0.605263157895,0.653675630069,0.488381685125,0.56346749226,0.562814070352,0.268401962876,0.571428571429,0.5,0.565652637167,0.292535929532,0.0,0.0,0.466666666667,0.602168949772,0.000765126132011,0.199658819051,0.204432420131,0.160387668847,0.249186833908,0.171991077363
0.970519419747,0.157894736842,1.0,1.0,1.0,1.0,1.0,0.571428571429,0.5,0.303883795717,0.0973574408901,0.0,0.0,0.0,0.725446428571,0.011802888095,0.0176638304505,0.0,0.0,0.0,0.0
0.944314459523,1.0,0.968418670254,0.903904897252,0.891640866873,0.888190954774,0.692767228504,0.857142857143,0.5,0.550192988575,0.159017153454,0.0,0.0,0.0,0.48204787234,0.0228980571953,0.132028430981,0.0458567168805,0.0231277628429,0.0582240356975,0.0279681618154
0.99438465138,0.0,0.843374792028,0.68848622954,0.715170278638,0.820351758794,0.355024535951,0.0,0.5,0.125761061239,0.0,0.0,0.0,0.0,1.0,0.00191511623059,0.0310083318384,0.0691095580742,0.078490044709,0.167006298884,0.0525218485051
0.980346279832,0.842105263158,0.939033435154,0.815442353556,0.87306501548,0.891959798995,0.392361851931,1.0,0.5,0.340660496609,0.0890125173853,0.0,0.0,0.0,0.0,0.00770681706992,0.0547377099674,0.0562240500725,0.0305547486018,0.150319167777,0.0260444278926
0.964436125409,0.210526315789,0.849322811279,0.79829461923,0.869969040248,0.879396984925,0.49754640495,0.428571428571,0.5,0.302124500202,0.0746407046824,0.0,0.0,0.0,0.646551724138,0.0143560597503,0.0,0.0291507692274,0.024835837141,0.10752996165,0.0577341188511
