1.0,0.172650620232,0.986900768443,0.791491106254,0.618690552942,0.655654039173,0.935279808443
1.0,0.504783958928,0.738289327996,0.638166164658,0.417176924138,0.570772285936,0.758201726141
0.241758241758,0.35316592947,0.217253559363,0.58100043892,0.46515123739,0.901826729211,0.488579054517
0.509031198686,0.425893785564,0.362744565316,0.51345946856,0.440414482119,0.520398821345,0.524442918663
0.515222482436,0.325592795052,0.238065635636,0.431348130053,0.417176924138,0.46414015107,0.349488687329
0.852878464819,1.0,0.462896204846,0.499127526113,0.354004025931,0.577928766907,0.617521356037
1.0,0.137738262449,0.946713107216,0.819370966423,0.764191123329,0.68921007717,0.90682083093
1.0,0.434823292181,0.888841920096,1.0,1.0,0.908020186689,1.0
0.911989795918,0.212637344621,0.43247611273,0.49354443965,0.409740905584,0.463999988162,0.613207477567
1.0,0.335441074357,0.514192321522,0.49156988765,0.40937319038,0.400739755843,0.598575219269
0.911989795918,0.169830549511,0.798129296969,0.737727278925,0.553794031487,0.67901875193,0.824593289813
1.0,0.360306134422,0.943905542531,0.864386169592,0.885391207164,0.690126926512,0.961483904501
1.0,0.36102174613,1.0,0.831241532193,0.748269721072,0.67901875193,0.935279808443
1.0,0.491652754591,0.694210057607,0.527551591829,0.323944317976,0.554082920461,0.676204978672
0.647959183673,0.31579966611,0.265872383522,0.2988324528,0.216870889285,0.425321774906,0.252264348137
0.852878464819,0.171945156432,0.592946485378,0.488729190738,0.41372644616,0.420766258779,0.488090703625
1.0,0.0800308205984,0.658222098549,0.79562495551,0.629674911661,0.918086376928,0.828140128395
1.0,0.323489640481,0.930491230919,0.947258991193,0.947917092236,0.845752212631,0.949968312966
0.241758241758,0.67316495234,0.485199376577,0.558570177589,0.398861607502,0.596532340343,0.71666776657
0.78256302521,0.383422920986,0.375541085965,0.335086787934,0.231276460285,0.376407083827,0.306242601739
0.0,0.42129750854,0.367761689069,0.430010399002,0.312119729229,0.551780255243,0.440697275002
0.852878464819,0.36747532336,0.364612087148,0.506322082351,0.378039984379,0.646950375153,0.580326892064
0.374149659864,0.515668780455,0.261680658757,0.3445649235,0.226046684627,0.477728168565,0.274781341334
0.647959183673,0.358875780347,0.507426429659,0.627648671807,0.468125124656,0.692287739855,0.695625260967
0.977182539683,0.845269644293,0.516416949248,0.836024515467,0.712554710335,1.0,0.841575639899
0.925324675325,0.0860455876934,0.507223366338,0.719957302126,0.610220060425,0.916822277807,0.792171807236
1.0,0.374673673124,0.492812991088,0.774024104719,0.57280709604,0.967402234505,0.758201726141
0.911989795918,0.0853761817261,0.466615535046,0.8018403542,0.605430558419,0.991927534472,0.813827715502
1.0,0.540792030433,0.705745115208,0.692331247254,0.523501610696,0.652732386697,0.792171807236
0.589285714286,0.416269914879,0.433416545892,0.776131224495,0.720737371013,0.937478875997,0.747293901937
1.0,0.0,0.89043516708,0.453084821829,0.279425637029,0.320343165654,0.639529556896
0.852878464819,0.129467479813,0.706279035465,0.275757069702,0.132245372064,0.241219650734,0.25317747041
0.589285714286,0.346764381313,0.64640223266,0.496399731907,0.33783888075,0.489109891075,0.713695470162
0.0577731092437,0.00635916851529,0.598281614975,0.592317263325,0.363514934572,0.591812528611,0.792560530351
0.394736842105,0.00254061133795,0.152420493023,0.175601565332,0.13737555141,0.237616328207,0.15659030615
0.47193877551,0.0391916444361,0.0428038093529,0.0,0.0,0.0,0.0
1.0,0.00635916851529,0.00497104092947,0.058651995893,0.0387881003042,0.17657879904,0.0354275364552
0.320197044335,0.025590586974,0.0,0.0154717038026,0.0159379785318,0.0348532046684,0.0338773465561
