0.004891,6.3e-05,0.000788911198511,0.000506192,0.000226,0.00018275,0.00038675
0.00463,6.2e-05,0.000693731577497,0.000438372,0.000225,0.00018975,0.00034275
0.004985,7.1e-05,0.000656715046589,0.000396672,0.000211,0.000118,0.00033325
0.004922,6.6e-05,0.000820769265728,0.000597794,0.000396,0.00025775,0.00043925
0.00476,5.6e-05,0.000560451457823,0.000401632,0.0002545,0.0001885,0.000406
0.004835,7.5e-05,0.000746583521211,0.000439816,0.000215,0.000136,0.0003215
0.004855,8.8e-05,0.000694445711315,0.000371506,0.000188,0.000108,0.00028
0.004832,5.7e-05,0.000689135987959,0.00051459,0.000395,0.000255,0.00044
0.004804,6.9e-05,0.000594845117223,0.000447246,0.000319,0.000214,0.00040925
0.004536,5.6e-05,0.000631214945612,0.000544206,0.000406,0.000362,0.00044525
0.004988,5.7e-05,0.000810184040867,0.000523382,0.000269,0.000199,0.000452
0.004708,7.3e-05,0.000713608688501,0.000511236,0.0002465,0.00013975,0.00044425
0.004839,6.4e-05,0.00084848798198,0.000589294,0.0003545,0.000218,0.00045125
0.004961,7.5e-05,0.000989072265257,0.00068159,0.000367,0.000214,0.0004655
0.004939,6.3e-05,0.000613764992159,0.00048812,0.000388,0.000232,0.00042125
0.004936,7.7e-05,0.00097937830228,0.000681968,0.0003095,0.000206,0.000552
0.004754,5.7e-05,0.000748030234819,0.000382286,0.000186,0.000106,0.0002395
0.004816,6.6e-05,0.000876490737199,0.000533902,0.0002325,0.000186,0.00038675
0.004939,6.5e-05,0.000844132300709,0.00053763,0.000229,0.000196,0.00048325
0.004723,6e-05,0.000797747337445,0.00047376,0.000218,0.0001745,0.000389
0.004188,5.7e-05,0.000627593710392,0.000449526,0.0002625,0.000185,0.000431
0.004973,6.2e-05,0.000756198510974,0.0004276,0.000212,0.00012175,0.00034425
0.004983,8.8e-05,0.000855522261945,0.000538854,0.000244,0.000185,0.000443
0.004962,6.5e-05,0.00077000275905,0.000467084,0.000223,0.00017975,0.0003775
0.004987,6.2e-05,0.000695986864255,0.000435028,0.000225,0.000157,0.000392
0.004717,6.8e-05,0.00060899305265,0.000404768,0.000224,0.000195,0.00040425
0.004582,6.2e-05,0.000705899189403,0.00048708,0.0002945,0.000198,0.000425
0.004994,5.9e-05,0.000904504354342,0.000656676,0.00039,0.00024575,0.00049625
0.004647,7.7e-05,0.000787093725845,0.000534356,0.000273,0.00016325,0.0004455
0.004935,5.6e-05,0.000905975486368,0.00066191,0.000352,0.00024325,0.000521
0.004988,6.6e-05,0.00090502266955,0.00059146,0.000283,0.00019275,0.00044475
0.004583,8.1e-05,0.00058448959483,0.000394744,0.000271,0.000194,0.0003755
0.004725,5.6e-05,0.000570376424741,0.00039321,0.000217,0.00015075,0.000379
0.004991,6.8e-05,0.000653925157978,0.000407458,0.0002655,0.000139,0.0004165
0.004734,9.1e-05,0.000634171634825,0.000426172,0.0002225,0.00018175,0.00039125
0.004948,5.8e-05,0.000817805760007,0.00053733,0.000236,0.000176,0.00044
0.004586,6.3e-05,0.000717285704015,0.000475896,0.000264,0.000188,0.00041575
0.004656,5.5e-05,0.000784015759219,0.000534964,0.000269,0.000202,0.0004485
0.004505,5.9e-05,0.000734116215527,0.00048139,0.0002665,0.000137,0.00041925
0.004667,9e-05,0.000750709371437,0.000579194,0.000395,0.00027475,0.000437
0.004977,6.8e-05,0.000691487128152,0.00042614,0.000214,0.000126,0.00035125
0.004754,8.4e-05,0.000871920660196,0.000594018,0.0002355,0.00019875,0.0004945
0.004876,5.7e-05,0.0006719141791,0.000424118,0.000221,0.00017875,0.000373
0.004733,7.6e-05,0.000750025932552,0.00060155,0.0004,0.0003255,0.000486
0.004759,9.8e-05,0.00083898842962,0.000579342,0.0003635,0.0002305,0.0004585
0.004995,5.6e-05,0.000725093326437,0.000510634,0.000364,0.00022175,0.000437
0.004908,8.4e-05,0.000761894976854,0.000573838,0.0004,0.00031975,0.000439
0.004856,5.9e-05,0.000557436755484,0.000385306,0.000236,0.00015175,0.0003915
0.004927,7.2e-05,0.000867051449479,0.000547134,0.0002665,0.0001735,0.000455
0.00485,6.7e-05,0.000693741265531,0.00043015,0.000226,0.0001575,0.00038425
0.00498,6.6e-05,0.000870050946683,0.000576776,0.0002445,0.00019775,0.0004795
0.004714,5.8e-05,0.000821671622058,0.000520752,0.0002265,0.000192,0.000434
0.004768,7.5e-05,0.000756646617078,0.000545808,0.000353,0.000203,0.000441
0.004871,6.3e-05,0.000617777591513,0.000457632,0.0002685,0.00018875,0.000444
0.004974,6.6e-05,0.000801895560472,0.000541564,0.0003925,0.000229,0.00042325
0.004824,8.2e-05,0.000823527214851,0.00060492,0.000395,0.000264,0.000474
0.004711,8e-05,0.000708483764906,0.000463308,0.000231,0.00017475,0.00042425
0.004702,5.7e-05,0.000647602945873,0.000420636,0.0002275,0.000186,0.00039475
0.004956,8.5e-05,0.000709656820825,0.000491716,0.000239,0.0001545,0.000425
0.00448,6.7e-05,0.000506739765209,0.000338934,0.000215,0.000178,0.00032425
0.004996,6.5e-05,0.000563981789419,0.000363802,0.000211,0.00011775,0.00030725
0.004971,8.2e-05,0.00089542633613,0.000588758,0.000263,0.00019175,0.00046675
0.004965,8.2e-05,0.000868654938191,0.000539566,0.00022,0.00016175,0.000443
0.004494,7.7e-05,0.000629669531599,0.000396676,0.0002695,0.00019375,0.000364
0.004759,7.8e-05,0.000529029460333,0.00034299,0.000211,0.000175,0.00030925
0.004822,6.7e-05,0.000706271954247,0.000428238,0.0002255,0.000161,0.000392
0.004995,8.1e-05,0.000783073054296,0.000458806,0.000208,0.00011175,0.00033125
0.004966,6.5e-05,0.000729671861658,0.000471952,0.0002575,0.000193,0.000438
0.004877,6.1e-05,0.000726263744556,0.000483688,0.0002635,0.000195,0.00043725
0.004742,6.8e-05,0.000774908636163,0.00052656,0.000223,0.000171,0.0004575
0.004963,5.7e-05,0.000870405044735,0.00056949,0.0002715,0.000187,0.00047425
0.004646,5.6e-05,0.000749677241485,0.00045536,0.0002,0.000112,0.000368
0.00498,9.1e-05,0.000827324344581,0.000517192,0.000219,0.000177,0.00042975
0.004653,5.7e-05,0.000657607591985,0.000454842,0.0002235,0.00018975,0.000417
0.004818,6.2e-05,0.000764834541194,0.000490314,0.000273,0.0001695,0.000419
0.004554,6.8e-05,0.000692817917237,0.000446666,0.0002305,0.00014375,0.000408
0.004964,5.8e-05,0.000767836277182,0.000497538,0.0002945,0.000195,0.00043625
0.004516,6.9e-05,0.0007248474385,0.00053647,0.0002385,0.000187,0.00046625
0.004748,5.9e-05,0.000691388047044,0.000471398,0.0002235,0.00014075,0.00043525
0.004978,6.8e-05,0.000913080562218,0.00059867,0.0002695,0.000196,0.00045625
0.004992,6.8e-05,0.000914670942385,0.000576534,0.000224,0.000188,0.00044875
0.004621,5.9e-05,0.000761493814068,0.000460944,0.000197,0.00010975,0.00036625
0.004833,9.4e-05,0.000748332305894,0.000501866,0.000235,0.00018875,0.00043125
0.004715,6.5e-05,0.00071795376808,0.00043373,0.000215,0.00011975,0.00038625
0.004998,5.8e-05,0.000831179111564,0.00051915,0.000232,0.00014775,0.0004175
0.004793,5.6e-05,0.000834060534024,0.000542172,0.000264,0.000194,0.00044825
0.004996,5.8e-05,0.000958794241224,0.000687114,0.0002975,0.0001955,0.00054475
0.00499,6e-05,0.00107450623603,0.000668418,0.0002175,0.00017475,0.000495
0.004989,6.4e-05,0.000758906464168,0.000452262,0.0001935,0.000109,0.0003125
0.004988,6.5e-05,0.000721486314423,0.00036089,0.000126,0.000104,0.0002445
0.004846,5.3e-05,0.000751599383544,0.000420216,0.0001935,0.00010675,0.0002855
0.003999,5.7e-05,0.000538202054292,0.000313234,0.000119,0.000106,0.00022425
0.004996,5.2e-05,0.000833644502581,0.000534146,0.000215,0.00014375,0.00037475
0.00488,5.4e-05,0.000835041383798,0.000522188,0.000206,0.00010975,0.00036225
0.004638,5e-05,0.000820893334896,0.000571582,0.0002525,0.00017325,0.00051775
0.004996,6.2e-05,0.000869849288105,0.000579228,0.000216,0.00011475,0.00051125
0.00479,6.6e-05,0.000963635664272,0.000662388,0.0002785,0.000179,0.00050375
0.004588,7.8e-05,0.000795327596149,0.000559202,0.0003095,0.00018475,0.00044125
0.004948,8.7e-05,0.000801678179249,0.000607054,0.000359,0.0002185,0.00046875
0.004878,7.1e-05,0.000825504215994,0.000582624,0.0003315,0.000196,0.000423
0.004852,6.9e-05,0.00104703446547,0.000776454,0.0003655,0.000225,0.000508
0.00496,7.5e-05,0.000880732313137,0.000646814,0.0003485,0.00021,0.00045325
0.004929,8.8e-05,0.000907624371563,0.000600012,0.000334,0.00018875,0.0004235
0.004807,6.5e-05,0.000937080105901,0.000683682,0.000339,0.000201,0.000494
0.004996,6.7e-05,0.000985619763347,0.00070739,0.0003185,0.00019275,0.00058775
0.004772,7.9e-05,0.000959134454097,0.000578842,0.000203,0.000106,0.0004535
0.004913,6.4e-05,0.000859893124745,0.000515504,0.0002015,0.000108,0.00038325
0.004412,8.6e-05,0.000751331727545,0.000500428,0.00022,0.000175,0.0004735
0.004964,6.4e-05,0.00079255522736,0.000528672,0.000293,0.00017975,0.000421
0.004993,6.6e-05,0.000755079536078,0.000477986,0.000235,0.00013375,0.000415
0.004587,8.7e-05,0.000670676742987,0.000472196,0.0002395,0.00016,0.000446
0.004676,6.4e-05,0.000852829001409,0.000610566,0.0003245,0.000205,0.0004545
0.004765,6.5e-05,0.000790721345952,0.000535584,0.00027,0.00014475,0.00046225
0.004796,8.3e-05,0.000768399695273,0.000547452,0.000257,0.0001925,0.00046575
0.004802,7.1e-05,0.0007008275748,0.00052852,0.0003285,0.000217,0.0004375
0.00475,5.7e-05,0.000820234578864,0.000533194,0.0002385,0.00018175,0.00043225
0.004897,5.7e-05,0.000863488107182,0.000559234,0.000264,0.0001965,0.0004355
0.004973,5.8e-05,0.000872429735495,0.000554932,0.0002185,0.00014475,0.00043325
0.00487,5.6e-05,0.000779660514983,0.000484624,0.0002245,0.0001485,0.000407
0.004933,6.5e-05,0.000860959441876,0.000525038,0.0002285,0.000137,0.0004265
0.004893,5.7e-05,0.00075648336558,0.00043996,0.000176,0.000109,0.00038925
0.00495,5.6e-05,0.000837025621254,0.000580442,0.0003775,0.00021375,0.00044525
0.004907,6.3e-05,0.00074459302199,0.000471902,0.000234,0.000143,0.0003945
0.004504,8e-05,0.000781977117136,0.000507326,0.0002175,0.000126,0.00041325
0.004843,6.4e-05,0.000827082643648,0.000540976,0.0002265,0.00014775,0.000414
0.00488,5.6e-05,0.000788227737373,0.000550994,0.000322,0.000197,0.00042325
0.004981,5.7e-05,0.000801667103978,0.00053352,0.0002555,0.00016725,0.00043475
0.004749,9.5e-05,0.000790234791061,0.000469886,0.000205,0.00011,0.00038625
0.004707,6.4e-05,0.00079795855736,0.000520856,0.0002175,0.00015025,0.00047525
0.004811,5.8e-05,0.000687701694737,0.000456084,0.000304,0.00014175,0.0004155
0.004838,6.4e-05,0.000783517962005,0.000535596,0.0002805,0.00018575,0.00051025
0.00446,6.6e-05,0.000753191363867,0.000551086,0.0003045,0.000203,0.0004825
0.004995,5.7e-05,0.000680484613598,0.000544216,0.0003415,0.0002265,0.00046725
0.004917,5.8e-05,0.00082745525582,0.000545704,0.000301,0.00014575,0.0004545
0.004914,5.5e-05,0.000966097344948,0.000672422,0.0003115,0.000199,0.00051675
0.004926,7.4e-05,0.000838633571176,0.000547036,0.0002565,0.000147,0.00044225
0.004956,6.2e-05,0.000852881342131,0.000551662,0.0002605,0.000192,0.00044025
0.004559,7e-05,0.000740422851738,0.000498932,0.0002215,0.00012675,0.00043325
0.004963,6.2e-05,0.000876269066842,0.000625136,0.0003535,0.000208,0.00049975
0.004986,7.6e-05,0.000886485771798,0.00060102,0.0003615,0.00019175,0.000445
0.004894,5.9e-05,0.00080057985808,0.000515906,0.0002165,0.000145,0.00042925
0.004708,5.7e-05,0.000867713470302,0.000555884,0.000235,0.000142,0.00043225
0.004726,7.1e-05,0.000707370245017,0.000479092,0.000261,0.000192,0.00041325
0.004795,0.000116,0.00087650257638,0.00069124,0.000398,0.00032575,0.0004885
0.004713,8.8e-05,0.000810659728811,0.000599578,0.000381,0.00022725,0.00047325
0.004729,6.6e-05,0.000725191817304,0.000440546,0.000212,0.000122,0.000384
0.004956,6.6e-05,0.000936930721561,0.000624386,0.0002695,0.00014375,0.000472
0.004951,6.1e-05,0.000856208171921,0.000561656,0.000233,0.000193,0.00048125
0.00479,6.5e-05,0.000667395667304,0.000454208,0.0002535,0.000174,0.000431
0.004854,8e-05,0.000850260423868,0.000588902,0.0003815,0.000205,0.000431
0.004888,5.9e-05,0.000816346119976,0.00063182,0.000384,0.00022475,0.0004975
0.00472,5.5e-05,0.000832195935063,0.000505608,0.000241,0.00013175,0.00040325
0.004894,9.6e-05,0.00091595609478,0.000695794,0.000391,0.00027,0.000506
0.004751,7.8e-05,0.000865610186641,0.000619972,0.000355,0.00019675,0.000473
0.004979,9.5e-05,0.000730983634649,0.000563126,0.000396,0.00028825,0.00043125
0.00492,9e-05,0.00101378086573,0.000729326,0.000384,0.00021675,0.000478
0.00499,5.8e-05,0.000893413201165,0.000575228,0.00024,0.00019175,0.0004235
0.004975,6.3e-05,0.000851685816484,0.0005359,0.000216,0.00014375,0.0004145
0.004597,5.7e-05,0.000780809163686,0.000490148,0.0002435,0.00017625,0.00040225
0.004958,5.5e-05,0.000733205593694,0.000461624,0.000222,0.000138,0.00039625
0.004984,5.8e-05,0.000733600850869,0.000519098,0.000325,0.000212,0.00043
0.004954,9.2e-05,0.000839753914192,0.00062606,0.00039,0.00027075,0.00045975
0.004976,5.7e-05,0.000982015917183,0.00069628,0.0003745,0.00020675,0.0005185
0.004956,9.9e-05,0.00080150112868,0.000602082,0.0003725,0.000217,0.00047225
0.00486,8.5e-05,0.000823365820838,0.000581226,0.000385,0.000215,0.00043325
0.004998,6.3e-05,0.000864889905768,0.00059097,0.0002725,0.000187,0.00047825
0.00482,7.7e-05,0.000807644541166,0.000478318,0.00021,0.00011075,0.0003925
0.004957,6.2e-05,0.000814393828316,0.00066018,0.0003955,0.000238,0.00052375
0.004989,7.6e-05,0.000837556155787,0.000606148,0.000388,0.00020775,0.000437
0.004949,7.8e-05,0.000856337283449,0.000618324,0.0003365,0.000224,0.00049275
0.004824,6.8e-05,0.000871147377224,0.000524466,0.0002075,0.00011,0.000431
0.004802,6.8e-05,0.000826208374095,0.000486524,0.0002055,0.000108,0.00039925
0.004979,6.2e-05,0.000868243835392,0.000689952,0.000398,0.00029275,0.000545
0.00488,6.7e-05,0.000892307365383,0.000604822,0.000312,0.000202,0.000456
0.004551,6.3e-05,0.000812175267183,0.000524124,0.000226,0.00015175,0.000435
0.004952,5.6e-05,0.000924769891489,0.000691786,0.000404,0.00032275,0.000483
0.004988,6.5e-05,0.000754146788035,0.000484564,0.0002185,0.0001195,0.0003955
0.004822,9.2e-05,0.000690053134473,0.000403598,0.000211,0.0001185,0.00032325
0.004758,7.2e-05,0.000814385825525,0.000554572,0.000315,0.000187,0.000443
0.004958,6.8e-05,0.000849124606853,0.000512494,0.0002335,0.000137,0.000417
0.00491,7e-05,0.000734151601725,0.000441678,0.000197,0.000108,0.0003685
0.004903,8.1e-05,0.000935023271109,0.000580022,0.0002245,0.000144,0.000443
0.004938,9.1e-05,0.000829539985688,0.000551012,0.000361,0.00018275,0.000441
0.004858,5.6e-05,0.000868543752844,0.000658914,0.0004,0.0002335,0.0004895
0.004922,5.7e-05,0.000864747292147,0.000530582,0.0001965,0.000109,0.0004165
0.004711,9.4e-05,0.00081838921465,0.000547312,0.0003205,0.00017775,0.00043225
0.004915,6.5e-05,0.0010866325828,0.000836002,0.000394,0.000212,0.00075825
0.004882,6.5e-05,0.000795268299723,0.000564384,0.00032,0.000198,0.00046725
0.004972,5.7e-05,0.000781611057486,0.000482104,0.000218,0.00013275,0.00041225
0.004957,7.8e-05,0.000876640180624,0.000633654,0.0003905,0.00025775,0.00044625
0.00476,7.6e-05,0.000895244686219,0.000693214,0.000378,0.0002195,0.0005635
0.004954,5.6e-05,0.000961678501145,0.000679206,0.0003695,0.00027075,0.00047325
0.004997,7.7e-05,0.000953746120063,0.000683408,0.000391,0.00026875,0.000489
0.004924,6.8e-05,0.000841380026014,0.000670268,0.000395,0.00031075,0.0004995
0.004842,7.5e-05,0.000987389810205,0.000734052,0.0003625,0.000213,0.000528
0.004958,6.3e-05,0.000867906761764,0.000563622,0.000307,0.00017575,0.000432
0.004958,8e-05,0.000918901413611,0.000641992,0.0003865,0.000217,0.0004385
0.004662,6.7e-05,0.000717747224638,0.000474782,0.0002755,0.000142,0.0004145
0.004999,6.6e-05,0.000962870168567,0.000623978,0.0002745,0.000129,0.00043825
0.004795,5.5e-05,0.000878287227394,0.000530986,0.000214,0.000112,0.00038725
0.004711,6.3e-05,0.000679484276186,0.000390804,0.0002045,0.00011,0.000316
0.004958,5.8e-05,0.000744798728248,0.00046392,0.0002225,0.000116,0.000406
0.004924,5.5e-05,0.000698070463294,0.000467826,0.000275,0.00018,0.00043
0.004778,6.5e-05,0.000472844927117,0.00026953,0.000128,0.000108,0.00022325
0.004972,5.6e-05,0.000857383646914,0.000607498,0.000395,0.00027575,0.000436
0.00471,6.9e-05,0.000495990392649,0.00032248,0.000212,0.000119,0.00033375
0.004643,6.5e-05,0.000637372399939,0.000380286,0.0002095,0.00013175,0.000315
0.004668,7.3e-05,0.000741757936375,0.000454268,0.000206,0.000115,0.0003585
0.004801,7.2e-05,0.000639482519777,0.00038737,0.000201,0.00011,0.000332
0.004578,5.9e-05,0.000801875513291,0.000479072,0.000216,0.000114,0.000337
0.004989,6.6e-05,0.000893400240878,0.00054636,0.000217,0.000126,0.00043825
0.00488,6.4e-05,0.000782376601519,0.000480914,0.0002105,0.000134,0.0003635
0.004661,6.4e-05,0.000747321710588,0.000471622,0.000236,0.00017075,0.0003895
0.00495,5.8e-05,0.000640213166925,0.000361664,0.000187,0.000106,0.00027525
0.004644,7.5e-05,0.000642394912218,0.000444766,0.000232,0.000196,0.00037
0.004772,9e-05,0.000646458477339,0.000347774,0.0001815,0.00011,0.000221
0.004823,6.4e-05,0.000732192625027,0.000419684,0.0002015,0.00011375,0.00028925
0.004873,8.2e-05,0.000596552204401,0.000367632,0.000206,0.000109,0.000274
0.004598,7.4e-05,0.000675998856623,0.000430062,0.000217,0.00012075,0.00034225
0.004916,7.5e-05,0.000840519560853,0.000508268,0.0002165,0.000132,0.0004095
0.004983,7.9e-05,0.00079117265246,0.0004175,0.000152,0.000107,0.0003385
0.004981,7.4e-05,0.000749353566813,0.000428352,0.0002115,0.00013,0.000318
0.004871,7e-05,0.000934662170917,0.000608516,0.000219,0.000156,0.00047825
0.004973,6.3e-05,0.000794216623878,0.000576434,0.000359,0.00020375,0.0004415
0.004903,5e-05,0.00083276576989,0.00049115,0.0002105,0.00011675,0.00040875
0.004748,6.2e-05,0.000524412924341,0.000303972,0.0001835,0.000103,0.00022725
0.004891,6.2e-05,0.000934130022093,0.000552768,0.000199,0.00010675,0.0004265
0.004817,7.1e-05,0.000795813957483,0.000479726,0.0001985,0.00010475,0.00035475
0.004997,5.7e-05,0.000587090577335,0.000339498,0.000182,0.000104,0.000232
0.004949,5.2e-05,0.000507682191045,0.000295336,0.0001825,0.000104,0.000216
0.004811,7.2e-05,0.00100237287787,0.000643154,0.0002135,0.00011875,0.00047075
0.004983,5.3e-05,0.000947382919354,0.000665546,0.0002895,0.0001825,0.0005475
0.004957,5.5e-05,0.00109219121046,0.000790286,0.0003255,0.00024175,0.000555
0.004948,6.7e-05,0.000856672894052,0.000663814,0.0003685,0.0002985,0.00046675
0.00498,5.6e-05,0.000906980895894,0.000674978,0.000383,0.00032,0.000439
0.004992,6.5e-05,0.000920176798688,0.000623534,0.00028,0.00019175,0.00044725
0.004975,6.3e-05,0.00127987548396,0.000830666,0.0002155,0.00015975,0.0004685
0.00489,6.6e-05,0.000827001687553,0.000459972,0.0001825,0.000107,0.0003705
0.003613,5.4e-05,0.000440593854247,0.00036046,0.000215,0.00011975,0.00039375
0.004464,8e-05,0.000495133964494,0.000327802,0.000192,0.000108,0.000334
0.004991,6.8e-05,0.000576281606422,0.00040429,0.000205,0.000114,0.00042425
0.00497,5.5e-05,0.000649976649116,0.000398402,0.000192,0.000107,0.000371
0.003834,5.5e-05,0.000529581216174,0.000383574,0.0001985,0.000111,0.0002925
0.00476,6.3e-05,0.000472770001058,0.00030841,0.000181,0.000107,0.000229
0.004105,6e-05,0.000493946154555,0.00030438,0.000156,0.000105,0.000223
0.004861,6.9e-05,0.000540935955318,0.000321838,0.000177,0.000104,0.000238
0.004861,5.8e-05,0.000520128270991,0.000345846,0.0001885,0.000108,0.00033275
0.004385,5e-05,0.000560090619811,0.00037616,0.000144,0.000105,0.00025025
0.004825,7.4e-05,0.000593626050641,0.0003836,0.000181,0.000104,0.000316
0.004646,6.6e-05,0.000572933881644,0.000375208,0.000138,0.000103,0.00034425
0.004518,5.2e-05,0.000532102969118,0.000367484,0.000166,0.000104,0.00028325
0.004842,5.4e-05,0.000637662852034,0.000424944,0.000192,0.000114,0.0003185
0.004777,5.6e-05,0.000612560911646,0.000382782,0.0001385,0.000104,0.00026575
0.004883,7.5e-05,0.000666382662968,0.000415864,0.000191,0.000107,0.00037675
0.00497,6.9e-05,0.000606943323693,0.000383768,0.000157,0.000104,0.00030325
0.004856,5.5e-05,0.000669412732069,0.000412512,0.000189,0.000108,0.00033725
0.003946,7.1e-05,0.000529611215516,0.00037518,0.000195,0.000108,0.00030925
0.004048,6.1e-05,0.000529559841419,0.000364566,0.0001895,0.000109,0.0002395
0.004863,5e-05,0.000608848493637,0.000351214,0.000175,0.000105,0.00022925
0.00475,5.8e-05,0.000565435135304,0.000358542,0.0001505,0.000104,0.00027725
0.004657,6.1e-05,0.000590270284704,0.000407386,0.0002,0.000115,0.0003245
0.004714,5.1e-05,0.000510146601592,0.000305122,0.0001765,0.000106,0.000224
0.004828,8.3e-05,0.000495189357947,0.000296424,0.000184,0.000105,0.000216
0.004809,6.4e-05,0.000557982810269,0.000358038,0.000196,0.000109,0.000244
0.004588,6.6e-05,0.000580774154284,0.000385654,0.0001855,0.000107,0.00036025
0.004591,6.5e-05,0.00071571233343,0.000498424,0.000206,0.000112,0.0005075
0.004675,7.3e-05,0.000632260167751,0.000439826,0.0002115,0.000121,0.00045675
0.004428,7.8e-05,0.000729852851197,0.00049206,0.0002095,0.0001165,0.00046225
0.00466,6e-05,0.000732175116146,0.000474464,0.000201,0.00010975,0.00046575
0.004606,5.8e-05,0.000675144071081,0.000442222,0.000199,0.00011,0.0004365
0.004437,7.3e-05,0.000600643735374,0.000368466,0.000183,0.000108,0.00032625
0.004993,5.6e-05,0.000696365105188,0.000434326,0.000208,0.000121,0.000374
0.004886,6.1e-05,0.000577843093232,0.000368098,0.000183,0.000107,0.00027625
0.004822,7.2e-05,0.000483170134719,0.000333054,0.0001905,0.000109,0.00022825
0.004,7.3e-05,0.000548930856396,0.000354164,0.0001835,0.00010675,0.00025525
0.004786,7.2e-05,0.00056502406285,0.00037578,0.000195,0.00011,0.00030475
0.004533,5.6e-05,0.000599582531363,0.000380578,0.0001885,0.00011,0.000267
0.004721,6.3e-05,0.000455306908267,0.000334778,0.000188,0.000106,0.00034425
0.004875,6.8e-05,0.000532809979678,0.000324334,0.000144,0.000105,0.00022575
0.004161,8e-05,0.000549647186806,0.000380994,0.0001695,0.000108,0.0003255
0.004807,5.9e-05,0.000579975586421,0.000394034,0.0002005,0.000111,0.000377
0.004109,8.2e-05,0.000504784602376,0.000352302,0.000194,0.000108,0.000228
0.004853,5.8e-05,0.000611019208454,0.00034103,0.000141,0.000107,0.000219
0.004842,5.9e-05,0.000565984206197,0.000348344,0.0001845,0.000109,0.00023275
0.004097,7e-05,0.00051201324709,0.000356298,0.000201,0.000115,0.00024525
0.00374,8.4e-05,0.000428987171836,0.00031668,0.0001715,0.000108,0.0002695
0.00491,5.9e-05,0.000678474512712,0.00042494,0.000204,0.000112,0.00040225
0.004124,8.3e-05,0.000512847883767,0.000356546,0.000189,0.000109,0.000362
0.004978,6e-05,0.000572332873059,0.000342804,0.000142,0.000106,0.00023225
0.004586,6.5e-05,0.000593568911622,0.000367534,0.0001935,0.000107,0.000231
0.004603,6.4e-05,0.00055423052733,0.000387476,0.000199,0.00011175,0.0003485
0.004997,6.6e-05,0.000776563722405,0.000552862,0.0002155,0.00014175,0.000519
0.004999,6.9e-05,0.00111110012298,0.000799448,0.00029,0.00011575,0.00095775
0.004923,5e-05,0.000950364709395,0.000639056,0.000223,0.00012675,0.000537
0.004901,5e-05,0.000941356849948,0.000670584,0.0002825,0.000138,0.00063875
0.00496,6.7e-05,0.000697831573545,0.000469842,0.0002205,0.000135,0.000412
0.004999,8.6e-05,0.00115840895041,0.00080734,0.0003095,0.00014725,0.00074625
0.004961,5.1e-05,0.00131428568775,0.001135342,0.0003765,0.0002205,0.00162925
0.004987,6.9e-05,0.00132337660904,0.001220738,0.0004475,0.00024775,0.00190275
0.004932,7.6e-05,0.00129497298659,0.0012618,0.000681,0.00026875,0.0019895
0.004981,6.7e-05,0.0012457783181,0.001263642,0.0008235,0.0002585,0.00196925
0.004972,9e-05,0.00129724000922,0.001245478,0.000617,0.000228,0.002074
0.004878,7.9e-05,0.00127942869829,0.001264498,0.0005995,0.000296,0.0022055
0.004888,5.8e-05,0.00128742730619,0.001186778,0.000463,0.0002905,0.00172425
0.004994,6.8e-05,0.00118811551274,0.001111872,0.000409,0.00023,0.0018345
0.004903,6e-05,0.00123132826722,0.001204434,0.0006185,0.000258,0.00189025
0.004947,8.1e-05,0.00125792813865,0.001288502,0.000884,0.00031,0.00201125
0.004995,8.1e-05,0.00124236957766,0.00120675,0.0006555,0.00022225,0.00191325
0.004991,6e-05,0.00114608288541,0.000982958,0.0003605,0.000213,0.001387
0.004983,7.7e-05,0.00117780047117,0.00091571,0.000353,0.00021475,0.0011715
0.004866,6.4e-05,0.00110809523061,0.000877352,0.000359,0.000214,0.001105
0.004997,9e-05,0.00108435050967,0.000773724,0.000328,0.00015175,0.0008075
0.004913,9.8e-05,0.00102734243765,0.000814214,0.000359,0.000201,0.00099325
0.004949,5.9e-05,0.00104471154772,0.000780508,0.0003255,0.000146,0.00095
0.004974,6.7e-05,0.00110987428827,0.000904338,0.000358,0.000214,0.00115225
0.004988,7.1e-05,0.00117820909876,0.00094774,0.0003475,0.00022325,0.00127475
0.004897,7.6e-05,0.00101187165609,0.00086834,0.000361,0.0002555,0.001199
0.00484,7.6e-05,0.00101361738303,0.000860396,0.000366,0.00025575,0.00109825
0.004914,5.8e-05,0.00111164087116,0.000955334,0.000363,0.000266,0.0013745
0.004832,5.6e-05,0.00109356360174,0.000934212,0.0003845,0.000268,0.00118175
0.004952,7.8e-05,0.0011028310532,0.000974064,0.0004035,0.00027375,0.00133925
0.004878,6.5e-05,0.00112586098307,0.000921798,0.0003485,0.000232,0.0012205
0.004998,8e-05,0.00112667525746,0.000889832,0.000342,0.000265,0.001044
0.00496,5.5e-05,0.00110835824608,0.000977434,0.000371,0.000274,0.00144575
0.004942,7.2e-05,0.00107951417349,0.000932394,0.0003805,0.00023275,0.001241
0.00492,8.1e-05,0.00110982721816,0.000933768,0.000364,0.00025725,0.00123025
0.004975,6.4e-05,0.00104715544608,0.000865912,0.0003425,0.000229,0.00110525
0.004999,7.5e-05,0.00109537251454,0.00098508,0.000409,0.000253,0.001393
0.00494,6.2e-05,0.00113227515712,0.000993976,0.000398,0.000261,0.0013505
0.004991,5.5e-05,0.00117818918956,0.00103844,0.0004045,0.000267,0.00144325
0.004978,5.9e-05,0.00108972911607,0.00085744,0.000326,0.000226,0.00102025
0.005,6.3e-05,0.00111916085997,0.000930752,0.0003465,0.0002455,0.001317
0.004966,6.8e-05,0.00111687042955,0.00098054,0.000381,0.00027075,0.0012855
0.004994,5.7e-05,0.0011198247972,0.001004328,0.000394,0.00027275,0.001393
0.004962,6.3e-05,0.00114471582583,0.00098691,0.000367,0.00027175,0.001305
0.004991,8.5e-05,0.001141774181,0.001022402,0.0004005,0.000272,0.0014685
0.004993,6.6e-05,0.00104617395923,0.000900532,0.000355,0.00026875,0.001227
0.004929,7.3e-05,0.00118891005137,0.001002412,0.000391,0.0002365,0.001429
0.004981,5.7e-05,0.00115594176231,0.001025512,0.000388,0.00027575,0.0014345
0.004994,6.5e-05,0.00114257046729,0.001008722,0.0003935,0.00027175,0.0015045
0.004913,8.3e-05,0.00107737755365,0.00087807,0.000357,0.00022675,0.00116775
0.004998,7.6e-05,0.00122618432362,0.00104425,0.0003695,0.00026575,0.0016945
0.004853,5.2e-05,0.00119984308695,0.001048948,0.000375,0.00027,0.001559
0.004992,5.3e-05,0.00116211410314,0.000998222,0.0003875,0.000266,0.0014075
0.004998,8.3e-05,0.00110328365293,0.000949072,0.0003775,0.000268,0.001295
0.004945,6.1e-05,0.0011536825231,0.001028648,0.000396,0.000269,0.00143325
0.004977,8.3e-05,0.00110058182689,0.000911018,0.000357,0.00025975,0.00117975
0.004939,6.6e-05,0.00125120322177,0.001091768,0.0004025,0.00027,0.00159625
0.004996,6.8e-05,0.00117080679379,0.000900902,0.000358,0.0002515,0.0009615
0.004953,6.4e-05,0.0011170823967,0.000983176,0.0003705,0.00026475,0.001388
0.00491,7.4e-05,0.00120884414917,0.001049532,0.0003945,0.000271,0.001495
0.004995,6.3e-05,0.00121776487477,0.001075076,0.000399,0.000274,0.001514
0.004962,5.7e-05,0.00121710114068,0.001112312,0.000396,0.00029325,0.00192575
0.004924,6.8e-05,0.00105155431144,0.00087159,0.0003585,0.00026475,0.0011155
0.004743,5.6e-05,0.00109098054183,0.000974312,0.000394,0.00026175,0.00155325
0.004917,5.7e-05,0.00120696976641,0.001101158,0.000404,0.0002835,0.0016695
0.00496,7.4e-05,0.00120700683552,0.001075386,0.00038,0.000276,0.001776
0.004889,7.9e-05,0.00113893427246,0.000958532,0.0003595,0.00027,0.00129725
0.004968,5.7e-05,0.00111395251434,0.001077714,0.0005085,0.000307,0.00151625
0.004927,6.4e-05,0.00109676577554,0.00099324,0.000404,0.00029025,0.0013915
0.004935,8e-05,0.0011942143268,0.001097608,0.000458,0.000281,0.00155575
0.004957,6.7e-05,0.00114172951434,0.000999936,0.000401,0.000264,0.00133625
0.004852,6.2e-05,0.00111907436403,0.001074458,0.0005125,0.000297,0.0015585
0.00481,6.1e-05,0.00111308297222,0.001048788,0.0004245,0.000277,0.00150125
0.004805,7.7e-05,0.00114970670239,0.001077522,0.000399,0.000276,0.001925
0.004942,6.5e-05,0.00109071584805,0.000993104,0.0003915,0.00027775,0.00148925
0.004997,7.7e-05,0.00113242448587,0.001069714,0.000426,0.00028275,0.001821
0.004953,8.6e-05,0.00110482328923,0.000947672,0.000364,0.000267,0.00138825
0.004856,5.4e-05,0.0010471258805,0.000892372,0.000364,0.000266,0.0011575
0.004963,6.5e-05,0.00121669603417,0.000985206,0.000367,0.000263,0.0012255
0.004922,8.2e-05,0.00120887557155,0.00109065,0.0004015,0.00028125,0.0018055
0.004991,8.3e-05,0.0012235547965,0.001203634,0.000483,0.000316,0.002045
0.004711,7.8e-05,0.00108068412805,0.001063876,0.000474,0.00029375,0.00152225
0.004991,7.3e-05,0.00112895212901,0.00099668,0.0003905,0.00027375,0.001343
0.005,7.6e-05,0.00128151553025,0.001189346,0.0004395,0.0003035,0.0018135
0.004948,8.5e-05,0.00123796874121,0.001114576,0.000392,0.00027375,0.00176025
0.004955,7.7e-05,0.0011757072722,0.00109719,0.000398,0.000286,0.001847
0.004898,7.7e-05,0.00121191034339,0.001165328,0.000428,0.000299,0.00204475
0.004979,5.7e-05,0.00120226222414,0.001073898,0.0003985,0.00027475,0.00155575
0.004971,5.7e-05,0.0013106586379,0.001089164,0.000374,0.0002595,0.00156175
0.004934,5.5e-05,0.0011479210107,0.001006072,0.000391,0.00027075,0.00139225
0.004969,5.8e-05,0.00111801402728,0.001040896,0.0004225,0.000271,0.00161275
0.004967,7.5e-05,0.00103949516572,0.000859294,0.000359,0.000262,0.0010485
0.004849,5.5e-05,0.0010920361105,0.000948558,0.000359,0.000267,0.00132025
0.004979,7.4e-05,0.00107547563584,0.001062082,0.000435,0.00028,0.001781
0.004973,7.4e-05,0.00117755382637,0.000977502,0.0003605,0.00026975,0.00132125
0.004934,8.3e-05,0.00116549519171,0.00103201,0.0003945,0.000281,0.001483
0.004998,7.9e-05,0.00122534564902,0.001062206,0.000391,0.00027375,0.0015065
0.004917,5.8e-05,0.00111673090509,0.000997796,0.000391,0.0002685,0.001429
0.004899,5.6e-05,0.0010755565841,0.00093572,0.000366,0.00026975,0.0012105
0.004954,6.7e-05,0.00101852221541,0.000769582,0.0003285,0.00025975,0.000523
