880952.380952,12000.0,201908.608208,202842.889422,135763.211424,41050.4613884,294117.647059
1200000.0,12021.6389501,222480.804414,235511.238554,155038.75969,43900.748264,336820.68333
1132075.4717,12505.2105044,218507.5849,263506.442851,222225.27058,49586.7692005,446399.757967
870588.235294,12019.2307692,207767.556161,256066.999215,233222.098628,59642.1471173,346957.7122
769230.769231,12583.8926174,233412.463447,307783.087156,281696.34985,49461.722488,556853.582555
1176470.58824,12153.1294308,189356.868976,181120.571934,119762.387598,32707.0470513,283354.198337
1052631.57895,12043.3560819,200111.923738,253870.892224,211145.595618,108500.156397,333333.333333
961038.961039,12113.8703816,229854.88238,272682.940968,213594.470046,86017.6548967,396791.44385
880952.380952,12113.8703816,217872.436486,240630.466189,187872.174365,39826.7146468,344199.934555
1178571.42857,12463.6476942,224819.805895,385458.083511,347368.421053,276733.193277,568006.562756
835443.037975,12317.7992199,226513.14104,276503.199544,251908.396947,40690.9216088,492537.313433
970588.235294,13263.6655949,226666.604027,308663.887402,288209.606987,69114.5603182,536585.365854
1178571.42857,15869.1993268,229256.444604,324910.690371,313540.961408,115847.100071,528000.0
956521.73913,13229.1040289,220525.459475,271495.497793,242202.650291,50142.8882055,423121.118012
1031250.0,13327.9483037,237021.593089,344626.538894,326732.673267,103988.705333,584070.79646
1178571.42857,13279.6780684,222409.083265,276130.132837,236984.605864,61842.8906528,492537.313433
1178571.42857,14505.4945055,242429.568137,300287.692157,265064.516129,49079.80035,520716.16048
1132530.12048,16413.8274061,280036.639574,411800.890662,354777.845405,183786.141575,693548.387097
1175000.0,17386.7228662,290630.61154,436647.527806,378182.332856,212575.127138,709090.909091
1189873.41772,14310.4943625,255446.393429,329897.235037,296630.711429,71661.4906832,533339.889851
985074.626866,12719.9491202,209784.328655,264641.596776,254826.254826,49741.6060549,375535.714286
942857.142857,13306.7198935,229087.825821,270380.931194,235312.809823,42766.8914268,507692.307692
970588.235294,13202.6405281,218541.837413,267538.803165,243545.751634,49689.4462727,454425.711275
1157894.73684,13218.5059083,209375.380727,257639.980414,244444.444444,49475.3456502,349670.719352
970588.235294,13502.4549918,220170.924998,288610.096636,267143.611537,68809.0978789,508676.207513
1194444.44444,13813.3110088,243640.584466,333855.805635,305555.555556,97273.5554399,516640.009843
1178571.42857,13392.8571429,225710.910469,295491.575625,247194.478734,66971.5447154,529064.516129
1200000.0,13403.7367994,213630.66076,264875.739658,244898.802148,52021.8756475,434929.417916
1031250.0,13513.5135135,224440.750489,290974.44323,255320.104157,67841.1907077,504785.672343
936708.860759,12214.9837134,229161.304586,240572.408829,184233.84979,34341.5496049,376827.586207
1081967.21311,13687.2666943,244026.097786,304246.381743,253359.858532,43392.504931,545454.545455
1100000.0,13311.819282,231920.987608,259406.039678,213592.23301,41385.8245817,475680.325305
1015384.61538,13253.0120482,271273.394437,383952.567893,323529.411765,138657.290408,660254.237288
962962.962963,15879.4788274,269434.392308,425664.364309,401885.62869,197349.337812,702702.702703
1098591.5493,13226.4529058,222658.240163,268902.086372,240437.956204,59099.2800375,384117.117379
895238.095238,12610.3404792,226218.365827,252733.492282,209542.815675,41898.6442555,376847.338663
1118644.0678,13234.4094646,259349.03278,347587.052796,335025.380711,44791.3286617,595945.945946
814814.814815,13707.165109,234570.460411,306701.48223,290748.898678,46124.0056663,529064.516129
1200000.0,13594.2327497,253839.404184,367252.202801,348710.31746,121941.896024,612538.94081
1137931.03448,13290.3745469,217013.322195,253501.865998,236984.605864,40722.0301357,368715.083799
1081967.21311,13830.6789606,243852.559588,291841.53324,266754.850088,44280.5770747,524857.142857
1137931.03448,13250.3513351,234494.898106,285175.323238,258318.014706,51492.1534724,504785.672343
825000.0,13338.7227162,231051.172773,270310.739021,220000.0,46020.5745551,472276.464543
1114285.71429,13516.2809748,216743.568636,294962.260916,258278.145695,128375.870367,395939.086294
1032967.03297,14765.1006711,282286.553734,385873.146185,344936.041271,83772.675737,639702.371479
1157894.73684,13218.5059083,249758.387662,296897.911661,249056.603774,44110.5740327,551155.462185
1200000.0,13420.0894673,265343.836644,306518.02588,278481.012658,60246.1888818,426173.020528
983606.557377,12644.8893572,224049.984531,276426.498654,282656.542313,50314.7333461,462351.029252
717391.304348,13483.1460674,202620.595716,236297.425889,202453.98773,41301.6754948,346004.408928
1000000.0,13266.3316583,255723.130299,317903.933187,304153.924567,59796.2322058,573913.043478
795918.367347,12210.01221,252795.813623,283859.839422,286956.521739,34568.5922536,480019.181586
1178571.42857,13644.8211701,271415.654493,370400.718032,342859.455959,76746.9683766,611111.111111
1181818.18182,15511.1633373,262565.465128,360682.671304,278571.428571,153166.531839,625517.717441
1175000.0,13807.5313808,339297.808894,439992.667102,415929.20354,63970.6954032,719362.15958
1200000.0,13458.4013051,264475.390286,259042.022353,205288.210367,32746.3675924,340646.867155
1200000.0,13395.5754009,270156.48303,321730.323889,248588.452263,47397.2250771,580228.225431
1132530.12048,13279.6780684,288956.412214,429522.456416,478260.869565,160896.845499,647058.823529
1200000.0,13163.6682756,296736.765319,338944.268904,246268.656716,39777.7866115,601376.146789
1200000.0,13513.5135135,283322.802506,389694.954727,334179.357022,144817.409665,634615.384615
1178571.42857,13381.9951338,245421.755842,305675.600174,253359.858532,51075.3551796,540983.606557
1176470.58824,13376.5707337,247166.293225,336548.410188,318074.136009,52288.0783519,570202.398801
1118644.0678,13538.4615385,252327.03557,341825.855771,292035.39823,68076.8153817,589285.714286
1118644.0678,13447.4327628,251047.137175,330508.77078,302061.078296,53183.0204336,568965.517241
1189873.41772,13530.1353014,304620.551692,395889.503935,340206.185567,77691.2221083,644641.418211
1194444.44444,17950.3235233,314678.124481,518172.704931,496045.66973,271080.094439,796610.169492
1200000.0,13218.5059083,322067.156841,425554.740912,366003.674415,112589.965688,728971.962617
1178571.42857,13439.2180819,243078.215847,292338.233837,247655.655994,44959.1905677,511627.906977
1031250.0,13215.8590308,222830.706184,261084.481237,225255.972696,53473.9337052,344199.934555
814814.814815,13414.6341463,248126.990057,334202.497092,302758.664226,68296.7799189,589285.714286
985074.626866,13261.0006028,244274.38587,309938.661219,276730.775992,55980.7256236,555796.895029
1080459.77011,13311.819282,246621.652287,311238.725843,240950.776717,75613.4484567,492537.313433
1178571.42857,13205.2821128,277753.048011,348118.530772,257619.121287,66216.7032043,600000.0
1157894.73684,13764.3378519,266061.338962,336757.045888,250475.285171,62339.9920273,589285.714286
1114285.71429,13295.7292506,289025.162328,372803.960654,308259.568072,78051.0247237,622641.509434
1178571.42857,13845.1856514,297924.383998,471371.325668,485986.024845,233013.202082,722222.222222
1178571.42857,13466.6394613,313319.261036,357247.93601,250950.570342,46321.2634823,606906.218145
1178571.42857,12175.3246753,245062.537174,274977.876384,228952.8348,35958.4675849,408376.963351
1137931.03448,13237.0637786,235532.375807,341611.761978,325927.912988,108778.966132,565318.302387
891891.891892,13395.5754009,238925.540081,369274.786351,362637.362637,140650.093,600000.0
1157894.73684,13205.2821128,221002.556721,292704.594355,308411.214953,53900.8644272,371310.226624
1178571.42857,13210.5684548,239431.560753,336339.578114,330000.0,85141.4209248,573913.043478
956521.73913,13897.6626658,224195.562898,308479.090636,314285.714286,66182.3116642,516640.009843
1064516.12903,13452.9147982,248742.097727,329022.865546,319629.45591,56491.3163897,578947.368421
1031250.0,13268.9987937,247875.595238,296944.68133,241323.529412,42159.6839923,545454.545455
1118644.0678,13210.5684548,235200.994891,339582.246125,307146.783947,154115.744069,545454.545455
1118644.0678,13349.5145631,227979.291481,329064.367767,294642.857143,151376.146789,473250.490517
955555.555556,18063.9184808,213125.190756,379440.556148,362790.697674,210519.301326,534246.575342
1175000.0,13255.6738301,241546.34242,314632.010023,277696.322284,86058.6373236,492966.203465
1114285.71429,13439.2180819,239543.534044,273200.249078,248588.452263,37693.3344286,430939.226519
1114285.71429,13231.7562149,242478.709865,320305.979202,313540.961408,41244.0539112,540983.606557
825000.0,13215.8590308,225899.41155,269842.466935,258318.014706,39628.6026451,389390.756303
846153.846154,13226.4529058,230629.974984,281679.41376,279666.038244,45857.9156502,481751.824818
1047619.04762,13327.9483037,274581.21911,350182.771229,330000.0,55530.7461805,589285.714286
904109.589041,12104.0952189,246485.694207,282722.666678,250003.587058,36646.6116434,439447.139939
1010752.68817,13997.8791092,281939.544519,400877.886181,411881.977671,144468.961619,650000.0
1157894.73684,13368.4423739,240198.36058,268501.611601,219634.551495,36414.7929669,492537.313433
1054054.05405,13117.621338,247443.512255,255959.958328,204334.365325,32823.756978,464788.732394
1100000.0,13862.6339004,238470.570058,294571.081503,251429.483644,50779.2713813,481751.824818
1157894.73684,13571.8692165,254901.185276,323928.647802,250950.570342,94178.8340106,546590.909091
1157894.73684,13338.7227162,277982.937605,382614.651302,357726.204465,71158.4919348,622641.509434
1157894.73684,13513.5135135,263152.977052,328973.573812,264038.021475,47783.5953502,594594.594595
1200000.0,13483.1460674,265929.220191,284121.153017,236136.71275,36353.8278279,383720.930233
1200000.0,13229.1040289,259403.869325,279513.68332,230769.230769,35427.4925458,487104.916594
1015384.61538,12096.7741935,219562.410169,268176.756778,245353.159851,40559.2973772,403681.120145
970588.235294,13452.9147982,237370.392368,321664.300667,305555.555556,66717.222784,546590.909091
1157894.73684,13311.819282,229040.747283,297796.183526,297969.915617,56676.7165921,500954.198473
1200000.0,13401.0152284,220910.021476,278930.075406,271048.370775,52243.6781609,398192.771084
928571.428571,13636.3636364,227619.754468,315502.009648,298642.533937,97489.5579534,524857.142857
956521.73913,13608.2474227,256340.637286,360524.760817,335025.380711,89308.2327509,614173.228346
1064516.12903,13261.0006028,242839.251762,297011.812299,274438.950171,48106.859125,528000.0
1047619.04762,13605.4421769,233797.190286,284700.921278,249535.435547,36248.8988389,503816.793893
1200000.0,13436.4820847,241026.087404,342318.348288,325927.912988,140427.430952,550000.0
1098591.5493,12300.1230012,227937.133476,330399.264792,297503.610481,155304.339241,482637.398025
1189873.41772,14307.3921526,297863.902442,479893.7648,491643.616814,230324.42793,723909.657321
1200000.0,13477.639371,270221.770512,351720.309977,337895.917033,67348.8206505,584070.79646
1146666.66667,13392.8571429,260094.778978,361745.13929,341087.548742,142944.490028,575171.624714
1105882.35294,13215.8590308,264694.97367,355639.571873,329912.280702,110137.729549,566940.174491
1157894.73684,13261.0006028,231520.663517,335305.946317,326732.673267,135107.895617,524857.142857
1200000.0,13373.8601824,247379.890728,362779.86698,326732.673267,154026.298631,509563.781478
1178571.42857,13245.0331126,236454.830602,318463.736021,295317.485978,131085.89265,481826.689126
1189873.41772,14196.6014197,276202.821719,349175.975625,338461.538462,53315.696013,537684.92603
1200000.0,13502.4549918,273496.293652,361895.543837,302061.078296,69687.7268956,611111.111111
1200000.0,13354.9170376,274270.951904,322574.140621,245353.159851,48574.1013874,575171.624714
985074.626866,13266.3316583,251638.361256,321858.728774,246268.656716,67971.3795804,600000.0
1157894.73684,13226.4529058,267521.376365,339018.823897,250000.0,59246.1034683,601376.146789
1157894.73684,13458.4013051,258948.134933,315231.289508,246268.656716,61841.43451,555796.895029
1157894.73684,12200.0813339,263890.564998,321995.020619,246268.656716,57293.7246309,605504.587156
1200000.0,14781.6349384,286989.038721,412657.327831,338795.986622,195788.465521,643107.989464
1116883.11688,12135.9223301,286542.807928,401193.410751,351103.565365,132075.843582,647058.823529
1164179.10448,13653.2892015,271505.145734,409828.065146,337198.51577,187864.856526,674667.258208
1200000.0,13200.0,243662.388183,371643.851729,330829.145729,187387.589928,575171.624714
1189873.41772,13242.3756019,257821.430165,372126.197259,324630.541872,172667.373832,555064.130916
1200000.0,12636.8997473,229448.200811,319824.422862,308411.214953,133603.238866,481751.824818
985074.626866,13327.9483037,226219.60141,299354.252415,302061.078296,66320.3001748,473136.645963
1178571.42857,13333.3333333,283342.190363,437116.464775,417475.728155,197587.788674,713730.120147
1093023.25581,13658.9403974,292583.02694,454335.114992,451923.076923,201070.207239,709677.419355
1189873.41772,13298.4082208,294806.998442,447168.149773,446995.073892,154045.625924,704918.032787
942857.142857,13261.0006028,247904.699525,339335.955446,325927.912988,69903.5111533,564381.270903
1137931.03448,14009.7643812,250169.635131,377844.382451,337598.11617,179221.573156,594594.594595
1100000.0,13283.1525349,253192.925612,329856.491034,296176.390403,50345.4297257,577756.21118
1194444.44444,14470.5108529,259577.357867,394537.686696,330000.0,181281.428819,630082.417582
1200000.0,14379.0849673,247585.222367,407067.198312,360655.737705,202436.227012,611111.111111
1130434.78261,12000.0,253794.793523,312814.363015,280338.431039,76535.2234668,496240.601504
1181818.18182,13333.3333333,226449.782324,342254.87648,318840.57971,149016.846675,495357.183548
1200000.0,13242.3756019,233322.709647,318821.128726,309859.15493,107975.514265,485294.117647
1118644.0678,14114.6278871,227495.84716,328946.193524,321958.88064,105854.253612,551155.462185
1100000.0,13293.0513595,236838.621157,339365.8934,330829.145729,101952.995697,573913.043478
1100000.0,13627.9165806,244470.948406,369555.312626,358706.247231,130153.141069,611111.111111
1200000.0,13009.5403296,297406.583485,406074.64668,371996.12924,87605.0549994,663145.539906
1176470.58824,12000.0,169723.796861,122680.25458,56179.7752809,27589.3879266,141011.161307
1100000.0,13507.9819894,243558.238356,337627.705504,337598.11617,72289.1566265,570202.398801
1176470.58824,12417.218543,239371.358878,261744.060709,179594.828735,41819.8489089,422807.241203
1200000.0,13483.1460674,252601.396585,358719.45524,338461.538462,124215.952929,600000.0
1015384.61538,13336.0274803,227891.10864,316967.872062,302752.293578,99065.2804382,524857.142857
1031250.0,13213.2132132,234510.763884,327054.830676,309859.15493,96084.9186656,555796.895029
1200000.0,13309.1349062,251432.681762,374611.017809,358706.247231,104672.545197,611111.111111
1200000.0,14227.2041388,248217.820364,374731.848192,360655.737705,131159.27718,600000.0
1178571.42857,13406.4594759,246884.696712,321038.711252,301369.863014,61314.5532687,568965.517241
1137931.03448,13218.5059083,238408.351674,322378.063944,312058.481624,73288.2738762,551155.462185
1178571.42857,13346.8149646,241829.554936,322714.867891,300000.0,76481.0477925,560517.166449
1000000.0,13319.8789102,237595.906345,351028.243948,330000.0,123464.083176,589285.714286
1200000.0,13721.4137214,251714.169912,354981.405192,330829.145729,89903.8461538,584070.79646
1146341.46341,13608.2474227,319877.999209,462534.739883,417626.752967,172834.254144,783928.571429
1175000.0,13333.3333333,305260.701458,503838.099128,477709.114986,225566.721864,798312.327973
1175000.0,14728.8551663,301799.662208,498572.371244,469756.838906,276654.697617,752000.0
1064516.12903,13325.2574197,232248.806223,264817.520727,229169.429608,41218.6651086,437144.381223
1021739.13043,13790.2214793,259593.80629,346771.217982,335034.013605,73764.4643524,554676.063974
1200000.0,13373.8601824,231624.807297,267044.017346,221854.379463,46041.3089253,475680.325305
1000000.0,13384.708984,217385.288849,251547.006063,221476.510067,46202.3270847,354838.709677
